api2_id
5340
17789
42786
96419
60128
67592
79493
99003
4618
14762
79257
91923
95615
66312
19021
36459
94310
89633
76751
80037
74220
86737
96900
2445
71528
53448
32694
72686
92778
55726
955
77477
30009
74441
41240
92583
96952
30823
5893
4253
95190
29211
97905
83862
14270
98686
71215
13677
59006
11924
54361
37306
69991
47535
84855
66738
10198
99833
54320
29062
40283
7639
37071
9051
47868
59819
98033
4920
10309
28081
7524
15788
28093
15402
35013
97273
18094
39695
32868
49840
21190
49565
6733
95847
25150
30905
22147
59716
70120
31832
55129
63921
19461
15532
71094
17053
17346
45188
35089
96047
64077
83368
90482
799
75975
15930
3421
14678
13544
24613
6695
21473
30517
90333
57414
23225
18558
77907
51028
92642
32554
75996
21821
42426
24075
13597
47610
19669
55847
64125
85481
5691
51428
71303
76550
94613
82886
93586
14175
1759
60178
30744
82977
57053
89578
95220
26782
31763
78544
32449
81758
74867
39532
72904
83538
59196
19829
80082
91782
51296
16558
44018
87195
29210
65950
68108
78175
90244
37244
66389
5214
46465
14883
21084
75895
66228
79832
41657
73103
63005
30493
50063
89867
6425
19476
9763
10943
65219
26130
39917
59293
63544
49632
43446
89528
25313
20106
52275
77053
54318
87864
59303
58375
12709
65775
55564
415
11794
62448
33744
89312
50633
2582
99448
7709
38741
51716
52494
44224
62658
32404
17241
28889
50142
76587
75160
32593
66266
90944
95219
75594
70122
58949
72277
11369
73303
74611
71151
75353
83250
10065
43402
32245
82913
21795
16689
40533
36364
7996
29285
67026
83476
13995
14537
97380
29612
63328
16441
39656
56506
52384
41818
60936
33599
82835
2307
55920
59842
94546
69695
29523
63846
93697
82743
3362
49939
5683
70474
15523
9223
42236
15267
33156
37737
30051
68911
81748
66062
34905
3214
59715
59170
92438
16585
25860
79647
14796
93639
82148
43228
79843
13369
32918
24559
26449
86925
71715
96237
31911
61933
14071
90313
27414
6792
38452
36113
90223
83133
16994
69546
30132
11291
95387
97795
21980
72791
18967
18120
71844
68968
47957
29128
59434
81793
90432
68833
33027
23956
54218
77444
43422
71996
9208
17772
52569
15953
6497
73485
77426
68764
4357
87389
95845
54092
95621
12831
14493
43469
18941
72814
24641
43775
73824
29401
45468
89541
60700
30888
14238
30184
96201
8859
84388
4478
30342
57043
70307
48995
62285
36808
21070
35535
45112
32785
68498
2311
7017
65049
2131
30323
95650
78479
86536
88917
65876
359
18992
49806
98646
67027
22830
91081
48025
71812
62922
24523
38954
42592
52818
58730
48687
49024
80124
63313
90595
52417
71693
12237
28758
39160
70186
76256
82763
47554
96586
98832
63853
73973
84799
39328
50214
99406
64919
76175
41407
92958
87766
29628
12135
77339
95959
5625
69727
37245
72912
35857
36993
20798
23856
28840
64904
70236
25965
73464
29139
78631
19208
81983
50023
87520
86495
55308
30474
7705
15277
72353
9763
70088
4796
86806
41363
60849
3102
50001
93710
36495
25144
24773
8283
57834
34723
36631
10780
76801
3935
57069
80953
11291
89972
29987
71974
54031
22572
97015
67772
87707
82969
34690
48621
16384
13692
16857
23756
19238
88709
19565
11783
92254
19300
82695
13738
18413
12591
79057
27275
18220
40725
84768
19885
47749
47801
27453
5734
45062
35874
23746
64454
25033
92677
60268
39392
40176
15038
21624
24026
88586
80659
3885
60135
42665
93191
79151
30610
53552
3106
46476
53162
56310
89237
23451
27384
69929
26274
36560
81229
36826
38103
14605
12375
90846
61902
79554
98969
51493
64753
46530
30899
7106
35574
9455
24979
68856
64359
36916
26948
86265
29346
209
43263
32768
97341
83695
85903
45834
62810
82292
10684
83744
42370
69237
33999
32589
9183
90611
88816
37865
32368
13038
36559
70638
22308
71805
32318
96004
31024
4871
68876
60549
77655
20252
14881
78505
64864
1048
24334
8752
16835
82666
60972
12067
93100
53679
53533
25876
52929
36017
5641
29530
549
66199
18927
94820
1572
9609
15886
29468
48467
63790
37923
28247
13258
28190
29680
25578
14932
70901
22809
65977
7052
11007
73103
49718
66154
15356
27769
29517
98598
95832
62262
87725
79514
17508
64477
18730
48496
98193
43077
58183
28399
36024
82512
15261
82772
5872
71744
9354
66512
18855
16193
22057
67884
66699
46509
49034
42447
94646
77034
38616
71964
22763
20722
91721
98642
92208
60834
55664
95387
14475
46929
51013
90733
97780
91839
53812
11095
55242
93808
3819
9421
47235
30390
82792
30145
63540
72011
89336
72135
37962
64503
71292
49084
62795
31355
12215
17913
85903
24938
74225
71235
36850
62754
23066
69249
81278
6639
89347
31479
50286
19758
18405
90663
52822
91566
4370
24082
2791
82274
43564
84006
22473
99554
1187
67076
73339
4802
27652
85937
69480
23530
51521
30348
1872
83396
45273
2891
52698
1246
61904
77840
70089
86569
21403
44496
39564
26821
76309
33768
66366
40476
75484
7033
86274
56502
88254
68597
88231
74559
69457
20834
2412
94254
10208
62924
10739
40557
94557
27101
44703
78349
10253
94293
59028
11778
93972
57718
54293
75116
64345
23086
7181
95602
94858
42139
24506
86561
28292
84043
14342
98349
23535
40679
57310
81834
68942
85847
2640
13567
95677
73772
72024
18504
93381
51925
36356
6462
37802
48222
76459
18357
16255
43542
20148
24585
79336
31503
44514
85463
44288
95586
73882
78648
81323
56469
35053
41544
28293
89637
96384
65849
4226
56606
84742
44586
69264
16257
91431
49777
29860
34083
16453
29406
37149
49735
58444
56467
15687
17231
41211
20359
64691
28684
37490
81540
40955
32873
54272
63887
68866
87400
47207
63307
64656
67037
41439
84037
31326
62938
64757
97666
92295
98629
20938
90410
34914
64542
82240
41909
17144
11062
25202
35103
12484
77711
12150
23891
41915
17980
12593
59843
20328
68377
75663
92727
65184
90583
30213
37443
57058
85872
78199
39628
91368
32591
31003
92140
58241
44808
93894
43013
17549
4752
37680
44757
6586
14569
58136
69796
87828
96197
46590
61708
4516
79194
10742
72686
49041
37570
46189
64006
52089
36643
96711
5955
97944
60741
65830
34200
12579
93381
25778
20319
68510
96677
97549
7640
8225
12626
18738
27669
39946
45161
72590
1031
97710
80917
3222
39668
12712
93094
79380
47728
3532
24641
50416
64881
10954
70939
47239
46050
59647