api2_id
68474
42505
13472
7804
57319
69759
55908
57302
79020
68762
7927
5821
90851
97116
40135
5321
64150
18416
88706
21358
91935
78977
438
82448
1521
68957
52808
4642
42720
27341
45137
4109
42421
25677
97242
31497
91316
82425
53388
55117
18463
33863
79621
53750
77959
48046
31219
13212
60579
74448
25046
92111
39443
82088
78406
23563
75179
16447
37701
59919
16678
16694
45654
86810
32423
42010
50957
17653
84779
51936
46124
89351
15732
19862
95731
19075
55344
39509
46925
17631
65020
71748
72414
11164
44628
69069
97138
99000
92737
99253
79101
22495
79815
12143
56622
74096
8054
34930
77136
58741
75575
15457
28474
39991
49155
35746
32171
71643
99449
58864
70532
92488
79746
43139
91667
99170
39599
98895
10683
23033
41162
58159
74603
75349
85786
36250
97780
80949
55961
41570
14731
70073
51686
62230
60487
47204
68740
24388
94239
52029
70945
42675
93492
48155
91921
40675
17487
89788
91080
76282
76345
50713
65800
67211
55577
18074
53557
40249
18545
21134
45712
46005
64541
18422
76055
60747
89412
6688
27672
19191
58510
44104
28793
78507
31189
32968
58490
21887
47040
65393
86904
9174
5498
3308
17904
69014
73845
97126
51592
93517
40320
18993
48946
91164
95194
40458
30077
17714
84795
92500
35971
78347
7221
62614
58992
42306
80750
7876
90027
65314
72818
59633
53015
6565
98106
60038
34781
80687
75035
70864
80413
13775
54712
33676
49615
65057
66740
66503
96385
26391
59786
95198
85666
70855
40260
67032
72365
34052
6952
38527
87831
21650
96077
77535
34237
46467
80970
58596
94982
82906
54072
39675
55983
85918
95022
1535
36543
72075
4404
28913
84997
63808
77594
48010
11144
77612
13365
7400
18573
65727
10602
44729
75959
38910
86265
71345
62932
49510
83107
47858
66596
52200
80508
7441
97272
52062
90988
46184
43306
10007
37057
24177
23185
22488
66958
26859
94169
57174
81181
1567
9897
52948
79559
76788
59477
41967
8546
86421
43771
92038
77667
58740
86595
91735
65939
63442
2431
69363
73205
80283
93301
63633
37361
58669
59949
28750
90493
32542
32631
78948
54131
49213
15336
46013
27249
86186
60888
19081
83629
56082
81315
95404
6897
44997
26963
30367
12721
51155
30048
29292
41367
26814
78242
60587
19011
55353
9758
16155
70186
12007
15025
95712
91259
84326
27211
61454
65566
6048
17455
77001
39045
92138
96997
85275
9807
80773
11085
56989
26108
42687
75206
63861
5183
82272
29738
17553
20483
44075
8317
94919
81248
92873
77357
80641
29031
24833
62042
95767
33233
79221
38153
60134
33658
97249
55473
34969
75373
61922
95204
12227
12752
64589
38169
74391
74922
95839
15923
73859
11182
64301
75424
2556
37309
76608
24744
77809
10552
48683
58517
15433
79529
9173
9816
85684
53065
87754
26908
45466
82132
99295
97520
20937
52389
53674
29356
82302
78565
64035
65180
79146
21410
9631
16070
63085
8352
30336
24821
58139
80888
5959
92488
1259
42663
33720
80232
16690
39533
18311
71975
40992
52019
30174
34523
23997
10406
99156
65518
70663
51438
4607
32875
76071
89261
12297
21890
16902
29847
64148
66004
45715
45738
81195
57577
99671
73083
95412
34283
19263
36355
88804
16989
83140
19227
12465
38594
27857
19419
36688
37755
83094
36630
85252
62796
75493
99499
37074
51457
92146
17233
13270
47932
35533
71865
606
51420
77198
35524
8358
18774
14733
75945
51154
5007
75326
65368
71425
84793
67136
50580
36418
92887
90611
52554
38667
97387
96322
11565
5038
2322
42189
67544
93172
84945
12053
68522
3966
94105
93202
14394
43346
7117
18151
59308
35959
91347
17171
26819
29378
76279
12586
67935
83417
68826
37694
74108
22755
4849
83425
29739
92941
89080
96809
41093
52710
69098
92365
92479
55786
62870
89638
62763
37571
31038
11060
40483
49124
25018
96643
221
88064
5277
24633
75564
63032
14860
76777
4863
49756
54601
63076
84083
61974
30467
82818
93674
29123
48339
13151
67457
37039
92158
64361
65426
81352
55434
5572
3455
96908
18469
93592
88786
40759
75978
9969
60324
32862
12007
85174
56399
28090
24688
50032
68718
478
76799
23082
98506
26197
12375
19068
25608
6745
66006
51838
9078
85749
95106
42207
70903
50823
65743
24861
43904
17827
35944
28330
15511
31167
84822
54367
18045
96053
43033
7819
86025
28074
62760
68774
24458
58459
92396
89760
22791
84059
37489
88546
52417
29700
14581
85470
63504
38913
65619
37149
61843
80212
61311
75818
52719
15378
84187
92354
5662
95943
32202
19023
53160
21702
48266
56458
37642
3796
62637
8803
99869
51750
37415
64755
92992
84087
64541
11382
51901
94685
30333
30823
20898
40353
67460
8821
79527
90391
89645
25960
95547
55272
21000
46382
35881
60711
49184
36840
16859
38340
56114
98989
48060
82879
93978
37890
85996
73800
24253
37495
72958
44438
88659
81488
61544
99516
23808
79549
76979
41005
30450
53018
60851
7198
11703
42358
80775
47595
68469
41089
14594
40714
18843
44304
11618
38964
25610
39498
78494
7216
41458
4959
27518
49528
651
91193
9569
62877
14647
28259
95321
29922
50916
58454
70553
77079
85085
69040
6010
50966
89900
59064
53895
71903
73263
46854
52776
7151
47678
66506
71933
76989
3759
84711
90077
62705
3280
46026
28265
68543
63229
27678
86411
1892
89613
74273
54915
40169
79993
35108
19309
69365
75292
3569
53771
94278
54988
30157
87866
74542
37886
12112
6306
1452
47268
51492
43223
5678
73552
95305
57201
4941
49723
16670
30912
731
72824
65104
60651
4235
89933
77436
56070
62448
66346
82448
43870
46835
87437
91225
44245
68728
2933
69273
9425
62287
26246
48820
13064
28819
80252
48105
17826
41750
7747
76102
63285
77115
96413
2035
42054
31422
55156
8917
75680
83994
39991
66557
96272
67065
17224
25994
83687
40693
80181
40327
71508
56949
92743
64167
35287
56355
76167
30444
58821
54819
54090
69645
35185
91478
59919
56627
54104
82987
94850
30645
20902
77586
35896
97683
32052
6273
81017
20894
3460
17118
47214
74774
64771
98899
52768
25
74990
19440
15660
94815
24792
56434
18045
62444
63160
98257
35380
18077
18525
67947
831
178
32932
34673
47783
83112
45477
54468
1021
89672
55634
67617
53789
1373
96776
98167
64206
46247
47562
91299
57263
74615
87899
52345
20286
21991
27341
43835
58843
79268
64848
814
25126
73176
81437
20990
50292
49549
92791
29232
46485
94815
94880
61482
66891
19169
1214
55283
95751
9171
82533
46240
24759
12249
13090
18827
45411
75070
64374
61967
22477
26547
80877
71650
87557
42803
53807
53046
15484
31955
23249
49819
76713
7520
89945
56908
41652
45653
83946
24135
69121
67236
87553
34044
33270
8390
60516
88792
54624
3864
85716
93849
62879
60619
30739
17816
72717
80892
60731
73320
41671
31590
16210
73943
53141
1663
91779
72932
36979
82584
57707
22261
68951
85616
71546
24518
43909
74270
3460
90441
4272
25152
88044
87815
52013
46127
25637
62479
45413
95439
13716
98133
30640
91990
8592
44787
25480
14167
88452
10521
25733
11619
66537
76574
15793
51537
89810
34361
95772
11167
47843
38609
7726
48853
26620
60474
22367
93103
92321
15004
37565
3924
89362
89174
12821
30177
68758
14643
91376
24064
80099
93253
66178
13943
11916
85067
33699
80978
53216
35186
45519
57541
87593
3755
68724
8634
83388
33719
71525
1744
37442
95739
70340
18722
52952
90529
82561
89035
47952
27904
95502
55832
95835
25320
37870
34432
83672
23252
81052
32812
51239
1264
76707
17294
40945
56115
33121
88627
58282
47701
41917
10961
86858
94557
60939
55485
89958
30930
26938
47270
46238
99794
20510
12569
4983
78622
9351
27286
99811
66170
21620
19512
31737
23689
28297
98561
29701
77674
8590
29425
94776
42401
70518
49127
77058
86875
26732
99168
17221
84309
455
66761
54183
92582
79955
64377
37989
95709
75096
86327
87658
75562
72532
34758
41336
41311
74971
35623
45549
11646
53404
67794
70300
31472
99988
42642
41477
61443
23040
97569
42340
20715
9086
28681
43530
69825
77433
97137
51544
35691
57659
49330
99914
31555
23711
24755
84268
52366
33502
2437
32447
60364
11651
68007
56536
16575
92656
9225
18314
78738
17488
1359
86359
87422
35347
35452
10826
86242
81020
64521
82878
50428
16211
29100
62403
67805
5934
5278
53300
22968
26095
47248
5240
36400
76192
71257
35586
41814
94080
24580
40254
43923
30963
21054
51139
24726
21440
99907
23920
45003
47941
36586
4579
56427
10449
92562
93110
66048
57591
39754
63134
16266
38435
51382
49997
20841
55315
66508
87148
98283
23283
26215
27545
59430
27748
87736
48934
52525
52908
29080
16953
9148
8811
10614
38518
4429
37924
27248
26717
74081
23939
72143
44538
31571
3856
32278
31533
42506
2083
52661
77375
41805
70265
93588
59340
93036
93962
34745
91890
17463
57607
68348
23462
9856
45452
82180
92276
95336
353
11451
21132
62709
86254
87145
18169
30185
65680
58912
22152
74569
54391
27874
28906
54507
92643
89778
57361
37578
3798
45137
22594
27248
74585
23805
50994
96085
89910
75829
23997
45481
73499
51469
17416
31863
46087
36851
90899
71911
52841
59641
83716
38578
57210
85802
93737
52257
29064
31645
26448
26303
87702
23795
64204
24340
79641
22178
70780
58328
49441
25333
64996
99880
34086
78732
25807
35191
9979
68965
59109
16756
60748
80553
96495
50152
28363
88135
79519
15996
85660
12178
38445
3008
78044
48252
95882
62686
94235
68303
54435
75294
1911
71229
58522
27223
86256
67987
75451
81482
66350
77679
3310
54723
13508
78597
48924
12665
92773
12486
83281
14117
74755
93479
5070
59303
81738
64122
32488
88791
39025
47514
65927
20952
72702
5838
265
45382
80374
77034
79440
75160
95711
34823
23069
18600
90447
18294
3848
97344
76565
31614
68978
69966
35829
27506
53160
5445
96440
84725
49195
13088
99088
85115
66229
67673
11256
58565
2525
2643
944
28420
12538
3587
36390
78790
39629
99527
66683
82582
96001
89421
53869
99825
52913
45962
38817
42224
6399
57290
28720
3774
60785
70060
79549
87016
99575
2653
14561
63542
69531
48069
22918
23354
77074
11817
79910
90202
53440
19285
89651
55109
17859
69686
61687
86940
60626
67326
79237
84058
84175
36788
68979
4412
78959
15199
56757
28564
61394
14292
68007
79538
76806
6903
91796
66944
51508
33591
23001
38783
2880
5561
72376
47020
62821
46769
94624
95039
2135
52626
29542
84967
39259
4799
28505
10348
14528
27850
31397
13543
80365
64875
67498
54937
6345
38072
12171
44590
68168
6368
71864
7946
97034
9286
27629
73716
62577
90986
93135
78520
23182
11754
25275
23864
12994
71127
87569
4625
38010
38141
62272
4821
75107
58902
94044
7115
31622
86220
56626
71704
79193
33780
41904
44410
46147
59370
39645
69175
74929
27541
86550
11318
41006
44778
15963
24477
73659
65462
38212
2469
52800
31135
22835
58593
23985
42643
19538
18609
81565
99368
58370
93637
7312
29036
89996
9358
84355
49090
96930
10367
55168
96198
73508
98995
24348
29191
25679
18307
50241
87444
17044
1911
83040
99152
64169
42055
1922
66649
45822
27123
89659
42446
23879
15002
79001
55314
34612
76697
73594
76654
90329
15360
70876
70458
93700
67173
66638
37810
51051
37687
24023
81642
93551
58307
36470
30111
15936
74571
47346
15761
83500
43416
18398
20622
5017
51474
36704
69955
96379
26453
62425
88738
94778
11866
52085
21337
48205
47547
39178
87484
25701
43298
50006
89983
1901
55236
93106
26927
74339
41087
17744
69612
26955
96192
60626
39302
35096
84249
1555
42141
634
22142
56364
48477
75816
89731
1726
26294
4673
43917
97919
26285
12409
59668
40635
95625
91472
50042
9616
55850
6730
94582
99297
71599
98912
19243
15451
58239
19469
25649
64113
52771
58898
57576
75889
3770
40617
88859
3948
48725
8551
90368
3991
56624
23092
98339
980
70483
31239
77713
707
44391
72535
69768
15784
50973
20712
55459
85227
75158
96363
94268
30721
74248
48120
31279
26145
77546
36277
55662
75772
53570
24301
35776
68331
31811
36994
2613
94527
95595
35509
80851
52580
21610
43488
37370
92419
90600
46871
10110
67281
80559
36440
36970
77643
15040
70977
70979
41961
97944
96660
86711
25703
5998
48615
90739
55681
88198
59006
80278
59448
81005
42621
88900
26710
14903
60271
19922
25999
73272
95353
75490
72176
55180
62438
23180
78317
78016
93429
26074
20005
5613
76828
86613
98701
45182
66560
32030
79187
21425
37228
351
5387
86206
547
80992
97573
53610
1317
87037
64832
57518
83557
50506
82118
79081
32069
50415
90383
3914
71127
77273
91342
5755
91487
60387
5414
2308
73431
27943
89724
49989
43094
20698
72513
90174
61281
34808
13645
28824
35370
18061
14311
31752
69468
95359
3285
71148
15720
68117
8792
82161
71795
86608
68662
6289
15278
81567
38454
5615
51137
30840
72894
64444
2874
32697
3807
70690
35529
39459
23815
63723
38374
77913
85845
23540
87728
21301
54337
54739
54151
44309
65906
64360
16634
90037
82854
73108
26602
14445
90444
37882
66397
99695
57195
31103
90786
14753
43805
75786
26640
94719
42751
47258
32191
57562
82093
53798
20124
30148
60232
82188
44201
92206
64920
32060
65408
10283
48460
63188
93680
47322
73249
46875
82917
56118
95663
59563
74019
78057
49027
40261
94186
95717
31231
90581
29269
11840
51205
65250
1002
57248
5696
47924
43372
84886
1850
72260
37650
56024
69185
333
4182
17792
46892
5073
61761
36088
7498
26546
51401
61315
49068
57759
38008
54029
46696
17298
3366
91490
85750
7100
74350
50705
70914
29461
71814
88424
92600
56485
60825
98744
78629
60756
12414
2263
44880
67593
84571
34273
25597
15221
79542
51569
72602
94039
91581
51546
5160
54489
14168
7363
71710
12309
60765
31044
70942
59193
44288
54906
93282
39119
29271
47701
33877
94
75515
45360
20382
1710
87335
94379
25722
82981
20277
48874
62695
394
53683
36562
44063
79981
87225
94494
78244
85380
88080
6626
94763
92189
63187
71836
60634
24438
2549
51604
79323
117
80007
15640
9622
59483
66286
38316
62547
8949
12211
97948
42554
93830
84892
82528
98261
19314
30015
1734
43767
26580
98674
71838
75074
1647
43221
28586
22158
156
44011
21067
27475
39370
65193
32558
66676
3987
10483
64336
60542
40053
19868
56899
99926
65497
43975
17172
66086
56239
31082
93756
86545
7489
77026
95881
43017
89907
65752
68315
46041
27285
42564
58888
50910
24672
21733
71185
9096
45772
72675
63301
30397
19809
22768
853
90506
60414
93657
72489
54214
74630
27644
26357
71496
9811
76760
37363
86906
54540
60638
86441
49020
4803
26546
45026
75273
83674
81373
12511
7440
82548
14738
86022
81178
42410
93225
46893
22837
57986
96066
14755
12307
17269
2950
51441
78358
23143
79771
64271
16340
2903
49859
28968
84236
79189
29309
98371
40740
57479
11144
43910
64284
77064
81225
49638
34002
61468
890
36862
80675
23557
66071
51951
83191
95482
29714
80814
75489
51023
11507
57012
79397
62991
4383
29590
98149
19574
52875
32855
29525
45681
70956
46613
4777
59552
69126
4750
64388
89559
8102
92030
9731
47057
44810
49026
97207
96469
69683
76681
70084
94492
40937
28168
14753
65091
40937
97646
87159
42791
75376
27187
79750
37388
75792
1002
6358
39894
15351
68649
84861
53553
34804
94257
1018
3975
76679
30029
54407
34993
31417
81699
74365
91959
83748
19919
86946
25506
58153
46808
71568
25973
85481
11547
63830
77427
68795
89422
73432
17523
51477
53067
95362
53038
59712
48187
18776
53981
27551
53504
64462
95781
27166
44349
2820
88108
9841
3270
71486
66010
62433
49476
56625
3905
97971
75402
63839
84394
73356
57224
17159
59253
44370
10042
85711
70750
46900
97237
83266
27451
31647
21100
80070
4667
21522
98511
21250
22739
12738
94325
77890
56565
3436
2219
90351
15512
37283
44704
37354
29389
31775
41136
29277
43011
72627
99192
56952
32061
67954
59443
19989
93367
96437
5881
53342
36386
48072
11930
89746
78249
69795
37998
47608
26267
25829
31267
24521
99466
34249
47540
20252
26828
67394
3087
35990
48371
45514
11038
39209
67620
90664
14541
87079
68546
16701
99640
10814
32681
11312
48817
28425
58134
11584
46252
63479
4098
86931
78310
25075
10148
61338
3753
62036
74164
59145
85446
37378
62783
72524
85615
53137
94315
33043
57334
89275
29350
25383
13364
87169
47568
86249
16796
55422
48378
73713
78779
52026
73684
77453
52052
30664
61507
12925
87334
56486
87596
27829
7577
67612
80030
63843
81824
94325
93431
82963
18073
73375
36668
52067
10401
22840
62198
67573
37995
31201
1639
57386
17109
62718
15766
31007
51920
36915
79979
48244
4621
65072
71059
13538
78268
54891
28176
18237
94082
70677
61334
53567
50843
1610
54509
79115
33688
28174
67178
85787
54708
78655
16329
76899
61686
78619
32452
15236
7011
33309
6112
3224
17233
76617
14578
63498
62664
8238
71796
73681
8043
82897
81488
96837
65457
37244
61924
86526
60378
4174
20722
59982
38877
6903
87320
20050
17625
77110
57059
96110
95495
47279
40712
44130
85022
49539
48775
11405
74555
46415
4999
83829
50390
54288
52179
77303
26196
88252
38528
28579
58542
83912
37852
48308
82073
84964
96145
3185
7344
52364
30251
34015
95835
71594
28100
37314
97639
16080
30664
28084
16258
68209
82342
56918
40376
85149
66223
91999
22599
17283
40196
46824
91583
20010
16806
39050
8496
49947
92719
20780
26588
26261
70747
10493
38603
64880
76122
42634
33992
46524
58747
29636
8197
69644
71091
47130
3455
35943
3489
25053
49695
60876
14077
47697
29964
10389
92736
13638
67085
71990
11709
60761
91237
15769
31061
79363
89177
3114
47682
26547
82166
23240
74935
37144
56354
75054
29281
51854
49064
80094
82662
56825
62263
89026
13279
95977
55711
9945
89128
17732
3693
61808
71170
86131
4209
78810
91596
80324
81323
95241
18394
6606
41920
50132
10434
44810
76147
25498
86556
6914
7275
61920
7159
922
96224
11800
32576
77769
48487
67476
81799
64789
8577
51707
11929
15348
18000
62388
90481
1814
70823
24171
6945
38769
77056
92628
59658
50576
86949
7044
50870
22967
22425
35466
23644
66693
37216
91701
55689
25463
57639
18628
847
52851
51616
83811
12942
55870
37195
67610
29031
62571
17214
46574
20029
17609
53545
9551
18377
76571
23553
86386
1120
86641
5469
48169
23770
36088
43218
60611
82401
46458
14484
19662
65031
42961
86755
81181
10348
75069
35531
24078
14098
78667
25405
89624
41943
24609
52577
92386
92754
39186
60387
87479
84869
65169
27273
40348
14686
67436
29483
9642
84667
88287
89355
21621
84837
39592
57982
65913
89209
11768
96540
75044
87519
31221
27056
59697
77216
90753
10750
52678
38614
95179
42645
95307
38184
73147
2082
79333
62359
64163
21650
92385
70288
42498
94000
76298
97336
95075
82915
98747
84093
9466
85249
4628
75844
31888
16615
48356
77836
74775
19087
39984
44056
23618
25776
58513
54481
14935
30813
73828
91787
90533
21320
65883
9835
74368
8660
68600
89419
80284
64549
35091
62595
89502
76348
59083
21219
13501
83953
34651
46372
38974
81003
64490
17760
33336
80969
66689
81673
76837
745
58701
81864
71257
58427
6426
17371
26566
73794
51809
93865
55203
84656
89529
80718
20507
69354
37431
51839
65057
27712
28157
18910
7643
41312
85868
79473
79139
38876
26014
41881
73141
66051
47404
55435
85671
63629
21245
91615
99384
30594
88205
19070
93013
40268
19649
65575
50564
8105
89492
72102
4851
90883
89731
74268
59938
47653
76542
20595
27260
52103
97624
13112
72211
89034
85060
41962
77369
16065
94724
99494
77182
22913
38766
54829
72372
9935
34866
58755
29247
58366
44810
6274
30456
61517
86567
69628
47592
95988
10684
28362
66305
59673
16858
31071
42364
35966
48039
86507
17916
8637
97890
88370
87475
84076
59887
73717
86211
59191
95570
72844
56921
10543
33737
60326
2826
58313
7198
28884
88692
87766
57446
20405
82150
12642
22513
36313
50161
94708
69797
15211
73046
65499
16772
5653
52288
72661
60382
13737
50925
79255
94513
26052
15884
81594
43872
94238
74144
91154
3499
49720
6182
43063
87611
82969
53775
22190
65377
39870
97762
6817
82854
16059
23803
14229
76834
90201
87645
29738
79140
8445
32185
5408
20063
63444
73267
95122
23866
30207
76483
211
4510
17028
91525
76920
7737
64319
28
42099
77439
32927
79172
77709
32617
10988
90821
81874
32049
27776
79107
46295
57977
51664
89706
79097
27174
54503
90061
19284
33934
96907
35014
5079
97511
49824
38087
36224
52916
27073
1931
71764
73102
47903
70965
95754
57600
52906
46239
44363
99381
23286
3653
79268
55908
24448
89992
7878
79614
12053
81952
12468
1781
42147
41277
42250
65554
66092
44129
24682
51989
25334
56333
88897
70197
21737
91224
5370
57423
5362
86451
76248
6564
49763
60988
40721
25499
31429
21869
36943
686
65039
70404
18471
25362
42631
63766
5334
11179
35627
8306
52019
28433
57333
65335
89402
38643
49095
86598
2443
27845
54517
8395
53579
73715
20263
33567
40184
98970
81805
25324
48945
17800
10389
38056
61473
11344
74923
31128
95107
10155
19813
73766
90927
90438
53455
53839
78091
97578
57613
72103
28723
19073
6117
77605
60268
66909
41473
62412
94038
14827
98079
9621
9570
57503
86805
59935
98450
33490
69760
93195
60826
72377
32344
87298
73384
74948
23268
95565
51706
24579
98964
40256
83561
19207
25262
90097
37427
91474
76841
51090
38987
14988
81866
82039
85527
73004
72753
72115
11560
99497
84410
28837
35170
64398
10961
82313
34287
89516
12360
7382
71238
31881
10063
84731
23460
90189
55521
47368
94425
66753
77303
58834
20794
78914
49928
20565
27273
10369
23196
2281
99891
29727
22045
62816
28822
76691
51537
48053
39438
13487
13398
67946
38913
27273
62939
87298
47329
58567
65796
96839
58472
71258
84502
32609
6946
78759
78465
34076
17801
71625
53676
77760
77277
31829
67448
59466
43722
24050
14361
32857
39614
99183
36156
21743
57760
38341
49383
9576
97526
4832
93690
22208
33687
49713
94252
3073
2945
95765
51846
79887
81746
1374
27803
57558
44196
96573
81515
8247
15099
60831
55132
40685
35568
41092
86968
84485
58487
80739
18366
57351
87132
40899
96237
50581
46727
79399
82578
74741
84261
19436
73351
7829
68574
18383
66217
95397
28027
46153
95650
55827
27765
55265
50961
51722
37020
11158
31721
55382
36513
79276
50021
42930
25653
59787
41182
27536
26351
73448
73023
62299
14299
71656
47596
19487
60169
83888
53126
63328
16501
22023
90423
22694
65418
77453
65776
59438
12261
94295
13115
98697
90751
55778
30979
89308
60402
34657
82118
99261
38903
9040
27341
87745
7325
25194
92728
34195
84773
68942
13625
4527
32521
51290
68918
93456
50628
9941
13751
37944
49844
27508
89276
16803
80095
85322
12449
58918
94105
57208
41142
49002
9106
42432
83267
96089
31127
47687
58956
21348
18747
14881
98557
58021
70964
52108
21948
97142
74732
29372
36201
31592
58075
57513
97358
66101
41573
65114
96355
29148
80493
82318
19719
42439
63211
6787
63806
96483
23003
77601
71440
80277
58739
51155
14441
92874
99903
89004
33079
57135
30562
66676
11143
70065
25669
92101
8382
49592
75989
61728
38257
74214
59099
89214
37287
61663
10375
72958
41843
24032
89700
67458
45302
2634
31495
32013
21747
67043
36848
84834
89036
79011
3004
92364
96091
7910
43806
17352
52946
62836
5083
45860
79074
58342
75129
8663
18823
6219
340
24284
58510
57109
11023
63749
86497
34737
89988
74958
62925
44711
92259
9315
40609
85078
55657
26727
14259
90640
44064
62417
35502
43512
9765
78505
47959
79958
50244
48786
13571
78651
60342
95118
61926
30587
72042
98895
33187
73282
51293
24688
22056
82203
62811
9074
45118
57959
65610
79839
96618
81485
76725
59165
31135
7730
39504
26471
58773
2815
92761
76329
61589
89735
74151
4379
55
23208
49773
40522
65220
80508
65977
1865
8840
8458
1618
46683
4122
90769
37016
23988
20708
17934
58034
65759
53667
27304
68864
45431
78164
47189
34633
35204
72392
77920
21268
16367
26717
46220
3928
53685
16166
69254
66886
17743
50739
32775
17332
46440
79776
83999
2784
22029
22344
68652
32843
71418
44344
16217
34426
60237
53513
35549
5309
73534
87223
83758
32671
90055
19155
89023
24701
4723
59693
5445
51603
52077
53271
64378
51938
3606
21863
22409
47483
56921
77119
15118
17049
48193
22819
89956
84993
27846
78168
70753
45233
48310
26809
30571
2126
10875
39423
76869
83634
69164
91901
3880
91308
76847
52469
7968
55921
37775
13464
20486
44876
22456
476
94700
90301
45150
53667
25391
62787
98139
85311
51928
72713
97087
15459
6250
72055
68178
97871
19007
59188
88693
6825
44439
91634
84136
85790
64101
59510
80490
46881
71355
60231
4787
1412
74464
86840
37025
20659
14669
4256
58399
8371
49078
47940
7231
97204
3344
15156
58373
43501
77685
61624
561
86925
20013
96356
57503
21823
24324
22625
15422
28827
27911
61300
51694
54305
72299
48462
11572
7312
51039
6918
34383
71779
74618
38713
71796
29903
69201
91156
99689
65197
98129
80658
28157
10330
46620
41540
93941
34086
2045
95791
88336
8145
91385
25890
84176
86585
91072
23319
23095
15143
40329
48941
54747
93493
30638
50288
25324
20225
76170
60584
67352
20377
85764
91010
55266
41420
59359
78010
91452
76586
58091
88874
52131
2742
7546
65559
15899
38358
80499
8446
41446
52864
81318
1249
94484
79400
52076
20377
1545
47419
52836
74181
25091
19485
95267
7235
49078
46542
59544
4126
88966
94366
60158
1681
56688
57200
36787
96981
90517
54018
77563
50819
37570
3944
16868
27033
7848
56716
79457
1850
86196
35676
92137
1015
11266
3473
31582
32287
51195
87026
57614
25
26232
78186
66029
93897
74384
67743
84407
33803
92012
78341
55442
17398
90563
85942
78920
56509
24475
14137
22305
17066
12673
82565
49963
2781
14476
71264
25966
51071
39541
95416
15467
73764
76087
55202
48828
84430
63111
86664
49597
85423
97157
61178
93382
78651
63764
80984
30908
35310
12708
289
51026
54744
99466
25538
78791
55617
34454
37956
87091
32303
21992
61867
57069
75845
63589
60751
87554
62914
6806
784
13485
83309
49511
46041
76401
47811
34413
47407
94149
20651
74524
90855
19813
56981
36890
28411
85625
72759
7290
24184
4492
36118
48977
4644
46129
1468
18057
4660
36724
4226
1847
63412
8061
7919
1177
2376
34555
67263
86535
15192
86055
36181
66836
11785
4245
81945
81940
23917
44467
65360
50081
32773
55403
5552
63142
31488
88942
95017
43106
6775
38684
91765
99751
74151
88336
11657
91203
77920
10168
36411
20966
44367
12668
35430
16826
47715
73292
50135
9098
21316
62360
9065
48048
89264
36363
71536
82887
7907
7337
40438
15812
20413
57428
2730
49648
70998
18625
3690
16652
22765
25066
88172
63517
11890
73641
24443
97239
34233
81841
59146
67994
47781
35196
47711
48915
53
91025
99080
19682
81645
23674
46350
65753
54925
61909
35387
61243
47795
43538
93745
48493
33359
42548
1834
36392
78083
43963
64239
48015
88999
19251
4933
31378
56167
18155
29380
19683
49867
20917
24300
29466
36439
64180
96521
70701
85679
48122
45778
87700
68085
69823
34085
22099
40687
89701
47258
86902
11976
84347
47931
34626
59676
48745
6691
21959
68002
6817
91289
31220
6423
33719
30638
21926
49332
15284
89709
43902
32568
46028
59152
49315
77187
96281
10005
72731
95708
42041
44563
18793
30692
44766
74434
2364
31623
750
51214
18381
87796
36828
46128
49927
85695
26791
92116
82813
14602
87565
78657
38253
50677
73324
30989
17455
16989
72337
97241
5855
55236
89063
24850
13713
38674
83927
38509
56217
26625
56676
90517
42411
26331
16896
6304
6378
18011
71023
66193
32393
27394
74269
10418
10707
81138
96961
36292
5775
80051
13565
46555
40387
48787
51318
41217
75819
79671
44612
24352
54497
9620
45
58579
34284
25757
73283
74885
38788
18272
75537
26678
73527
74352
55110
85510
72076
55758
39956
16072
32757
95755
58437
74426
3954
23154
92934
13811
47693
55199
78666
63538
12629
46672
37354
7022
37766
12694
92257
71991
33953
26733
53065
45408
99368
51580
40582
37774
58101
70200
18618
49227
57832
38333
96249
77321
83379
92491
53119
39184
60783
28393
14911
76731
55288
10260
15154
61664
16797
16921
97602
96404
47863
58954
87180
66513
79820
33813
49831
5460
80721
98259
52352
58466
84909
68645
196
80881
77319
64893
4913
99461
11798
74492
30911
8432
70415
19015
68280
60394
3073
42072
81445
31628
14447
23665
27758
11682
76347
69424
86344
61561
90924
35568
3517
33744
63318
93555
75309
19673
54131
33859
27933
30448
95851
5575
32231
97651
40754
97085
29282
99591
21928
78982
10793
82219
58038
67889
75889
45930
15215
43881
96697
14077
81092
45527
56746
31260
42583
31442
32996
74055
12103
48947
23101
81455
59098
14968
81387
81761
58435
32213
70198
98125
67708
94645
91687
16470
2019
60229
18870
21326
66193
39750
78908
46899
57788
21841
44749
50942
98901
40443
84076
66386
60857
5810
58304
97086
19752
35845
44982
11648
24400
76760
37361
41574
73248
60159
60032
54775
3388
53841
73611
31005
24671
99225
12061
88449
48892
12259
93366
68564
98158
51076
75770
50827
16014
39598
20165
69569
13664
82166
32953
12840
16196
57370
92299
14960
12588
40988
6733
62667
52502
79943
44604
41016
31967
15621
57133
47429
76443
40871
52117
24773
81521
44701
10295
7590
63865
60852
48579
83261
78249
23974
29795
44904
15222
42088
4067
96999
1531
79781
48640
96493
66813
34364
23758
81879
37089
64425
5125
42203
24737
61951
39952
71814
78181
37124
21698
16411
84715
78991
48434
8235
42127
1280
91231
49482
50162
37949
28707
52385
40895
39083
91668
72487
82107
75499
78344
30560
32810
39138
33922
11705
71419
39430
55876
93366
56914
27859
55430
86103
36182
95040
66520
92381
17434
27575
97113
99118
72614
13683
14069
23005
7004
54788
95319
13383
44101
63515
16906
46580
61612
56203
10802
62495
4125
57216
86289
16057
40788
45422
59973
64151
69652
52708
15846
48916
34795
96128
82374
33059
78213
16783
90103
77344
50903
32637
91778
28741
88853
618
57024
42030
75030
85332
34347
45943
55687
38481
20197
39811
82137
39870
45828
29891
88274
9982
16157
57424
20196
1433
12237
28357
23099
67375
2146
17622
46598
1097
30807
2062
34525
84791
58757
53876
40575
74708
14277
71264
87538
53598
41608
94565
373
88831
85859
69673
80825
1735
86018
68569
91170
61854
30466
83915
82033
48497
10641
49347
35666
5485
42783
66574
85492
89189
62164
36058
76717
1249
93556
49600
84307
2605
21935
38218
90863
77078
29591
3584
84919
7677
63953
54433
73988
87423
61776
69375
86007
8838
26402
85726
71820
61589
72260
1264
41221
22760
71168
82643
56866
73077
78126
28038
17649
47610
62681
97124
68351
44887
48941
9298
14086
2384
99384
53759
72525
14265
51327
62971
99658
71427
817
6127
42061
1649
58690
93932
27390
78276
49369
71807
64937
15245
2721
81685
10375
58543
62892
16161
50312
30307
30473
55296
58336
14547
59666
23988
56228
39761
80930
57137
35158
44739
11869
82708
82233
22115
45664
62745
49834
57915
51153
93349
86521
49267
81407
8208
93727
97421
7858
54608
93120
63102
23601
97519
54312
65262
390
15697
50249
46751
93521
39564
97095
59546
3473
83469
54480
99913
98485
50104
2481
19311
71959
15988
87892
22026
16370
2437
10010
30608
83336
62611
82947
3341
46052
31470
68219
495
20276
77526
26873
46378
24640
52857
91563
51551
15447
36112
2756
94819
86537
8983
49285
45500
40783
6740
27481
96369
63764
80455
42673
11572
43706
54968
14557
69960
70735
69440
62309
75152
64138
16258
78397
86652
60512
43773
95018
20814
12856
73334
22474
49656
85715
57654
67505
81284
75345
98283
75805
54302
18836
84383
23049
98005
30803
24439
85574
41555
47044
26272
33826
71524
95057
37990
79741
11869
82839
79501
65999
16863
68906
51888
69672
74690
65723
700
26625
16299
10505
72875
85374
3000
93610
8695
66902
83632
66882
83907
2646
17988
38801
34200
6101
94445
9610
98202
7399
85781
64474
89866
69888
33427
31754
52143
49882
98996
93729
81880
29908
24610
99237
40261
69749
64590
68859
15180
83195
69745
27932
62428
36966
31468
17114
95384
6170
75177
76061
19608
54596
95629
92006
7153
15629
74184
25585
81433
63689
79050
27627
11041
37788
91751
59357
52600
55616
64547
95028
29572
77647
57652
26790
49203
54467
63993
93933
2328
96663
35131
90075
7302
65043
80613
35777
72262
26336
31113
61689
85577
21844
62820
54971
19589
9894
24862
73185
66314
67956
23269
25531
92789
70144
34757
96739
73346
67552
21876
80604
62104
1007
40811
60941
66056
13312
31987
62675
92811
73816
73928
18487
45375
63613
43853
87306
50305
10962
35048
83796
5020
50643
15485
58528
53076
47257
28345
3685
51621
68864
94129
32591
74562
94011
91856
71294
39053
27504
65549
27195
37774
27221
34831
43261
10052
27068
41024
4624
13949
185
31836
88431
67338
5468
81557
13844
38943
41164
12561
94591
27072
86412
59013
78489
8653
91380
11699
83414
18095
80977
7976
98927
39431
68819
70736
93088
8471
14297
94473
62974
73525
51710
64517
62753
21909
73706
31981
81923
84633
40612
80909
12146
87775
6097
23954
53769
93679
40292
6631
58379
19423
6383
58849
56189
62327
58015
38419
42109
84752
24042
69432
11153
68592
5525
51086
66735
1903
57244
79210
78453
99655
10422
44519
58402
10892
72079
29263
89789
21575
77067
7604
86668
35942
45385
58726
74322
87023
76918
99126
64931
21432
27448
64138
62439
14315
55617
9075
26866
75731
24441
1289
92512
41991
81301
26254
8333
78938
82326
45440
92260
32472
74737
76094
18948
27704
40218
39786
70816
18370
62781
93940
73351
96219
9573
65152
93495
48405
64681
68120
125
22659
71046
24744
90393
29366
33323
89318
80670
98225
27722
25142
34440
96684
31491
29342
81808
80580
32606
62438
7682
52425
90407
87870
48052
80166
58070
49347
13940
2542
78414
34804
97936
28910
55740
86095
14575
65172
5090
36946
6539
31131
18248
34506
35891
3942
14449
76828
33153
63181
71280
78020
20170
50025
76084
4317
42936
98904
16735
48833
6319
92972
53251
523
13851
49856
88121
14403
76620
4132
18643
7490
35160
52859
80325
12811
97352
92856
2219
55553
1235
11741
32736
14068
34334
43685
10611
36523
7865
26038
83413
13588
59632
1834
97095
52016
12935
33790
42297
42233
35277
17444
54651
18570
33250
52169
62710
40730
89863
31816
21691
55274
83326
98664
84705
53552
30821
63349
54176
65012
23539
53258
60552
11571
40060
60292
95348
3735
34043
2387
54506
90161
62566
38494
51892
2348
46867
91924
8976
82480
32272
88183
19115
17664
81987
7949
31033
5740
51328
3130
15547
15521
66381
610
22344
31837
70083
2203
68784
94572
39016
29036
33344
30932
22817
43425
676
27457
15704
33420
82529
74663
31143
78355
92800
9522
1637
67990
91243
59601
2464
95900
79621
63945
8085
86011
4513
6097
90982
31698
66456
15200
43666
29643
83166
85369
91699
43113
81795
49753
20354
68354
97579
91724
34867
94842
39748
69976
9282
87674
56605
90718
3711
83335
21593
88048
73792
83570
42680
98820
62454
94577
54315
63753
60799
79465
95784
14292
66340
13064
4590
87860
2712
47445
78614
47182
3645
9863
58680
12730
11614
85904
3150
7365
89742
86810
88109
47011
30409
31357
15430
32329
58867
21242
13558
11726
76530
2232
57901
62093
66147
82205
30261
83225
7003
47118
74776
27209
72317
41105
98765
94142
55274
86801
25542
92569
76472
59216
86517
45729
68725
6488
47209
54669
42212
42866
94583
20273
7121
34229
14351
92406
24873
50271
47651
21571
7326
7641
77303
2139
51575
63787
18761
45674
68663
52251
39535
51391
46106
82192
14053
62228
68248
54863
47813
22939
58361
90888
77487
53251
39467
4719
60660
98978
17970
70114
13479
49744
25908
66558
53369
89046
90370
15171
82895
47446
94484
31329
24296
43210
8521
10598
90395
92990
86300
53648
32315
50613
79900
28242
66513
54583
16204
60517
76384
16550
51942
15778
51524
61578
78463
34405
12587
61475
54649
55897
40006
74515
34843
36201
51366
59500
29884
45047
32740
75638
4423
26673
60822
161
93818
76733
78891
59296
48195
47616
58236
75648
96437
11417
51466
38187
82177
59479
91433
12248
64910
55959
1609
56557
24837
88348
55818
44772
28750
161
13689
59371
89650
47537
33246
36530
47192
52890
93828
83682
62700
64240
4080
79346
83007
31113
45552
87081
72842
97070
48958
50944
5041
68893
5993
84834
71265
90638
72424
54905
33481
29464
10106
82760
98183
77385
60416
42452
76808
88227
63298
60338
1241
58463
8577
43353
1050
54610
82076
86914
80291
28325
53931
7342
36615
46874
92449
67701
3882
87485
60446
44297
64121
80727
34860
40910
21421
79919
66018
48687
93509
28808
12401
59158
76075
19594
86586
31525
7471
97606
47727
12195
38207
26584
52862
36046
71984
51890
15976
53915
86721
58510
37430
38240
90834
85334
35106
48199
52632
36367
81258
57730
69442
63454
27315
68826
90715
44874
26544
86070
44771
98435
8183
12257
17883
69022
98253
11075
97471
76493
65052
46261
72590
86865
39604
66420
5971
53199
82138
79031
37159
54227
71226
53364
60993
43609
92851
98968
38164
1954
12097
11569
57988
80793
74689
43188
33349
36152
20631
6457
5975
10726
20679
98360
71468
77940
79833
47360
26997
32942
24958
54958
54012
28333
80665
57968
18794
99268
1802
60344
6358
65916
45399
78299
84054
58917
93881
2258
13617
27522
75559
10333
25796
25260
92817
47737
85567
99473
20988
67039
74032
35112
12986
78247
10566
65346
38558
56982
24671
84157
86745
19826
14000
48596
43341
60231
6879
28545
83889
46060
75993
32173
133
86748
12115
86368
63649
82541
63923
91665
97838
13935
45581
87307
97850
68065
46633
96503
6844
98311
76231
20318
89575
78439
28277
85297
37089
69793
73230
41016
24204
41619
95727
53428
64736
49793
42744
33351
67288
77766
73654
42718
99995
1079
37851
11304
12836
25719
51196
27993
7237
11581
51461
65370
14554
29130
79639
66397
12297
92499
2139
58730
6842
20167
21513
41071
92814
66628
10229
5031
25854
72450
94748
17649
97131
8740
89070
49131
52167
23821
55865
43492
45478
79323
61481
31536
45335
91926
85620
16191
59126
37070
23802
67843
49587
26095
87319
98473
11731
79736
19842
75765
4778
53428
46213
58318
88795
13886
46184
9060
89471
24218
53080
43746
22638
78757
67336
38145
73413
63918
50615
70460
63433
53711
98381
4880
22851
3075
59063
36893
48786
91341
15510
32773
77395
8263
7175
60703
58462
33530
51051
92083
48449
19065
33910
98829
10783
92884
44563
39719
28976
12926
58819
58322
8453
91988
62867
62976
96231
4722
43049
81520
18563
61064
98072
12388
45677
61969
32569
75649
23700
29998
21430
1805
82094
66146
85162
17038
42285
53434
61778
17217
75978
88056
51340
86489
22426
13327
25768
78859
41008
18510
75868
73072
29908
99472
83396
8746
89025
76888
93182
64377
81192
62545
81866
69256
44755
12878
41393
21211
3330
14394
3499
75009
43097
26387
23507
43476
31538
9329
44305
65719
95572
37813
221
65609
63573
97460
21232
98916
34026
99083
46534
83855
87403
20004
87761
34935
43537
79656
24184
83713
37547
13011
51325
22946
42443
85761
9698
24610
8283
96816
91085
38407
38307
19571
7317
62568
50563
13963
15893
84999
39308
28064
72505
1102
36741
67852
39107
21315
55306
62993
88156
23167
76938
91904
66481
93525
61139
16378
51845
92742
80660
75761
14384
48327
47807
38142
45445
78589
38721
41975
45469
10328
28227
38044
90316
92356
75437
52266
3148
5134
71362
76182
89329
97879
84739
38403
34552
48571
46678
26696
56929
80688
57830
64746
31540
18773
73209
90086
83473
62004
5858
98251
85941
23678
71581
75525
11539
60515
8412
65421
83303
49022
17039
20012
65147
25339
53624
25929
83375
55849
17779
63275
93897
67644
38157
54025
99986
43602
23303
50110
32628
86231
53303
83719
50759
41246
47711
83640
45207
45305
25310
59774
5680
48142
1891
2247
46877
67029
42059
99597
23643
13063
69334
81722
79602
66318
25671
5211
70397
95587
3782
71118
75195
85794
95772
49598
72308
56217
87386
47260
77187
65997
81634
96977
66449
69282
60179
49408
88423
74804
756
53164
95917
37907
38375
15434
96840
73469
21940
25345
29160
51347
15117
89195
21310
67916
91311
4874
49901
5278
91009
98782
12324
51325
21417
35984
47020
55189
59918
88448
80288
63550
57473
84463
54315
79187
1498
3680
98454
11564
9386
48197
90270
63056
74779
60392
7756
71588
14220
53481
58318
858
72516
7518
91262
74088
87447
14252
35704
58289
25699
19808
25697
85909
79821
29732
38171
53043
44756
62700
34800
30302
56816
99556
74838
91245
85103
88440
86203
15085
9433
16595
8896
17149
12239
38743
5742
60935
21847
14139
31131
34626
88788
4636
47556
89685
42106
11578
57212
19570
24723
70710
65985
19764
20923
4905
96152
27479
32291
13571
45636
88274
89237
52341
83888
36949
58936
848
53305
65853
173
6903
90921
32624
94589
54366
865
56994
32211
55562
40487
23567
92471
65766
18492
56625
12232
38373
13949
94681
10070
92571
4153
81720
73334
41149
84409
3808
89895
15214
6478
37580
68115
62699
58685
81873
66181
96794
52857
72717
15384
90047
3267
73939
47524
79823
65557
17456
57344
6873
43485
96341
13486
37202
67697
9595
94086
36690
12037
2869
20154
25023
92525
22574
24801
6711
93569
7671
37247
2337
59511
88418
47426
59816
4794
69125
42819
71888
72232
67754
96064
10450
89495
34521
51064
20359
80292
20369
69528
2856
90807
45069
45281
30891
61454
76149
54571
33052
82527
70279
2484
84412
82472
65921
34069
14671
5564
65154
67416
45965
66385
90150
60293
94100
51163
29529
42204
70335
53115
99973
30251
77136
11780
50782
26452
96195
16699
39781
44181
70600
81301
93104
67502
89663
72877
20530
3716
28851
53060
49809
13816
50809
40511
60832
33964
62018
56713
76965
96579
62254
38531
62148
83101
55924
50622
42831
57049
72197
13465
17486
57601
76104
70248
72554
96726
39799
15991
16803
47364
88360
96787
39699
13554
65070
54576
66870
93125
1373
36840
15869
32626
2833
2766
5597
14683
99231
25923
25470
94520
30910
73224
72999
70127
12380
29124
62632
98199
64849
8375
3260
3585
19261
34485
64273
60447
47325
73784
15583
67839
6272
72226
53123
48496
6777
74739
42811
98305
26828
87568
30552
79477
10488
58718
18886
50127
65697
24593
2909
24617
24244
18059
4562
60745
81264
25624
51217
80664
31786
72799
36717
67316
59032
43367
10992
95624
20646
5562
84281
91090
10698
52230
28387
45773
62935
61280
77617
81957
11655
16520
48859
56432
59470
59446
63963
63358
71441
34464
19476
8628
28746
65804
95786
76641
17355
96395
31875
13600
67409
89520
73307
57223
26023
65833
74601
77643
63241
33713
16863
36188
20478
58984
30673
30735
67771
12175
68544
67451
34118
93617
67687
23125
55982
32654
19820
34340
85263
51114
13470
67235
86227
16799
53063
41054
92833
46970
53836
58835
14508
77219
12182
50710
92116
10427
41413
81472
43615
63640
80067
7845
95314
20393
71612
20912
48637
33607
48553
90759
11577
86640
68245
31540
19253
76873
12315
37165
991
13079
84724
68742
84483
95143
90285
26318
3497
63407
61665
29245
23856
62509
2341
79559
15449
50059
77383
99506
53436
89946
91946
69525
880
97636
5293
68248
96143
32494
83547
77632
68407
36764
39904
14626
67741
43245
99260
25516
73437
57401
79926
78881
93533
61521
27746
4843
59213
32324
89468
87729
74092
5222
90555
38133
95025
63878
297
5830
96807
41484
33309
52241
6539
63628
37426
5961
99125
3949
90466
19704
24307
10386
56323
77314
15553
91806
56227
44184
82369
77539
5570
98406
61702
45263
3360
45221
46638
24024
2840
15806
92275
18465
80170
93997
47912
40518
1582
76108
18041
19556
45886
78614
18292
46303
21843
53312
10463
41418
4869
48260
56866
31051
27592
25670
65403
89199
42535
30520
44436
71898
99531
74443
95166
76935
87412
47888
72202
74002
3269
45100
22817
49295
93123
28913
91044
69610
44014
25096
28000
27398
1526
64832
57287
73189
72506
31013
59466
1747
97240
75540
61108
52726
32368
78601
29801
6589
2596
65684
28836
44847
11481
49606
89056
70666
86621
94495
98845
76091
93257
72383
66232
59353
29175
99474
58922
17805
83405
87257
38447
15647
70719
64670
55758
59102
92291
27529
55053
11393
90958
30500
52603
98028
71263
94285
79031
17449
31825
48605
85916
50262
96371
33744
12034
79730
93613
36423
9497
82223
37274
38146
43597
23934
52989
42346
84333
14775
99212
55686
50979
11540
83515
68042
65074
72434
7999
49635
20483
92373
421
97734
30008
38201
6622
29383
66201
93092
64735
34973
35632
62262
98595
4984
41929
95459
22972
52403
95356
52691
97861
89307
52766
93699
8558
5519
66615
5348
29812
72265
41165
63163
33564
36020
63032
64322
55419
73921
2304
51445
54395
13571
52502
69638
44148
74929
66063
1184
29191
66778
40221
45265
97069
42478
59622
58714
37717
60791
81876
19907
74946
34990
64421
85433
97194
24984
63599
23238
7826
64373
25576
94960
94739
51355
89996
991
19763
74040
47184
21463
73878
75894
39503
63686
63047
66421
9146
67692
26005
76302
32609
76402
62637
43087
65906
29426
86272
88719
46364
16350
47057
66451
94607
64302
68529
13528
32715
28100
26790
58487
11066
38615
3503
43536
38347
46739
93048
47877
33825
35170
42105
55391
34230
35401
53935
69161
66837
88262
94766
91260
11185
41421
15916
3275
20355
34284
96133
43505
18501
44139
21870
54727
27492
29233
88347
87978
32330
78709
46191
45752
96210
44414
23416
1371
18597
6166
25756
60803
64856
71831
20988
24736
46457
31196
39655
40738
82880
73407
21243
25251
19001
17793
43790
11858
73408
84598
34161
52697
40773
76654
48039
75715
88403
55220
47555
39529
52417
91174
64412
20574
38417
89419
99625
30876
47737
48790
51498
84845
87271
59315
97778
58302
73561
27068
2783
44718
73501
35774
80672
38892
63936
67813
90956
20603
21875
31176
69147
60510
18047
83287
52010
4753
65571
4155
22334
17789
72209
26606
5152
70309
19873
67562
86352
29226
96676
97653
82194
50249
17990
76427
86158
82469
3407
93090
73057
83873
74995
2663
80786
75203
55881
66077
79254
5476
1810
30764
56988
24912
57179
87034
23767
96771
34747
38768
21827
60705
1817
77948
97128
96910
63421
86883
3076
5259
32119
90828
86852
87085
26784
36903
35795
76093
34750
71330
42938
91327
45536
32773
55015
46473
84797
40288
35212
24924
41688
34255
12678
77022
35494
19073
36526
41715
65913
58561
78004
55420
49381
13815
78576
97900
75939
97053
29647
25626
7799
94952
8197
8420
96215
20770
4971
20287
80082
4586
13019
72747
68706
25682
18703
93702
19817
99393
35329
85195
60631
4974
90490
29551
70200
33148
20795
85558
50135
36371
99278
41176
99306
28285
86580
25189
72425
23423
49034
40744
37944
52133
69933
63953
2577
90854
12103
15266
80345
93815
44612
82498
52553
6253
80477
82247
68126
80058
69484
52128
7507
1683
9032
77167
20833
70314
28357
78161
63460
18809
75325
11182
98178
91498
37171
74847
85792
73474
54540
77257
27014
87976
69120
72313
91976
87535
10098
64475
34029
79608
45468
53759
26032
96081
7712
78028
25415
10130
21428
75905
38634
68473
77284
58211
88853
58972
53453
46459
87526
92998
92691
95825
30094
13796
26720
67935
10542
13873
5270
84301
17947
77168
63764
67443
46297
21430
1724
65058
36205
59415
84979
21917
61220
30504
26827
37597
18492
50322
55413
31150
15133
24519
47897
12034
27978
69784
54941
57111
64915
60543
11387
84564
44477
23407
14820
11744
59818
7237
52343
69662
70919
20813
42105
33120
27372
60106
84545
25833
48442
2453
83291
49119
62180
4927
28561
66163
71340
90165
34143
42429
60112
22973
31709
19757
917
11195
95765
63725
86186
99791
46640
22227
55805
2813
83607
98744
65043
74594
15462
75901
66115
12932
98256
1117
66755
80520
61658
45959
69582
86087
93429
75562
3723
18864
714
16066
47586
22311
65844
13114
67674
8073
27127
28808
43730
71138
77186
2343
14517
70506
17777
35007
23408
61544
16788
69266
1463
91627
20618
8537
99261
82688
7322
61389
79241
83482
3864
62207
23397
54947
66764
95489
45443
36360
65060
8093
21545
48745
73249
26581
84504
28663
39529
11485
19750
9349
33286
35342
90646
38854
70405
522
105
4372
18591
41792
33482
78906
93503
56589
46323
95894
11845
90923
91071
80636
19304
64719
13679
14653
94065
47654
76526
77325
52655
98629
47439
92113
53856
35092
46885
98064
13427
52002
31494
94036
49095
2308
19067
30581
27009
69086
19333
83473
46567
42926
66770
35621
83276
3983
96461
5900
40191
94661
46870
55714
2257
13437
28723
15058
18639
68345
62625
7777
21816
27438
95596
21867
4326
85359
76697
16489
51002
17532
23080
70249
11904
78176
99202
68772
82530
49112
35556
37233
50806
62209
78994
16371
72662
80716
32796
20765
92918
37943
9139
19462
90299
59922
44232
44359
1235
98396
90452
32032
21242
51689
77729
81158
56960
15681
14669
99032
21063
46570
13134
81851
51730
56996
40334
84854
89525
6491
9812
57131
61665
87621
16195
76256
56482
82942
37487
81858
23149
10928
42255
8526
85373
32322
77612
56967
50606
97341
48459
35232
96879
39393
6731
80578
77416
42164
29692
67815
41414
25002
80680
9773
62446
3564
44969
33260
95382
40629
29505
51623
76474
86418
71141
92332
70670
48169
90150
28463
86516
29876
91625
47862
13931
55033
97169
78774
77290
53364
24574
85722
68688
77189
30460
23374
8622
60564
82490
21727
7078
21551
28680
94738
34771
6966
83484
64925
48441
63445
92252
87185
44182
88985
8560
1191
93813
24347
31433
40426
62471
48772
23054
72463
65766
18163
24826
91492
88061
2440
60634
4846
32697
89671
25421
47991
1416
94674
79515
96420
19696
23358
76005
86280
37758
76337
79674
66696
84729
4562
73939
67479
67214
15944
49486
28414
21375
33319
7395
72988
10464
69008
1901
69118
17997
23698
10884
82870
57861
86683
43971
48856
68668
18112
61580
68584
23063
57474
9963
58297
17160
22608
70144
41874
85188
85736
49644
10965
85243
41310
79115
32655
43243
26344
96229
80581
3650
86036
98664
34548
13533
60791
54190
33814
22503
45143
32170
29141
28678
34679
63850
23368
45460
22313
81028
72355
48559
77223
24428
58972
65246
87987
84957
21940
54146
67484
35273
67561
66220
82317
39142
33345
3131
93347
10067
54331
82371
3566
32820
18961
44852
79832
81546
86214
78908
92968
30380
29955
93321
64157
42092
54718
64102
39833
89979
80192
80834
10211
15090
48144
53041
26940
71042
80030
66967
75153
12969
51355
89106
44159
57210
56881
20794
55602
22729
14879
89277
166
61218
74205
78829
87209
82307
24649
35587
76691
46335
56085
33844
93358
39504
72693
35686
49182
55871
50023
32612
63213
56265
57781
74639
1706
19930
52520
45416
8140
47695
82466
81789
84252
60032
7599
92560
61706
20709
37825
22230
44090
95406
17147
46475
89637
97398
35862
35059
88753
51868
44249
38820
81285
43455
82898
58177
53003
72818
12237
67374
78325
29959
24544
78227
2898
85420
32413
37670
22164
17729
68149
52662
55438
62514
75977
37612
174
58787
49652
67911
82628
47746
80617
50937
56389
98013
95435
67028
14254
48226
98153
89394
31347
93169
62758
27977
65007
50061
57443
31239
34595
29697
5863
12042
2706
67952
48791
18412
22822
5963
62359
84399
77616
40107
99111
75063
54664
68016
5356
52662
7320
52108
98907
51736
430
75610
68138
2521
80809
89155
35310
45947
55527
1592
73021
87208
43498
89201
63696
80775
42297
6302
73051
39353
40705
17378
6217
20125
4805
59209
95129
36215
17404
43339
737
49906
97463
29089
70984
86087
97546
27793
36838
90708
36734
25508
54686
15105
75776
69660
2448
60550
62682
99445
33703
31027
89524
23954
45153
88990
28145
49413
30886
15728
52631
90656
14805
16883
12847
84299
20602
86988
81085
5654
37620
98365
19279
72397
4793
18230
12460
55592
73167
77213
68441
24821
90916
96408
80899
5333
1227
83829
89183
48212
36420
88675
88048
54921
16501
73810
9928
38987
87194
711
42984
84574
94174
62166
55465
73570
39006
60380
95212
8896
36115
1147
60011
88967
40982
24357
56855
69561
48201
44033
28691
94895
64187
48464
4150
4027
78936
88537
20460
51324
60543
28942
99965
70220
75964
82301
99145
26818
76579
20196
54614
9829
83670
87189
96142
68051
41081
68327
14157
7131
54398
14002
76050
109
10761
8300
25305
78255
58330
58093
95575
43406
83394
96496
8522
46026
36907
73200
49799
67435
87967
40053
99981
37354
30833
97923
45265
56968
82957
28027
84154
41817
50951
35426
5039
13120
33522
92201
42076
34356
74975
14561
73487
89311
58789
94648
15414
50816
27556
61520
84267
90422
25775
58891
41951
36504
61117
2379
24438
57730
76403
76276
74358
78698
8789
82185
61886
77383
37063
15572
69082
7181
96961
20559
78999
28912
54776
84324
76449
54041
79836
95480
98003
55141
88832
81872
52322
95629
20858
36613
33429
8066
42094
46387
63733
81032
23154
36843
56624
37756
36186
42365
91141
48936
87202
28309
28123
96532
44840
12820
83762
15228
56438
238
43315
47130
16559
38024
49615
16072
25776
61447
59914
58458
74295
71025
51515
82999
60227
7450
22317
99465
78835
51917
65677
52660
28845
73100
14
3593
56761
99264
66120
93692
53094
58793
57520
36722
96704
94629
67780
80943
86646
81507
30384
72483
57394
98899
43210
4875
49602
21936
78087
23773
97297
76002
47730
13305
19511
94806
99353
27402
96588
32192
39701
23767
26241
40682
61386
44337
85818
90878
23652
29935
16979
17233
89026
24656
26762
95397
54663
43792
72745
44550
83507
39721
2375
94657
22500
94992
52512
6375
64743
89388
90784
7701
15450
49536
40940
10557
66164
17307
74630
1937
16809
73904
43873
13240
76874
1458
81505
93076
18403
33142
63000
68265
7152
82933
56834
33011
37602
19452
52937
47670
8501
1145
46619
89500
5695
19452
31664
12473
59510
7226
35148
39854
78420
19574
97682
4728
16072
95457
11317
44355
52874
81011
48389
22244
86026
98547
6667
69432
56532
84450
69872
66538
81573
49502
52297
20740
88681
925
87429
52805
25574
57320
95
46987
33755
36343
80549
7630
68854
57025
8175
30287
93954
67185
47892
97339
86754
50877
4893
1618
14515
2554
69671
25258
68969
86288
3806
59477
61193
94128
57290
8656
96275
94256
39355
65533
99607
8071
99990
17332
26267
27700
55222
20604
51515
80696
50758
52425
20880
25195
82323
68251
9204
72918
82966
9457
64160
23957
43865
9245
77738
82231
79227
84344
44761
73311
76057
21047
41183
21444
99268
13445
53034
89796
33406
58473
20711
36360
99480
58009
93456
75467
70240
72879
53165
61687
76174
80067
35387
95213
73043
64855
65111
11786
68531
13533
68763
80468
34821
49201
54679
18036
54922
84301
89192
71603
73504
35406
54563
50489
73888
48761
23175
9903
22285
68627
19577
88972
51636
19559
69629
11170
53601
50704
76588
32224
13328
68964
57288
9237
52534
53766
23253
55422
71007
82295
57722
11409
82874
68434
6731
88960
38669
32494
54776
36545
68375
59795
44605
76916
25382
23223
93518
67367
99783
8552
70462
3467
43106
51740
59784
6427
86960
62680
61846
16863
93747
68319
21992
87491
37322
21653
36866
5018
20881
54899
62706
65814
61418
23071
45493
91797
56499
11543
56749
18175
28166
25444
29894
80297
8385
99091
8948
72849
12166
50544
3690
67163
99497
71068
7327
47454
20593
2342
54001
92836
32365
91080
87951
82144
28231
70885
58281
77769
74138
72004
96619
7966
17457
83910
20257
44513
9440
79863
4445
70660
85655
71766
16369
46017
44957
25412
56727
63932
73874
8519
23416
73369
35431
80402
48361
52989
55546
1913
64425
60383
99858
91530
21942
60988
30425
62283
67620
73274
68964
55383
76496
26110
3981
18149
59443
59430
90676
94458
19885
10821
20298
20737
27765
89058
65355
67363
71553
78184
72148
76976
58121
2321
91458
903
76722
88446
57848
72782
37764
90293
65562
87167
62790
98818
8480
58221
45127
41219
37312
68116
31586
37582
55361
40895
76647
496
89852
39818
8735
42320
87710
96645
17514
68561
73759
9194
74626
95933
7165
16139
51386
10934
59635
37790
72952
3708
64156
73402
72778
33129
97885
44937
86499
88074
77074
86222
68343
50161
37851
38346
2003
5098
96431
90546
81184
56583
25598
69918
77243
26397
74455
43497
88205
98455
33775
58935
54242
8088
30937
85859
71075
18666
87734
54879
69110
2446
5757
40505
38889
31857
74645
99852
49112
42599
9901
60385
42658
12337
62434
73323
87288
52692
36229
67963
28408
35522
31335
70918
94857
64547
79989
20391
80111
91673
45550
87449
91156
17510
78932
51747
82727
46762
51195
36900
21316
27623
94956
20572
47684
37940
99011
89695
76399
6919
17145
84106
64781
71635
19019
22615
23843
7221
3363
15740
67351
36904
11735
7114
52827
87841
2788
14173
6638
46928
96455
73615
22928
34317
15109
72719
65936
73612
72447
25951
227
22362
41236
20045
43129
54220
19302
24551
84282
65531
22709
90172
67798
83685
85543
10632
54181
48286
41540
51297
22115
71507
48848
46073
9472
64212
99114
25868
30585
58520
17808
12146
55477
64563
11303
45276
90612
8631
68241
51051
13747
6574
92227
23048
95285
61681
61455
2785
53488
96722
58131
22849
78844
79567
78449
67587
81006
61038
67156
74285
96035
52986
30209
90346
61684
24516
796
51884
3369
75509
39919
90037
2937
26583
87675
84738
79361
53406
19930
57255
55993
51830
51026
54135
76190
38043
93956
29526
56807
90302
68805
19091
54731
22560
72001
23717
66281
78074
49227
34252
98206
64912
11196
29131
69564
95254
63479
21550
98931
44112
49228
55939
43971
72445
16715
52150
34386
96023
24614
79303
67756
56640
32050
69574
87473
28279
90550
11730
46989
35965
15704
84315
62461
60977
92421
27646
43512
93755
24087
89962
13739
65036
27145
95273
35763
18398
79961
94611
46323
67752
92463
5298
59595
16700
77529
22230
6267
85042
77679
3336
69832
32996
75768
78774
54609
78828
71554
75071
69885
8422
89522
33078
94633
71356
92772
27370
23219
39435
33441
93192
81835
62709
19078
46202
16885
79354
31728
19102
10081
22199
30502
18256
31424
79700
52879
36722
57361
45288
89397
89950
60094
31637
61630
50956
10975
31560
66247
66659
23463
88196
36056
83885
3430
31640
59207
5712
51286
28145
1411
83888
8553
78159
81175
47775
17376
60802
74185
95406
35054
3138
56210
50068
92265
42211
65189
48526
75568
14127
12232
9326
47747
55459
38736
32408
82885
87331
6934
19742
99547
10115
50324
22547
80864
9818
20016
68065
31958
93959
16427
70610
55116
4611
69711
13733
71654
80241
81676
50046
61565
86028
31954
46999
28934
14163
36551
7322
35232
88682
40188
52000
4548
52208
13660
26521
47815
64216
73780
93433
19826
87961
68231
16969
49092
30038
54
90530
63786
76227
33892
94237
11468
94469
17555
92818
2247
33485
98975
61019
30165
48538
19696
58511
61686
63513
86059
14931
92199
67277
2456
99633
36295
13772
68585
43596
95450
10089
50564
2845
51692
72183
8622
90
86358
80462
29463
97448
81195
93512
96208
90897
83823
74935
7243
11172
13975
73649
62363
64248
10721
68995
60579
66144
77788
23853
71633
99561
20510
2931
67060
59240
36695
18968
19557
73414
42408
73552
57583
76133
3240
53493
57993
63714
98079
45544
99879
57386
70425
88192
37177
78048
2998
57615
84826
96600
93777
14892
36232
92419
19081
67209
68201
77717
45771
43309
24251
10447
55333
18037
73954
77758
31003
45888
41788
76880
84235
29208
73739
58362
88651
36413
42502
82649
46794
73475
53167
25087
24650
34826
9222
83013
82595
62591
55320
2319
9048
88934
56626
56218
74700
74444
10538
1253
6932
6741
12129
48836
82592
20212
82416
85944
98932
20673
89224
42688
89472
64731
47508
72833
81471
52460
13241
64395
77439
96976
46225
13256
75788
6952
51496
12524
3482
1504
80565
53709
33070
42505
38543
28046
42863
29818
93522
78767
58078
74825
3623
93140
45332
80702
83199
45689
36955
75131
38332
35129
32759
1817
2310
42706
14079
83459
42172
65527
16795
66254
33499
14626
47790
86717
99210
69782
64373
32573
93719
4186
47612
31000
13731
57297
57334
33991
43296
57593
36131
554
69076
90606
65398
43133
15878
34130
77805
10074
98208
82675
31533
3712
58588
28376
87820
98296
51595
31926
92921
24992
77297
88644
71148
49604
4050
37809
13989
25326
55063
65656
54823
92539
85353
24415
65196
32828
91458
7064
78395
39910
53946
57735
61612
633
83067
48177
496
29132
10848
12129
80246
30290
27053
32153
59046
20582
3043
60915
55116
54644
39164
58176
78918
44893
86703
1700
83644
16023
85591
45137
76879
73012
656
28210
24713
3157
47026
2081
91691
91286
96148
22611
68538
33977
12124
2105
95832
34136
7153
71283
13670
95187
69349
35415
39090
87175
64330
94872
47278
47270
95996
27977
84750
40331
90005
4421
15271
52254
50760
33947
57758
34667
1606
79457
2111
75118
77633
40581
74708
64749
15564
52621
9631
91633
13324
24641
30345
4251
78212
58237
83814
19559
32219
57788
56502
51473
13476
50643
13605
9160
68253
48855
78379
43770
8804
33006
30919
80183
3096
82286
35988
80557
5340
5110
29450
31203
93867
75598
23259
37425
92934
32820
18911
56621
75654
6207
15571
68547
11211
25680
87198
84989
73723
89897
20683
51624
33224
12969
85821
17380
50902
96944
57380
95671
72552
31986
64905
5653
37972
94264
51256
60542
32135
55568
76836
63530
12221
65341
47162
1461
160
42717
11967
65466
34372
31219
65154
34610
16493
38072
63690
86275
20648
69976
37547
46011
58642
40421
87955
40843
81869
99495
85750
94639
96570
64071
57815
44750
55786
93510
16727
18675
44580
52126
10044
67307
47083
53909
30297
55235
91856
90742
24767
781
13406
60044
67625
14196
76704
72220
77540
49326
11615
82104
84432
61575
87471
28654
28733
749
73283
36063
98389
68755
97156
77927
38690
72303
71228
36066
92985
17466
61182
25836
99867
12527
8898
13872
32347
98319
33050
80831
54453
20537
28039
39069
79003
39014
29186
49439
50987
29846
8714
87921
69654
60779
65264
91140
1378
57144
11922
62702
46051
68543
46939
12194
22993
76800
34067
74193
19680
59171
28541
11841
22051
94676
46950
94842
7355
43701
66165
42276
21789
7352
35333
40952
39260
27153
20829
86551
11886
11422
19445
42754
53139
72268
50838
6071
62208
25774
64449
76364
60266
53740
34152
78816
41181
22573
85011
37248
98251
30438
95181
86472
54203
66737
67259
38682
85393
23914
44432
6328
37868
44384
35330
333
96652
10272
43630
5883
90513
84041
59492
58079
71645
92954
21958
53802
75741
18895
42204
5408
89589
79218
59393
75611
41671
62813
78223
32766
17922
17479
21953
45187
40149
55424
35968
50547
79972
41128
1520
18985
77454
15914
56932
93967
91470
30308
84766
69407
28436
15299
85690
39364
88855
56944
93111
86142
49271
89553
40023
76127
21127
8420
6679
10489
18024
87862
71869
98879
24854
88887
20665
27150
83470
93279
883
17074
74014
83464
1333
72420
66621
49588
51997
46916
86943
80260
10347
10113
12536
15284
2449
46429
77342
80875
44548
11813
11319
67318
22589
39992
73636
93140
23418
78135
82062
73361
58223
23127
2167
79858
61435
93275
52845
35472
51897
60425
91692
34778
9715
23372
38308
52220
11703
99640
9512
33244
40931
54392
34833
12539
28912
61462
21264
4157
3202
87836
86513
76918
8445
8906
14376
56348
54620
95612
47322
6705
9853
22607
47312
18600
72514
44969
45027
27238
96467
35598
68179
86179
