api2_id
56361
36112
28582
55387
44910
38274
47715
91122
13444
81081
84351
51055
77923
76208
15731
12618
22657
23756
66877
3206
78303
10973
91083
22583
40867
11365
75700
97979
86830
28931
886
23516
89214
77076
92944
99365
77596
64489
50964
6493
69003
5469
31742
29547
12717
44772
26094
18762
13850
38955
58905
59554
8776
75824
75115
46722
52261
61204
19997
29235
93900
66035
92409
90553
19468
43314
43003
4208
56173
89692
44735
60502
56133
28794
6367
41150
93383
42602
95247
20061
36380
79656
34244
62916
54258
18361
87512
57346
63756
39250
52369
15056
24188
43242
6731
99549
27929
84279
1695
86453
59780
10747
31894
46933
70334
73924
71045
39009
23687
24416
17223
62461
59130
58858
77117
6334
3393
73941
77393
7116
41218
31417
19424
98629
17139
84188
18741
85378
30574
5770
41765
75909
12039
34470
91422
11437
56159
37777
43793
34641
58164
10362
44861
28009
23923
35684
14496
36608
72450
36122
19163
95683
51271
86702
62219
41544
25245
67857
9044
71416
69899
71355
40175
40903
90477
47219
11606
19441
94404
93283
49019
98383
36935
43942
45812
5451
78313
64335
38398
45183
28824
63486
20370
34959
68855
5281
14743
27461
56307
83939
53822
79014
12926
39681
86445
48153
63715
95068
77608
10238
28635
14265
63054
48187
10591
37458
62169
95322
64995
19132
77517
66674
26617
24293
57027
30201
17229
30506
87697
35050
6943
3361
2355
62124
68193
87901
4526
87252
57803
86697
28786
42986
17804
40083
45371
13437
37583
66075
39075
79245
36946
25891
46664
10661
17655
21389
18146
89229
53035
21932
21827
60922
81977
46827
76875
87027
57307
21091
5671
13766
70864
41871
47634
13782
39073
75459
84876
81195
1853
67551
77777
43865
58163
5690
84531
60656
73692
98174
6583
73805
35818
7074
51747
16511
22774
32114
87390
50960
79406
83223
93895
59790
4707
58837
92048
6980
71217
85674
16929
39578
30445
74328
21672
14788
67814
25446
44240
60921
77067
14512
74611
68469
84321
35061
36935
51158
13580
27581
33561
40723
11273
17437
64857
35134
92669
81882
89823
6867
49311
88486
2660
16800
16167
29488
57387
98153
3916
2046
26978
28836
94097
14462
85935
51544
24520
18774
17553
72510
19075
33774
46466
60300
92872
69095
8603
74024
29417
24016
31618
52511
27243
28673
10556
13666
57117
13886
93564
43302
72943
53370
56970
97562
99543
96752
7258
85554
30590
84436
69588
34572
26052
83281
23812
58743
65201
47721
42467
61531
85186
90501
66258
73779
95598
46972
12991
17585
92203
66783
10630
6362
58461
40604
66127
20725
59989
39583
23145
83382
80829
60943
52042
16757
20176
11493
67213
6664
99424
82558
22560
86041
70133
91782
20399
79443
20683
95270
49661
17476
9527
32420
1136
76295
6738
6086
47396
63517
17930
86155
46420
3296
12938
11243
78632
96122
55316
11758
84033
78185
26456
8119
67462
33854
1990
56585
10808
89316
19007
50456
57801
44181
55303
24645
12036
94357
59532
58452
65436
40025
7781
83074
83927
85343
30752
59100
95392
7868
28107
99466
31941
42088
95400
28433
63611
34662
36800
32516
54781
82850
71430
59581
7729
89400
97551
28101
13289
13146
76393
99048
54915
9900
44291
80776
27822
2707
10308
35231
71895
12706
76142
76963
59269
8158
97304
88894
61331
50254
7105
51497
637
2582
70160
49452
46024
46590
16647
90841
90099
74375
94633
63027
73500
3011
78405
15405
85917
38842
26717
35724
73300
27828
94344
24046
77084
7867
46308
68640
32564
7690
18267
84469
97408
39806
14724
21938
22261
47359
62144
91436
77087
80686
66823
58054
99450
94294
39926
95924
95184
61772
66263
4487
45647
91352
77498
1898
22153
88739
76619
66205
56055
51380
77351
57053
93416
12957
64439
25631
74240
98237
63721
26488
78529
14638
74460
15571
38150
79699
39045
53975
70236
70456
34899
46845
73525
38389
41674
24425
18804
18822
26827
39912
3360
50802
98061
74338
2159
51614
48743
2192
50287
77761
36092
1544
46098
12420
25959
87224
89315
37117
98434
79248
91635
58398
47840
52297
53779
88668
18898
41079
48064
16989
15960
60709
29525
95516
75069
75511
8995
18827
55287
17428
85503
59266
69840
34686
81994
81398
49796
85032
23240
13650
1313
93207
22063
30784
83262
86467
72598
67974
84217
33174
67754
24298
78158
85179
4792
17089
60580
40895
55065
72505
42598
15198
43519
95493
3754
94536
78204
50673
89641
81556
20072
75673
80648
35716
3219
47697
75280
7150
87019
51718
82915
71237
17353
21250
59643
47259
79070
49968
94652
15709
85194
39382
6897
76017
52247
75115
69902
39794
19982
7819
13407
21172
78212
36842
84673
77386
45689
20381
46750
64894
97235
37152
16543
65023
90983
28947
17154
40124
74407
27355
94143
77487
81876
29387
23021
43320
172
99190
76735
73873
5545
85338
86184
49920
57655
57406
25223
72440
76198
36780
40327
70280
19803
94211
93145
41705
58209
20778
11298
58719
12451
94777
92024
91605
1102
9348
1585
54912
98942
82404
85497
14581
81737
53962
87439
17017
30456
21433
84744
47161
45790
47376
6902
5679
86710
94312
62887
31194
4624
6260
87940
5196
98097
38684
90285
11304
50368
63008
83073
55034
71761
14177
70021
34136
11144
75040
94885
54299
13524
59158
63494
81614
46263
65322
26531
15505
59512
60837
70623
58816
76576
86027
24407
43629
33773
24905
11716
54507
32261
69892
25118
8478
54395
11855
86122
58801
96575
97703
68612
38531
81696
82645
61270
17324
81213
8773
46129
2545
69649
20923
37864
43041
21757
83187
72535
8162
85679
73993
45645
51697
86103
55585
42514
77926
60075
76793
21278
28729
92211
61841
76765
73221
19203
38729
68676
48845
70793
50088
75100
58364
5768
91930
68792
56646
5272
24907
79484
49002
32360
31931
44548
73981
6836
88837
24106
24609
87158
94368
29508
55866
76366
24683
8401
98027
49367
62548
58125
78890
33704
23732
34629
42862
17681
80353
63921
28080
27574
61308
21159
12588
22179
87963
91021
80557
47352
85482
99821
11870
80461
72462
10270
29533
63441
4127
90237
16782
5943
90846
30413
30039
69837
93685
93049
52501
37156
56657
94867
90301
48464
7401
92612
65414
2440
33922
56844
71808
81647
39488
21113
52993
57729
1077
67208
64905
45896
691
17403
68968
50970
60975
93307
41898
5634
87559
89353
87195
45716
11227
36302
47133
14198
23064
87511
51055
32962
32231
44216
56359
12184
98780
79114
41992
87764
13270
71430
11255
50084
38475
92455
84597
72071
2328
55513
70186
21624
28281
3936
8164
73248
62294
7984
80722
90539
70500
78024
27105
21866
36093
45716
94895
26277
6010
2031
48012
92886
44090
63340
84720
13762
92934
31010
15777
59481
77621
38327
31932
43230
80929
11733
31050
51150
1016
99574
99910
63981
26630
42419
50911
50029
35153
35477
15349
72237
93962
74312
3020
97710
28669
17779
86010
87673
38644
31283
77902
45056
91271
95858
23370
83808
54893
37154
78369
65073
18986
6758
61892
92379
43914
55579
60180
60408
38894
70334
92754
26445
94527
40232
83850
5377
79997
45382
60385
69512
50551
33782
81705
51525
31291
83537
16645
28785
52183
27060
64348
17565
54071
91791
88662
3301
37985
61087
34632
46289
16889
45104
45445
17838
52181
29424
14842
35362
41529
35802
64989
35971
41832
11625
63326
67112
76998
90971
78288
68007
34050
47169
86390
40291
68425
90663
95749
37868
46203
45897
66919
17929
95945
50709
58035
94846
25223
49348
25007
35017
90645
36540
51860
13335
62923
49621
80338
32271
16296
43197
26535
9461
4926
87111
45807
25559
26681
48708
22145
53067
20433
40443
12197
79722
64690
92019
39709
45028
46419
77812
40087
60633
76115
59994
42055
20098
91053
83321
73921
32525
19538
31766
32987
94155
40593
90098
25821
71474
20123
56450
91664
24046
8320
61046
66149
92227
89293
32316
41524
23187
28704
5199
92955
19531
48156
58019
51530
69286
83930
84527
4199
25617
74328
69453
55486
56682
46458
45477
94166
29061
71678
49773
24819
34090
34608
34327
64438
26192
50757
66356
50243
15641
30101
69490
1475
8916
90210
39348
525
16265
17995
19293
95159
68224
27388
65734
15675
68009
40422
70645
73096
3930
30013
16161
43580
90128
5478
87164
87152
58028
85330
31182
80611
15639
58312
82066
73060
87484
71227
22848
10582
99462
83989
57624
47913
99624
96893
49118
68126
78615
13501
76846
8218
67072
23515
52384
18077
89872
16522
29827
19369
67800
66632
91160
70919
93739
17702
82066
3734
46074
59312
90980
36822
97764
91953
58224
86
48743
94479
36079
26375
91415
38903
75042
10241
47713
70334
4347
48804
76180
87370
66368
15314
74167
58207
54545
87395
67091
45862
22908
37990
90343
20706
77871
73510
19449
46646
43610
71932
23549
4547
38865
51033
16143
12896
97838
26622
1704
37268
96094
12963
99016
94902
40418
36306
70413
93996
61235
32024
39028
662
50060
56779
34809
25429
72709
31950
43361
67788
47970
8884
87296
23265
58137
43143
58607
83579
99388
87782
6323
67842
91990
41542
11202
15793
76038
88212
12360
61883
43369
83581
54702
95858
90810
25848
58863
52695
85403
59317
63253
97730
55357
35805
47033
16387
64233
86141
70397
26475
54400
83972
14328
34970
31910
2491
51406
68975
29006
88019
54141
27759
25754
79640
69424
62643
57510
13357
47697
7121
4629
44628
83074
41373
22539
43161
113
24738
16909
41912
56686
9570
46350
36196
92707
72752
82632
9854
13088
24314
87533
41147
25534
24470
34749
30968
93891
55475
21021
45899
70911
94009
70766
51782
79076
42601
45975
39069
46754
79521
98703
4849
76676
14609
73502
71770
31563
48487
10620
69064
79048
70568
6866
3718
52663
46623
70225
34932
62791
54952
15993
24392
44556
20859
70726
38703
57619
9968
42448
65601
48600
1630
54996
77913
86935
61583
507
20673
30664
84126
34130
18720
44433
46350
43815
93997
57076
45811
33386
13594
20952
35607
55183
95453
49362
61406
62646
77545
60276
32242
83768
99526
6078
46156
51776
67738
24900
97047
44182
8900
64846
735
10239
80011
9714
19252
36007
44100
91715
63484
34767
51274
20434
12435
85333
13956
60478
30834
43310
66514
44664
92900
17714
61778
35127
21689
90038
7327
7541
79406
2367
93504
10517
60402
35889
94608
21919
73572
84575
77931
45707
34015
34363
72721
39501
77722
13667
20276
28158
24142
73243
30560
96335
58634
52192
67318
11039
44795
29316
98635
65360
58385
37223
68056
57161
49907
35805
17054
93168
43814
38329
11237
22112
64688
90858
646
16758
8917
5744
30308
77173
61670
60585
45500
85557
48671
89624
18771
97682
59353
23589
79858
35432
47834
81240
91782
19074
42874
14151
72790
90031
12499
21883
62323
82863
80559
20958
56642
90860
43019
59260
97175
85498
89930
73731
94252
97498
60623
71896
52349
44111
26701
5793
7211
88015
73487
17515
39463
55723
94601
34765
62374
14515
62647
8209
47879
44679
61823
49215
57987
44806
33910
93906
75425
52982
82501
69016
71938
27749
11994
43708
33180
88061
96108
1126
86406
23049
32282
13491
90250
38034
90177
91588
73542
94741
26566
44542
78978
91379
37348
11895
9235
76186
99041
28591
18182
24837
282
96203
78750
65571
34352
77940
43149
9582
34080
88636
24500
2142
13422
9121
78579
12282
87556
83218
91930
54855
1685
36254
28351
59019
87576
55542
77001
45044
29603
72761
37335
65146
97783
28274
13477
68773
32405
19374
29186
8829
39565
26098
21470
23775
74682
74395
2001
95678
86367
52469
93081
70838
28678
65368
94139
78163
88961
70505
78468
5599
40828
28737
79170
88765
75948
95924
28285
74863
17915
69514
44031
26092
27982
88005
94752
35177
65998
6518
37291
33561
60623
96784
73747
24979
49542
43625
8657
98353
83108
63734
13715
88902
21553
99605
51357
28478
2271
23807
72674
16268
93890
50066
77422
51209
13761
27988
78216
54864
2536
1543
55994
9619
82056
3171
54080
77429
99914
81642
43946
37858
25392
68039
54532
85132
18183
56317
1870
8599
29194
58254
12132
24871
99420
13903
92895
28995
30357
92565
2995
35623
99405
4530
45137
29193
90098
28550
21758
45997
60948
89457
61742
99263
55464
90465
74370
43883
32106
15732
90277
98351
33365
62584
41112
76676
81156
93866
60353
47152
92643
50598
28330
91794
36219
44634
45079
17288
71648
65099
90889
39993
7372
92705
59628
81164
29765
53605
3145
73134
68187
81264
59566
93774
27426
35444
60692
25719
70170
74694
42393
11119
36090
21833
27154
72511
53517
92695
45361
8147
21917
37785
94328
87396
49256
30940
34514
12023
37449
42592
24361
62697
78822
39994
77310
75572
87258
35138
79863
194
40140
52232
19151
30554
96916
13102
77308
7027
99402
33469
45888
17988
50637
2401
8164
34250
34954
55792
2225
94218
70674
65265
51817
97006
65776
17126
93022
82526
84619
36457
20936
29267
79239
65535
59362
62530
79538
22890
21278
13148
35606
55423
67962
81277
37440
54636
84553
31011
68489
54159
12825
46734
65708
61435
24450
71367
5432
28447
20681
35269
33572
54555
85677
45640
24044
53329
76799
83967
28153
21998
84668
39300
85652
98194
77820
61446
68389
37599
86340
36617
60428
50895
55960
11232
68299
57705
64935
79598
40114
28274
52778
20404
38902
74251
23693
32119
24704
919
86977
18045
55189
17650
32507
15620
31904
19456
30787
64715
30690
76211
15192
91364
40410
11416
43657
50378
43938
13998
8107
9904
63599
30138
19113
18429
94730
32120
87353
16747
74500
27763
31666
31472
92512
84835
29092
68806
67851
25056
97191
36985
64326
14957
70640
42684
38457
33231
31096
39734
22306
31123
26642
19726
67282
1503
88584
35824
54794
12961
74884
2432
97692
67468
3626
37799
55805
66394
42358
22715
81267
72024
4604
92666
70381
49221
4377
78311
62038
52564
74177
98020
57318
88448
43854
49421
49006
83410
58238
29931
93282
86703
41288
99014
93261
12610
3281
45880
25569
62745
81712
27880
22877
93988
50499
32952
7593
11057
96071
44118
14799
10318
13772
36911
67154
96711
45367
48460
95908
36764
95236
63357
29877
73656
56647
22829
99281
23655
96462
41920
45111
26396
86590
75626
68399
34671
54011
99436
5095
7366
91180
7022
42332
81036
44175
47145
3175
53277
29640
89204
40530
36936
75920
45410
22138
75429
89744
20583
8873
35564
30455
79483
67456
11612
47500
89530
91265
62998
25202
68345
43472
20515
39984
26506
80974
61259
78965
93391
73448
99234
82505
48893
11088
68376
190
26151
40310
60746
4096
24292
95701
67094
70711
5407
260
11388
30573
37541
20785
17947
17347
63823
87082
61326
88622
11133
92789
17897
28888
54501
4633
68813
99124
87533
2916
65256
68032
38126
94054
73432
32854
62876
20969
25240
91957
30869
63583
23128
98871
88875
29843
60385
85014
36986
79211
70447
76075
79969
91536
21225
2715
52159
37988
46094
59468
24862
51538
6230
24085
38181
27994
16315
4203
98980
67103
30104
53566
57160
89930
84225
8260
5772
50832
12095
64139
55402
50564
1136
97782
12953
54768
9744
38146
31996
96870
4636
65518
9680
17127
13226
93542
14264
21213
42067
68224
63147
78012
33956
2264
45251
19372
19351
76273
77148
84828
40468
46562
41891
11078
48741
76358
14612
36730
81731
5978
72645
8411
29010
71146
7020
99791
25619
44487
6152
70077
71155
31046
53793
95545
57503
66841
76947
87566
14617
14137
36896
99398
89757
20982
65551
72003
15159
98015
20793
64883
55519
32186
89205
13138
28728
55999
20304
54878
94147
84753
46190
31668
27939
58406
96939
19051
62001
57426
48052
59704
6298
66233
6617
80128
66791
24307
68785
53835
43006
99708
90132
68724
75180
43971
89294
71351
17579
57132
21944
8504
52068
55744
91049
94680
13945
73503
15127
85718
91214
96671
18820
66078
43087
69130
85688
9674
94658
21800
16588
93751
44190
58780
56879
88435
41706
27677
60137
35502
2860
53549
89959
31582
59767
63029
42525
5266
25906
62541
48825
55117
99307
96915
92718
48443
91224
10913
91560
83316
36315
26613
46942
66353
86813
99780
61690
56267
48286
57815
76296
93043
39664
14945
79092
80941
56397
34914
16622
48189
48595
25616
77756
11492
1936
18217
6630
16693
40188
36031
60612
89165
81957
62204
20282
41421
44919
99599
83723
91177
94506
65324
65381
69561
20820
42875
14614
91781
40240
76273
74080
31941
41600
36640
39603
6841
94660
77203
33621
31732
20834
80934
44054
24328
30716
60968
72691
49724
79420
4057
18212
68541
95630
45868
60630
18124
92520
5240
49343
53528
6864
2290
37998
59914
26274
76393
33133
32223
49339
7266
43360
25382
77860
85508
34302
29736
34483
83126
31778
54155
28839
50116
21050
33097
20217
46310
8883
79250
85225
70921
60202
11874
45405
88794
83589
65500
93608
82757
32936
6681
8679
7138
83038
79147
46282
51207
15940
74480
4560
70346
81839
44992
58290
43333
78458
56232
22476
28673
10237
25201
43425
22119
83232
60087
18578
95205
20776
23401
38333
15856
27114
40839
83082
21854
34528
33838
83682
5552
62283
23391
3205
94087
59935
96394
88754
19986
38675
59762
94952
21091
70312
20789
56041
64193
30133
3690
73802
26283
56834
69438
38402
72041
77454
3334
60613
59853
23768
1835
63567
45885
28734
32741
88667
72036
8509
1411
30923
38637
10005
1755
52770
49006
7631
62181
65693
92121
35135
19906
8487
54715
79318
20243
39793
13161
36813
37705
16004
11858
23023
67552
16193
72727
35660
62177
26468
61980
74120
38823
27850
50608
63859
31348
45361
44044
57347
47804
18006
14436
65112
72013
54391
8540
89487
47901
3075
42842
48494
73439
9059
65182
47616
25042
31893
86680
31864
60154
5839
44063
78095
84413
37106
35939
34597
25876
2739
89040
72103
4308
61833
16875
44268
85407
58934
53275
80310
69001
29933
46175
47879
71316
48767
79239
98165
25751
79783
90055
43104
74419
25897
89745
40697
12363
6473
81262
65205
70131
77755
90332
85885
82038
50536
47972
74520
77348
74540
32344
89386
65822
71306
51744
97977
2988
1285
16286
20266
74751
39551
73937
58510
13445
12074
26047
32458
30774
90288
95082
56813
76242
11270
2301
16345
83987
68761
88406
19800
29656
60850
392
51315
3993
13201
25782
14409
90771
11994
60554
54660
56911
42379
99317
90449
81761
12616
79453
95563
34399
71526
40743
23335
63995
48674
65012
9485
9301
46010
50800
86519
95971
86736
92309
19300
41727
80168
62539
27740
19625
53701
12921
67529
70317
4311
26784
96059
78747
69852
99640
22197
81170
67263
72694
78430
69906
84818
72833
78586
43840
79564
91365
33352
13253
35589
90405
58118
48641
90331
21277
18449
62407
41627
7229
37416
68878
44962
16783
65023
88738
53851
41633
31601
94387
21842
32252
78695
6227
78853
94794
72858
57262
14403
12672
28780
72651
16836
92834
92874
17637
19200
68507
5622
61336
14334
51001
21571
41868
30527
450
57543
180
50762
92066
70488
48600
97313
21209
1228
17614
11658
1426
95513
20568
44287
82560
26135
73182
86846
5256
9992
10789
49228
848
17194
69465
61919
78859
98023
49703
35470
22531
60844
33440
92226
9250
28017
55313
3727
18870
91078
84434
39681
14847
14013
69375
28807
86802
67098
12376
63957
96118
59266
47731
9754
77901
6617
99793
54096
66318
19249
62361
90813
93534
12226
63236
9580
22349
64654
41796
99906
8666
82109
66131
3432
28252
24984
10856
36192
64285
74303
55983
61297
56685
67604
78565
78152
41796
80530
86838
98240
53706
85305
83830
50643
9596
62353
29821
31937
37367
31900
72383
62531
35134
16870
80967
42099
79773
82831
52225
67517
31951
72204
61309
49587
78528
10194
35952
44245
22747
89655
58989
31479
67247
26259
39456
63264
75885
97109
11788
92454
7484
70358
24948
84379
67217
81747
55221
9240
41354
60929
54508
1891
66601
46418
60966
76276
34113
17135
76684
12413
95674
45704
46741
72362
61678
58709
49613
9492
40360
40676
20677
3865
34797
3278
84674
55508
24991
7089
74745
67207
87721
59158
27961
55357
54679
88293
32831
19216
7435
33875
78425
93770
58957
91599
46180
27960
78097
14354
67478
22262
52455
80212
99149
73032
23597
70052
32522
37756
59205
27765
58002
65837
70540
24136
17208
13744
94398
91337
33114
29061
6557
88296
56214
14816
32743
36609
8638
21376
11828
67830
7478
46899
35546
98101
97456
35731
85163
8275
62561
98559
90021
16967
52560
68379
45040
85445
70519
67318
43308
85473
12576
44524
23990
76409
15880
14932
52105
20306
14917
35281
57313
17103
38107
87460
62970
88723
48170
72362
3410
61924
13832
61707
97136
76764
43601
18367
12017
40306
67380
60092
17057
44628
70326
1540
74079
59452
50391
25041
59756
3311
35097
80638
73337
95858
84805
64352
20034
69473
3732
71351
87795
22815
23115
33581
22713
89078
640
3874
15461
36952
10966
34277
35580
41397
96863
17111
66826
46899
64205
6011
75561
66013
1313
91408
31617
90368
45622
56790
40438
31881
32312
35050
22890
93470
69549
44287
71205
28135
84637
91098
36705
45464
8768
93365
97463
31326
22816
91235
99764
22111
3936
79025
16301
24847
93158
84677
37043
85180
96631
12388
46910
2002
34196
36215
21915
99353
38915
71740
24425
6267
88528
15223
65382
37614
81018
17442
1130
72370
15853
36421
9854
65288
79355
53743
1040
94108
10943
95947
54483
66440
70951
85472
1744
24093
35667
83858
60105
30737
43789
26612
54615
18743
60679
99811
44374
43550
58601
26025
80289
89500
95960
61538
32884
69249
41213
33893
15177
55642
16133
13167
30284
34925
82126
98618
95664
97832
35850
51947
23773
9638
13128
59899
26978
74110
94154
98452
54708
80410
19095
24719
32522
19811
65735
6337
78182
94400
90096
56478
9077
12476
93128
96395
624
47196
2423
67941
76203
31029
8149
15565
65915
21570
20163
71354
99694
32117
96404
26258
36168
77914
94799
7661
80019
42258
55532
26001
23951
12628
23976
51937
41209
53253
89030
53714
97592
84573
27319
1397
34629
46332
202
43386
83809
78640
8501
93013
77394
46048
25019
9990
73226
92366
7964
23673
9245
53728
53439
71565
19808
33815
12675
68765
75438
39858
76526
77460
89568
54165
83413
62521
29715
1089
67156
38573
68071
48422
25524
98188
50398
77744
94852
94458
80577
47576
98871
50063
49289
71797
40910
56266
38748
81616
42066
74321
82264
57449
82443
70998
10787
10753
42706
108
28937
1635
71219
6606
64980
40742
55546
6040
26959
40480
45522
49384
8743
45981
77763
62731
4882
81731
53191
23250
30060
82489
81827
33436
59347
53352
36721
13287
52890
70092
85995
70388
65854
54005
23824
24895
80553
38024
45491
77685
48229
50198
52245
35398
24850
81929
57792
68079
46286
35322
97741
3539
51218
91366
63905
41436
5729
47286
27475
29370
99558
26547
27627
98591
43127
66744
28830
67725
11826
61498
95541
51917
59197
84419
65572
85557
35638
71345
49609
99492
26705
52812
57421
51422
59054
49831
80161
41858
90077
20904
96853
62032
56377
15692
35454
42756
12238
31897
69518
97103
18232
94165
38737
43765
80855
66586
21633
52634
27232
52958
48567
60777
201
10296
40943
21822
97058
63012
55238
79044
2072
67420
24336
53117
90368
11679
21575
9471
62001
11213
65884
22465
801
19042
39150
86205
58281
96118
90354
38890
43923
55268
71473
90919
34798
21188
25051
18622
58857
13295
30636
3101
4345
22765
82600
83409
88428
53406
50673
38822
57128
30588
14699
51358
93076
38134
16745
21974
81238
57847
60330
67593
61094
22165
72594
14712
97228
93045
66702
45020
23502
92878
64668
21361
66611
21804
85716
39735
4615
8519
92419
32361
47898
40186
92695
33215
39219
29451
43464
33020
39213
99360
68302
99453
99247
49225
69843
67089
40518
81860
7445
54722
77401
48491
7671
40807
21905
51179
99212
24551
45734
48608
63747
50762
70002
40395
61163
87766
71181
29837
98723
20944
97856
62187
5286
52546
83257
15925
31161
7875
16418
94249
72613
21039
69782
35335
22705
80847
75917
56375
83924
83849
31044
83431
77913
3128
82026
74089
40052
21551
53966
77565
6000
75400
23680
87784
76950
80169
11540
55411
8738
27548
69323
89261
89888
72008
36733
22518
1783
2341
73753
19082
50852
9145
84840
31013
79598
32264
98197
65005
77178
3411
59394
24160
74952
3466
4055
17887
91529
10635
5973
2782
59893
68713
56648
867
13740
2436
70732
44030
14387
18059
56333
61609
52619
97637
5892
5148
75718
97375
67096
10929
2330
26445
79659
78869
31564
11192
71692
39237
15590
39150
98415
47418
73429
82123
49767
61854
46862
44253
48466
56045
29000
27379
79644
93983
94890
42768
63783
89705
92579
45617
67068
46778
97546
27190
70629
6259
12744
36845
38267
71868
1998
66116
14648
32720
84046
38329
81552
67533
43569
38673
32988
66078
29435
31676
23342
46349
59635
13452
15193
23198
4529
8204
27508
79049
20869
72766
75952
49360
39835
1317
50066
5848
72656
91536
86017
89068
39918
31406
53345
97089
39591
41021
53949
17492
49288
49998
26422
37012
7799
25691
58211
90029
38522
73742
32616
5960
37725
41895
85570
54876
34298
24049
19035
77853
99074
27437
12915
24678
11043
26310
2700
46174
77
62878
30237
67357
72672
29346
93685
20516
58351
76711
96394
55971
78280
61601
61528
52104
95305
8610
69430
9336
5110
65510
64994
37539
57281
70062
32947
92687
11410
85213
1175
7767
87232
69947
3368
22636
20405
48233
50421
32096
35061
82311
51457
61272
13201
98137
68780
4977
86545
39901
57380
77420
40163
72609
36954
41814
24069
98238
91343
39986
12729
22108
28900
96049
28410
18847
18741
8875
90760
50509
74961
11136
32872
35821
69915
48119
12568
54075
84097
48228
65182
99110
73778
19058
16865
71231
53154
58126
95610
71073
28854
72636
68549
75140
68831
73641
7518
67454
39908
74032
35931
64014
42443
47354
1122
92603
10401
96156
92436
16199
43921
94077
66128
94453
67434
1838
65343
83726
35471
16390
57886
91839
35074
70177
27483
43155
61065
25704
57721
96778
17661
82879
48907
45906
14296
88766
95468
71283
51946
75353
67003
76097
61160
66897
1224
25348
21625
87601
63650
25920
74162
59974
8936
61735
9149
28581
16616
34199
64489
36333
90588
30108
4547
4977
60079
47000
95068
33581
92875
85371
78177
83023
95218
75333
87100
46973
21767
96832
86289
97572
52801
17094
92141
41770
23101
29841
96608
62658
98306
60899
47076
61381
25038
88559
16881
47807
24794
39924
56115
2838
66240
58007
37248
75582
33962
4861
97518
99712
98485
38449
9428
95876
16526
42747
89077
56009
71414
5555
92775
56716
25953
60563
76012
13262
98112
5917
81342
89241
6704
86050
53147
4253
64040
94888
26386
14416
71651
98188
58556
67543
92397
16337
92564
84837
37303
59515
31606
66182
50059
94920
6696
47686
10715
24794
13952
73602
67028
86577
4326
23427
10891
17271
34239
215
43687
1490
98795
44155
6512
18078
82203
88006
42476
59717
27549
33993
96073
19381
23669
78348
14687
35572
14884
66557
62765
6424
68434
20708
90789
25154
80504
87413
89761
3422
93463
65427
29720
68651
54379
26301
49949
92321
86896
36866
80875
73966
54824
87947
76146
58360
99423
31985
37027
94386
20762
59151
7218
31505
73032
48897
56743
73401
66520
88923
88498
40551
8830
55487
1551
35433
42987
23596
66790
5621
31321
4249
46867
24927
72833
47695
35235
5879
8057
30707
75900
65864
59549
42014
86842
66808
13936
29119
72771
15688
95572
66928
91631
83299
42450
2160
41605
93005
85561
86788
15384
55046
9000
8804
2878
47025
81427
8081
77122
77244
54145
65368
387
98170
27737
45167
4143
638
44840
80643
98579
85477
10158
26431
10544
69052
62165
4375
28678
87329
47380
79430
93455
40863
82293
27127
45683
51800
17210
83707
32853
77071
63035
99395
29978
64099
11077
41644
63745
58427
33812
93829
85522
12105
65583
65320
1214
4028
50419
25184
33585
12928
79826
72432
86529
13373
88737
94026
12328
74336
30226
90935
84254
61808
57719
18100
43228
21065
70461
96247
27196
82408
21331
22887
69371
98438
6311
44656
92684
67300
72853
44692
92493
46496
29354
51654
38530
42222
29679
94957
68682
34119
20387
41513
43375
15405
13780
81366
23269
19266
74487
84455
16832
80951
97867
85143
21886
56590
82626
92933
38826
10636
10144
63365
2740
13042
14836
22176
57420
24455
2710
86161
46753
79468
95579
14320
8290
58089
10878
58922
62583
8827
538
51749
36219
40930
76620
53001
76349
43421
48147
246
60226
69732
5061
51005
71498
14247
51657
58225
75032
35262
49961
53878
1393
95921
97881
57527
78882
6568
15851
28125
60231
30291
9766
82225
73810
80518
80287
51349
93811
77122
86438
44121
15965
53733
13193
59295
66313
25189
85562
16960
70490
67773
54644
48211
86276
54792
83420
37788
13671
61481
31182
29489
86994
84587
10913
54430
838
84205
88714
63142
85670
69880
70317
28491
98346
28333
54084
55057
95070
84648
3293
32993
16997
66193
89639
66067
47381
81900
856
59991
43997
73407
76872
29653
76966
75684
33197
79019
69406
68582
15006
31435
32867
64390
6745
6002
99718
16948
28717
99118
55963
97888
85539
10497
8063
28085
29467
61242
4073
63914
36643
20863
67043
91199
65924
72254
7766
25954
57145
92462
89753
77848
99013
75471
98419
93789
87731
14236
84968
43153
97269
72722
30618
89619
22257
74912
10315
45470
69732
25698
48901
71890
94828
34064
51726
74681
48697
18915
86359
9269
33906
15654
95352
85812
56242
9496
12609
98037
63011
35560
52379
42858
89393
7918
89580
17188
3885
63441
81095
72672
18936
52068
86616
97412
28781
38483
67135
10086
70175
32642
39189
71830
17734
70816
85034
40836
51859
56205
54039
6385
70271
57405
47567
11590
7506
53284
72180
57037
82201
24411
91556
50825
83786
88113
68424
87402
54240
18620
383
51723
92746
93605
29170
37274
46787
81627
4371
63763
26986
32211
19135
94807
49111
6409
20959
20695
44210
23044
35078
25836
18450
9647
17358
9949
18484
41020
9946
19613
51649
828
68832
18914
35171
87089
89651
44737
26187
17317
53231
32257
64178
39844
61326
6267
63585
36071
92261
96272
26620
5787
90882
43162
91458
6907
76168
33505
94656
70367
33990
58655
68485
79173
24129
43464
97927
35618
75214
23208
48009
84641
98731
92546
50937
47710
37280
21707
13634
45425
70347
20831
86524
13114
13666
71629
51814
10338
75852
38928
76360
63803
36780
12712
83717
64319
75886
48448
75731
57757
69383
22051
49198
58853
56080
20340
70756
35631
49941
19189
51955
25343
91621
14788
45092
78247
33518
11833
76371
6686
49444
78674
68852
50504
75728
1008
25746
86842
91089
50614
60839
67572
68180
34709
5968
47100
64620
740
38921
408
47324
7951
425
87181
2143
15797
67337
85537
84174
76030
21018
32005
89733
39746
38203
96224
12315
80520
26370
31484
57423
40296
56541
3550
44151
28035
31483
1766
23718
34627
15448
6718
19297
37006
15630
49851
39504
1027
54929
51100
56380
28905
33810
9075
58678
13352
31736
29077
76638
71622
1814
11234
39648
29993
44967
45726
62123
19370
60944
84584
68077
92723
90563
50935
96461
77462
84140
49717
24862
2458
4777
59428
83125
63360
96905
58163
44289
44394
46147
17905
83539
18649
98404
99582
75941
8223
65896
76815
84241
25206
33281
47611
89823
72418
53864
95699
41441
58303
45588
49338
79740
38953
48374
44677
26404
5747
16754
35318
94610
67567
48678
74647
18459
93776
44611
14246
4899
75232
29145
9904
43524
77293
45565
18321
46020
90521
61539
24884
41683
56734
72672
55125
98924
40470
34165
87170
62082
37172
54963
11626
48411
77111
99751
14535
89023
19989
72044
51419
64335
17178
37510
82139
98858
91772
64713
78067
22074
16522
19875
24783
45722
57009
10621
99536
42802
71832
47062
54673
99613
52146
48251
36641
47785
29071
59630
77918
80091
85267
39381
61746
6740
80436
5424
80452
78486
35065
85481
70897
78723
44185
83655
8559
99320
83909
8146
71729
97970
60499
2456
45779
18052
80453
46044
70698
1178
33815
35994
45383
80948
5047
29839
61592
96072
454
62523
45728
64276
61609
2153
32056
66015
95136
55211
25395
42980
99860
17214
99341
3897
41344
87919
19305
12682
31808
71927
90629
88892
13890
83991
63846
39796
64474
57822
45603
84414
20215
83113
93887
32997
98742
54251
35805
62008
35509
22121
8328
48490
9767
48012
5006
62350
45243
20657
12567
24119
29525
49814
56204
87653
9045
53828
12731
92309
15222
54875
12617
61088
79267
98616
16603
29181
90282
15727
77642
6476
5874
21787
24403
4207
12010
29375
26130
74297
55577
742
40918
90315
5441
66252
24359
20112
12317
82760
73589
80509
17808
72717
82701
73443
38706
48625
30211
95060
84661
30545
33976
94305
6467
8873
91789
756
47279
37372
60526
90189
59554
68195
80850
34401
15680
44460
22233
15382
42870
42043
78594
40079
28414
21454
44978
71527
12178
53627
3558
64969
85283
62327
63318
92350
49741
11800
56112
10044
72430
88594
66394
59964
6741
97274
65264
22165
74713
25492
37444
48967
80148
42424
74697
79101
32605
65867
52044
61667
26604
8107
40783
33402
95555
61323
79568
68403
43844
69330
79673
92163
35230
53801
42531
61604
11144
5718
23477
60587
61662
16446
38357
76561
4152
31122
58146
99016
92048
6726
10656
79344
89209
10934
92015
43907
18522
44766
44688
35319
68238
25343
58623
80536
58054
7611
90096
63863
32898
66273
90882
67711
93062
73054
97850
99167
3783
20447
54179
18324
33529
23071
74577
71367
53090
54323
7554
10494
83683
97651
76605
27959
28789
32963
13349
45298
65262
74884
12399
72445
16555
97700
33639
84168
88746
61204
41475
96988
73029
49065
71341
46978
29670
25721
7331
78416
42582
84880
28084
5715
13049
26654
64769
73659
35744
14020
81415
99547
42419
87275
22400
7814
29621
38280
30961
73011
47428
29307
60604
26881
58803
55048
45249
52853
22955
23518
25699
16952
82994
61164
21608
58431
96400
14998
78424
91644
26764
96982
53740
7843
3015
91881
64996
52017
66110
35593
95226
61212
76660
36563
61027
77360
14232
84012
40314
95790
75597
80812
17825
63520
52281
53579
56344
81282
11053
60453
79623
35681
19380
81737
81109
74435
87553
35483
37495
24183
451
17284
1176
69082
37492
83514
73408
87378
13234
76436
42272
96470
72608
49013
7214
84428
99024
65211
32663
44251
75004
25460
87459
91549
63921
88987
94984
6914
40311
28461
36714
82756
69235
40173
67410
20058
43631
91376
89274
7775
98155
19809
28843
28012
17567
13706
38732
53283
87635
33764
51631
40792
42695
64526
45043
67692
18289
14252
9119
13295
61477
29791
33115
23513
31196
59013
63786
89812
50957
11468
6933
63673
63164
67245
22878
65193
19628
34661
54744
59014
57802
4975
24336
47166
4863
36942
5760
53189
20698
33100
93130
95703
89749
59174
36456
10275
43678
93153
23876
52903
80269
60848
63645
26526
26661
41022
86738
13327
88540
32435
82509
2530
36104
59773
51819
71440
81444
44346
48627
36552
74704
95319
7747
64336
716
82692
14382
89312
90118
15847
69684
46175
70639
62519
24861
60575
16083
63828
55372
84512
12866
64615
41946
17449
44923
49685
29863
82093
57323
26035
65163
55215
77023
343
84422
77422
72086
25307
83099
54916
74771
25505
95909
62300
64846
18496
2041
13233
27525
16911
17668
6713
1709
73595
92690
59562
1913
99076
41392
55371
9660
32937
6549
71525
23857
35282
95169
50279
95681
98739
22599
45975
7594
36853
93069
96562
12891
81351
5319
9404
23779
26238
52589
71250
26516
22596
43360
37502
1997
80727
39156
68058
54341
40367
45019
13817
74683
59146
89218
61578
46136
46742
86771
86879
54063
20500
50074
2520
24126
8758
73771
21877
49878
83482
26214
40505
25928
46867
75920
65126
77073
99539
17641
94528
70683
8461
80140
30482
30110
7624
84316
74843
38334
92210
20311
47277
30294
37490
98973
85363
7152
99708
6070
32091
12084
98445
70312
55907
69405
92649
90986
90248
19014
58142
7911
5686
61860
63874
65939
74606
89856
48423
82870
3900
2466
63917
3839
1254
24990
59857
78777
87947
26383
90157
51193
85719
36079
22237
59911
90811
90915
31726
66573
36794
17620
23074
80665
15206
72263
20771
62352
9408
13302
95333
31183
6352
76078
97802
24491
60269
13326
70392
84671
43402
40095
63952
55283
94112
12086
43353
73116
51949
53735
45716
67481
2815
45880
55723
25172
10670
86798
19677
64408
57392
18945
24246
24037
43564
10180
69182
60525
43998
67950
59321
10633
31829
92978
66095
91283
16167
54043
35686
34210
7239
51906
17034
88646
87072
38132
98219
28291
17300
13511
16263
36861
46105
50141
335
96602
64167
253
68192
46510
27155
62823
74465
51347
27497
15683
20895
68996
72539
94987
88165
75822
1004
56465
77987
31726
87553
9907
69929
35335
73576
37970
62409
22843
41131
11462
31510
96329
86160
66771
42794
14652
73798
62009
88133
68316
60904
76258
38313
81145
81259
39443
40658
99642
82802
73242
25356
53489
25134
45859
94411
10321
77535
19287
72733
70599
45425
24137
22167
27391
67895
11182
34662
48359
73288
5006
22799
12874
56599
59650
66404
51973
56983
45552
45013
62456
10603
74534
36958
17787
67805
56227
31184
77664
97258
55140
25229
83644
14242
72543
3391
34430
20929
6246
59885
57267
40160
10118
74029
39896
1998
73264
23705
49609
33899
2141
24299
73028
98893
84671
80902
54279
46038
305
65959
48444
15517
78289
86360
97530
57580
89792
44821
21044
66894
90437
52083
81751
37179
31672
80777
62571
15842
8313
38282
90041
15331
41169
41829
337
3213
91901
95136
75923
65028
78363
55326
46726
63471
45697
14092
62971
56659
64713
11197
926
22108
44523
87184
69017
1431
46109
93809
79949
46868
81668
11082
14837
72469
50476
57609
6154
37055
30832
25516
20935
94716
9873
98509
11948
2628
64781
93256
63916
92266
34982
44694
55746
61864
81403
29517
41086
2943
88566
44540
15214
3739
3635
64736
55622
90020
38011
8794
64691
38174
19658
66186
60126
62254
36983
81825
79340
50275
10458
88240
87835
16061
32169
36083
50899
8124
7501
61562
68385
12913
16858
38178
99301
98586
34995
3092
3950
15048
24481
39345
4814
49294
53639
37588
49716
63671
39306
85106
64868
8267
85883
21753
96502
98124
18989
46900
93311
18399
29416
17676
65811
61406
24087
46395
99167
48167
68716
65364
52325
27533
59982
20299
78341
85050
71064
12587
82596
7295
73004
9315
56039
46718
48729
58781
43899
45021
27026
87976
29896
23300
78843
91255
85756
34147
70871
84955
63845
47279
24227
6033
96497
77164
73218
36665
90977
55945
40201
11439
85025
13839
67472
31095
72121
4404
18017
37727
4044
6092
83824
70740
22837
28689
26856
89377
94840
22391
71143
26471
21380
64960
32672
92998
16636
21557
71142
37948
36975
50657
27020
28711
67489
96847
11362
49197
89438
52504
18589
82620
42004
94709
21749
87081
51022
38569
72765
55449
75609
57764
26303
94736
68712
91926
10841
13492
90652
69891
89835
2741
56236
62427
32569
18206
13969
96781
20394
95829
42280
40337
7945
28962
41006
83653
19150
66611
8727
21070
96894
14250
49750
57220
98493
28194
59914
37289
88578
18513
17201
69494
95732
96541
84075
15791
74223
37138
58571
22751
72250
20627
47613
7196
31761
67832
32556
10479
55189
56677
40915
41103
7203
83743
26478
85704
83920
4900
95302
52740
31679
36285
26188
68758
20290
57326
16604
79951
73501
1535
63126
96679
65336
19559
17782
66134
5296
50230
32056
62421
51966
50354
62744
90823
27966
67774
51350
69656
35967
65484
68492
77980
6339
31563
18816
71105
10335
93622
93661
51929
71840
8788
54829
51424
48867
4168
21683
39001
58322
88305
72966
26281
59057
26542
70331
14253
67829
71308
478
14336
95942
76569
34211
24178
20233
67177
11538
64922
90909
44591
40977
68492
99774
47545
40526
86031
38632
55503
42851
27595
77840
23987
20719
11675
202
5098
33452
55112
17421
21435
12295
34621
3320
56246
52681
42578
42662
31612
18236
33546
62433
87466
62285
88687
94005
7510
13722
97229
41456
64938
68620
23903
8956
27156
76873
39397
52739
34528
42900
81672
41680
76027
84992
17904
50610
82962
57836
18395
87823
39552
4498
19575
52632
24917
83258
58447
84406
24732
83119
68013
53893
3333
16308
76179
18883
93858
34625
930
71409
94654
5963
66363
46195
39980
20265
47296
17229
97596
67162
25245
73411
52617
48696
25526
26251
63538
98553
28593
23926
43039
71567
75908
18816
37805
64634
14427
22260
90538
93342
54728
27755
3791
20174
21526
73552
56011
87718
48726
91520
4230
8809
68692
1320
44215
90643
21969
794
26081
4088
38930
61810
80577
64226
22833
80807
87024
84434
10218
48113
22365
1143
34762
31796
39775
14248
68597
31124
44411
91366
2273
2986
32030
75919
49560
31572
51154
20997
42478
68100
79200
24468
48968
55205
40952
46011
59862
82660
89347
14200
20821
83059
60045
19188
55825
29888
74896
56483
52029
89089
9184
80342
81838
23616
95493
86764
48183
26324
19252
73413
5874
22115
51736
50824
96575
43472
86897
74009
352
77046
93666
60812
85477
71987
36090
70386
99644
51849
29833
27896
44082
3130
39956
87116
74031
96848
33423
22850
51898
58280
54883
52658
6319
69082
10650
92118
79164
76893
89060
60248
84384
11911
19837
56184
61863
17022
40137
21830
58648
32631
79169
61511
29992
29122
8900
30842
50594
49052
39899
23282
91315
56975
56881
39082
7167
32673
92474
40391
34010
91625
57110
61912
15327
32233
31361
85803
26836
33897
30515
63658
56476
95620
68470
38931
98110
56489
43109
66951
61699
29317
3757
39298
29999
11351
70577
96864
20727
81387
94094
99579
14620
66655
49386
49874
79593
59368
32933
6833
27136
22327
25280
50393
2504
54502
1937
90687
72181
4845
68775
65334
14698
26249
15427
97792
92532
59594
13329
86220
27247
54963
3497
61753
93719
52985
85581
94042
44125
809
3457
40215
90269
67893
65813
76901
13657
37247
43570
60621
66673
77443
46027
18187
73720
98157
88867
81075
51703
45544
74180
28916
93883
60616
51167
85777
52053
86402
242
30985
63627
11236
23082
16240
83753
27422
20008
2843
49240
25058
68817
50315
26468
565
55260
15457
53596
34432
23335
98835
8365
86376
57651
28812
63646
55775
73186
63688
54808
95669
84544
62198
13329
79808
49442
81286
62391
52490
75682
30167
94609
61189
95628
56800
88786
98938
19173
62689
38119
46522
15732
34820
78953
70612
99164
46762
44923
7835
852
76039
74168
88129
18791
16811
88706
31044
90435
56295
16242
77080
62892
11882
19941
81829
34369
35298
63940
66668
79581
54997
5443
59678
63495
15205
60873
61654
46655
76896
35691
70495
37210
84928
51478
39244
63045
4459
15357
69086
25056
60785
14109
49775
6267
19759
17530
75328
88738
50567
11148
82188
85749
39906
93612
61688
80202
57170
26881
10097
99810
39640
65796
72281
93320
63111
81546
4774
5047
78627
28725
87260
48294
28884
9773
35778
69810
13614
7841
3750
88110
7235
46289
93806
3368
25377
21607
29679
40842
19519
98203
24972
36329
57046
60607
5512
98999
60712
48473
13542
43165
87048
45635
20324
32421
19520
76574
55359
49600
92636
55474
25037
75015
59817
67400
31702
46036
17804
40526
77035
66654
38829
49158
83226
89215
70781
24170
37753
69736
19499
73613
64815
36853
36813
85968
6210
47286
95957
64520
31776
38636
33730
74221
88206
88820
82676
93514
41215
26309
31351
34386
82458
64424
33437
42101
9545
29972
87449
76277
55405
75899
22951
91626
48432
65620
30510
2830
12441
6166
67103
13487
56142
76757
12804
11621
37791
64060
94694
12422
19031
83523
92056
89274
92003
98930
75777
73133
701
63868
36609
51954
32157
34737
26083
60948
17946
1004
32393
49761
73735
24735
23193
89001
55365
2532
89245
82904
81670
53800
77568
52768
41407
22499
47714
48136
74186
21039
9203
83474
27460
69133
87272
89418
32022
97079
41381
66172
96016
98722
96293
98403
71065
8123
77869
49801
97387
46597
40941
26482
29759
41564
63210
60386
59897
15696
59649
41468
16094
18060
53772
22600
16215
1042
43196
37113
5766
68499
48130
76586
5813
39209
28055
99531
87
78247
40192
32861
91986
25691
22284
17434
18797
93512
1836
54892
38904
20526
69759
84319
72022
59763
44305
6327
78035
46528
54858
91052
39457
21676
70612
32027
39486
9056
75881
26760
27320
94441
83127
82925
4254
4122
96812
78776
1414
89436
62314
40190
10695
43196
77107
12471
85566
43700
10106
1535
9505
85927
59680
11030
33207
13887
33725
10162
98156
8708
24218
13763
2759
73561
20018
47147
75390
46471
30317
52532
69696
17648
30409
4963
73439
53542
14955
15196
10361
52863
57939
13240
89597
9242
55968
30644
68236
38105
26252
78877
97223
2304
15505
76995
30565
83252
11648
79592
83347
58023
47628
68142
81221
97455
99509
96319
85326
21450
11775
32512
19915
5425
70209
14130
20162
19483
86775
72512
88318
75288
53410
94596
11309
22704
26604
7965
20073
68272
6295
38539
38029
9867
11339
72358
41097
78763
95997
65725
84260
40883
20931
82510
69121
69337
56074
4153
72537
43493
94941
91822
35997
35888
15809
8077
73312
64447
45533
8689
39140
7531
61410
18695
4093
37528
35692
53043
27547
73786
36057
72829
639
36316
97268
79596
7157
52329
55556
28797
32411
9504
69340
30371
86479
57425
61710
64586
64013
68904
72367
89708
49256
14201
53365
51451
74140
54526
22020
55160
6477
69910
33266
54972
62989
77782
98933
74647
25013
94714
84664
46713
51877
8299
1320
11896
37323
84822
30216
75762
90825
35704
32628
31759
20098
13748
14260
69608
80326
60741
16413
31114
58653
91395
79811
31644
64308
43020
46386
54051
8378
17361
53906
96494
6724
55171
85722
1058
95992
57197
69760
6712
48917
85983
59852
17164
79205
56749
83274
22213
10101
82796
72337
87612
71194
73561
94312
75511
35371
18650
26313
89437
64993
19742
33046
21348
21510
3833
98538
9691
8248
74855
62517
84683
7028
43439
45004
85230
56170
18032
14232
86
48424
4464
22367
15960
85679
62180
90429
55338
27055
63438
22703
60560
65909
31271
29977
837
97886
79272
59922
78479
47451
41087
82800
37059
68742
21865
30024
63448
62641
44273
27317
38675
21949
47849
3315
43175
34268
48868
5798
61616
67258
57292
72283
417
53332
91474
53975
4917
86958
6116
79726
35335
2444
99632
86099
62777
48702
90505
1293
16488
53879
93203
32028
61299
29725
6767
29082
65967
58189
53086
39003
23509
28501
85049
42095
29242
6064
27974
90959
37093
2947
76914
43795
85434
24156
48964
54303
22611
25023
54665
2609
96233
94673
97974
68727
95298
74838
46025
43057
6109
28189
73989
40455
41507
10371
21618
9670
54284
16066
45709
50133
27482
57415
99031
95959
7737
77355
11292
58451
87850
75263
39931
44923
43947
8251
37027
60503
17104
56185
30581
65766
32953
94860
73911
43586
19183
58013
37527
4918
14881
43366
50861
69161
77803
54728
60999
28040
71824
20988
11702
65571
56209
79757
48153
41944
21104
50048
57312
90919
40314
20189
53
62183
42186
68364
69649
28271
17959
73195
330
32469
17806
98847
83422
50939
45690
924
37390
83573
83455
57248
24875
25291
25922
321
81644
73991
4373
41827
72485
68864
43021
86997
21888
15388
42959
99459
68159
40748
48601
34729
71448
68088
56583
39917
76658
96004
19406
55038
80511
54451
89035
18513
23688
51084
65979
89472
74833
49468
93199
54010
86782
39421
46843
18033
52518
79972
30971
32639
17920
40757
8689
40548
41464
12382
87261
34812
26442
44059
24033
64704
31252
2455
79716
99576
79159
56521
37137
6111
34722
89977
40722
77779
47020
65786
19810
56089
27013
4393
59489
69669
98891
27941
15229
97032
57149
44831
6948
86734
75145
83468
16869
9137
85974
72056
75525
1621
20786
8364
44704
86258
15305
20697
22726
39121
20520
18728
10602
10549
15254
20887
84890
53870
68452
40193
95071
48084
43778
77540
86264
30910
53519
75692
19353
69773
26454
35857
94189
30840
82820
36694
8633
99287
37139
18575
14
98660
57414
98518
48651
74740
13769
24668
57285
30772
53882
75688
44562
40105
96230
51334
74536
17279
78312
89588
68449
33204
62314
73653
69829
82390
98909
52108
49906
19193
77163
26115
62106
97728
5527
25575
76103
62644
32682
69714
55435
40601
79165
8853
11301
39941
95075
39764
86452
10822
47132
59858
58119
45231
89019
54375
9513
43274
28449
79171
25406
98342
95391
40880
22757
64823
36678
78224
8456
58869
78844
41285
57351
82025
39250
14289
69226
25203
52377
96543
94999
53909
88318
88072
16268
43606
47074
88787
3219
29624
38446
22902
58643
92934
67399
945
70024
58109
5771
5843
86197
96725
6420
61177
60278
92399
32831
47550
47917
28664
33344
93465
89732
24148
15482
94536
32693
96135
17454
79542
77867
2340
6747
16211
42258
23189
505
13304
84886
36482
6754
58887
81039
96325
94448
19832
11180
6603
57806
17072
62105
24646
14262
89175
92926
59005
43286
99750
24669
59457
3857
10408
67883
73089
61604
15742
83179
4046
30856
93481
79628
44256
40443
19245
97625
35236
39949
673
33529
30363
44178
28609
34630
71676
10096
19275
84799
73477
81206
58136
45249
48732
38553
28493
87252
56848
74801
225
97333
61430
1850
63278
50838
9179
20463
24178
6837
74957
68545
9666
75073
80678
54022
64297
41336
66282
91408
46828
57782
49362
42102
97489
74704
41141
62438
81197
11235
7363
4054
77315
59136
39101
22650
28408
45237
55948
88325
92609
76224
23301
57796
26457
2553
63349
55619
36922
27942
52862
90232
6262
92011
89886
43674
85473
99510
58235
71551
70325
89951
64329
10897
60540
10653
40114
29381
55276
18620
55392
22529
42735
11620
64338
18210
33822
96187
71710
59452
47544
57954
13498
87896
72899
17026
39837
85607
5554
30711
9851
38222
33788
54803
13882
58335
33442
56258
77350
9897
81590
73444
44981
79615
33939
17184
44468
86377
23797
51397
73500
99939
77855
30671
77687
30289
77800
78450
5652
99978
7797
66040
36888
2650
91862
17648
5151
939
26792
26787
11062
69279
94474
35480
15590
56599
6981
21545
23934
81958
71384
94826
25135
45052
1243
59319
1669
24978
5423
81076
22122
15335
39793
89316
17659
70626
72619
33043
60679
98245
7129
20971
18636
72833
29701
52335
37850
79010
50982
11165
24004
32872
87548
24240
50727
2052
83492
59243
10506
10188
8844
87570
3269
59541
87373
56938
50906
92969
22808
41462
69431
55671
28480
33644
17339
79545
95294
54222
11657
48832
20261
45897
84555
96606
91120
22583
92627
60778
49156
27053
75786
93527
57765
22977
76460
46543
94019
59820
43002
86102
51789
68158
28086
63714
60028
39298
94789
19273
28599
81450
15436
90438
36917
10701
76154
23439
68848
23515
9544
74422
64862
57121
630
98403
61165
90483
79428
49206
26726
16522
16342
98869
2610
64435
30285
49455
15645
15575
75869
63023
78799
58949
63178
15009
26465
23521
78630
28254
19462
25275
18625
68828
73523
96427
46583
50925
32706
3273
5477
71332
68195
35082
95062
60432
14941
79459
5799
11740
2152
6903
48306
294
43887
55807
56178
83232
93276
85905
72833
43722
34313
19278
35512
52560
18574
64198
94147
15057
31122
64483
37285
17341
88502
44107
23499
58860
71470
25829
44501
67245
14576
96740
34194
85821
21376
98608
39353
6353
32551
54787
78673
65509
59353
64707
15819
59064
55918
78223
64711
728
9548
77099
77393
21897
64676
9902
50640
51917
56983
12293
15715
5417
83238
73774
45489
43543
56590
79558
74239
76416
43735
14670
95373
97176
87603
43328
52454
31741
61646
89734
83357
47158
52269
58511
83033
47071
46215
89326
44118
60404
39406
11635
30359
57876
26888
82218
79920
81707
91240
67736
45088
87508
78468
29137
35338
50330
1752
28
45776
77269
36189
80720
39851
24012
67672
75102
4349
5633
78504
42587
81522
24025
94638
42716
72522
12047
60357
73728
14258
13584
70401
57244
84417
35111
37120
13816
24229
38964
75293
86059
79129
28448
75586
81933
51064
10030
68294
39083
66969
77455
61942
34752
32209
25824
54444
1146
30948
24991
3294
7702
14550
48204
72449
19604
6014
85025
85853
5578
11450
73040
71678
69502
43663
11677
10050
55744
73190
15008
18856
27360
47355
546
54898
97201
20862
89767
47181
17826
77424
13667
304
89776
23628
66801
84060
15239
98892
12733
57235
30064
27272
62956
76466
41596
51060
89821
61274
8379
61555
97034
30818
21764
20514
54216
77504
54299
94117
45699
79225
52168
15011
44325
94873
69085
46078
42331
67787
31668
35311
50385
68891
86172
25912
64523
63407
67668
36315
79409
362
96300
93121
77416
78406
32370
97714
37691
8476
74844
75541
83551
28286
55367
12040
49890
11910
33635
84925
21249
18856
2213
97038
3034
80444
58353
49761
31704
48594
24943
20710
18412
4082
37423
56809
41440
81045
12013
31230
7218
2818
62503
80553
73337
16117
94438
30575
67010
97168
53260
65543
58848
14642
51274
17086
20616
66666
95937
35913
54942
78891
63134
37120
83915
28982
5848
84006
23308
62432
26354
73857
9829
92050
30782
49684
34555
98984
16115
37720
30893
56305
22911
24528
49569
40856
62567
70966
90353
81797
80070
30990
47429
54670
75354
34921
40369
90804
33146
67684
41057
98575
83637
23344
88489
9133
70865
41359
76892
22139
15207
57487
48367
46875
34076
41731
27602
97280
42538
35983
9694
23791
70105
26671
82570
34384
46438
86775
37645
96617
39757
31772
38736
67417
9737
45786
73537
89246
30005
96990
65185
71189
10091
81783
55742
71734
31304
80281
35346
67757
26773
54378
97941
57069
38320
71797
47929
81475
42266
59136
62235
24972
6633
12234
19508
90733
4684
42718
31653
19159
75549
80706
70626
52957
89943
81049
77375
85205
23002
56325
66272
32276
78758
58351
56036
85404
33656
7611
48870
55161
3327
57906
79756
74326
22014
21752
97746
23803
54185
13853
46745
25112
68677
35366
70291
61307
20682
95998
65396
36593
89471
90137
57882
3738
47123
63654
56492
84272
92741
81650
71814
22015
69454
97936
9466
34298
94690
13876
91322
1849
69893
42353
11528
27136
29413
28915
51893
66187
95457
69164
77221
66496
94631
77237
83591
20050
29462
6015
78222
95795
50921
81434
24301
34345
72887
33859
1095
37810
31827
47740
79054
80680
99104
11690
10911
45611
21520
49468
20339
66412
91470
79142
15406
67922
33422
64039
87258
55704
84968
56346
9588
17845
58361
43676
27268
54548
20302
49410
95220
43254
15465
33702
8737
74604
51112
3260
99043
85513
74231
6619
82435
44016
49402
2752
21349
69888
1476
85206
52438
37491
4225
60181
96555
34204
64268
52
28812
24873
2667
81516
2172
34067
22477
72017
6147
92908
87802
37615
94796
28251
13341
98848
70288
16926
42070
35447
10673
61017
484
71387
99388
63815
76673
55428
21775
53454
45053
21177
94737
13971
39263
51106
50046
82668
24181
37309
39055
92085
25204
4820
37429
53980
23735
79609
51288
59433
60794
57291
56005
82758
91207
61030
78147
2484
25348
7635
91041
42061
86565
2572
57348
45015
28753
35588
24111
82297
69874
52491
44151
63759
62070
37407
61690
58582
92780
50311
81808
7756
98444
92010
64398
77170
71725
22130
37727
93657
41523
58779
70868
9135
95589
5738
41771
20749
97746
18890
66021
59869
92206
67309
69433
46652
26188
35723
48519
77835
20723
70907
36339
81976
7324
8394
1236
67073
12164
94552
8967
51560
80868
50899
47252
80119
51070
85777
94615
92287
44600
79205
8115
97626
77209
88820
81661
50113
87451
16504
30107
88073
41671
38938
30624
27468
82782
89479
80845
47742
60239
55258
84414
37317
28582
98354
638
32668
37506
3811
89245
32595
36229
11556
93013
46029
65666
36524
32634
47301
77937
80412
15077
30440
34505
20639
25703
6235
95352
61991
16988
54888
38103
17598
6815
44562
17130
98459
2717
52941
45290
36518
9730
4808
10082
98676
23519
75171
88152
21574
50551
58165
33808
42734
51155
57835
16493
56425
17511
25597
93962
90662
44680
8942
1829
93501
28018
72171
50710
75885
552
59267
84422
3732
97592
38101
83898
385
38574
58318
45572
25130
10672
51648
58290
16534
80160
23965
13992
20983
24123
85998
43483
62625
66868
96040
88268
48592
23758
74192
12918
29198
93642
123
17510
43182
7868
76545
66846
77690
94838
96542
71289
6926
92622
57319
61884
59807
17784
12899
70712
33960
78934
60807
63510
66827
3392
49079
48188
16860
70726
2641
97817
93224
43464
3273
18350
20485
30787
65300
45289
82256
14658
46266
90061
72461
2658
2331
47111
98103
45821
45486
75287
90669
34700
99021
6769
60325
39936
94420
13523
98320
14550
73945
98602
52271
16133
75200
89852
35250
70832
77626
61479
75882
67099
55436
98552
86899
18331
28918
5401
96032
81508
15952
73959
69915
56814
98872
71202
87537
62986
26821
4469
81723
91238
322
4807
12972
42532
96457
10977
4902
44670
14907
5880
22310
42236
5223
47302
54227
1982
41388
64575
9293
59458
45288
67708
48225
77856
79290
74201
26715
49651
18191
83412
1306
64798
49640
50285
54498
64785
64538
51478
21546
9278
82822
13046
91065
63314
32195
69801
92581
3106
63305
40697
80964
19362
94791
23923
7596
50962
53189
90052
53472
94061
68058
89983
41586
33194
87108
18145
40103
80483
96247
92825
96080
24122
801
52402
23838
96567
39714
73501
2665
71807
25285
3559
7321
33508
10421
94121
53108
93485
83184
67453
87337
31798
29775
12391
24321
23260
49799
29387
7810
89130
46887
68272
51063
79178
84504
68137
94829
75478
8788
54635
89978
10723
60415
4645
14458
6444
9397
72514
70504
10526
87617
67445
98882
37051
56880
92192
93029
69650
11598
96377
62721
66502
3821
53291
36720
73830
39117
13695
32144
9560
32680
33516
24485
67038
99254
63114
48258
21149
24790
47452
62085
86103
41818
97180
42276
94475
78721
60105
47241
70460
33429
67191
90094
5381
50225
35548
84309
86173
86377
29635
87065
44833
22077
88563
59071
33819
26268
87984
66639
71229
4994
944
73130
62607
39121
22164
2709
26184
41074
38616
16565
29284
36874
73953
48187
74416
45304
88088
40586
36280
13378
37294
70993
50821
28400
96577
55508
29769
36383
15685
45257
49519
87340
11704
61092
44850
27985
18570
40097
69839
61804
80603
39147
30159
37474
63554
31372
58551
59517
98905
99870
25028
74449
52678
88141
94098
56241
94941
68392
7726
49045
16636
43929
21998
33401
20961
15983
96154
54643
37550
63992
28268
28425
21804
51442
35957
58157
90147
93712
6337
47064
32132
5442
52497
20004
21213
42469
13324
32908
86723
67033
25910
85458
79562
98688
27990
79737
31379
85364
10228
83119
60846
20735
8214
91030
2035
42110
41930
86468
8973
52035
78222
24739
7064
33255
22567
4164
65895
67970
34651
50054
1693
71062
42982
19919
71644
15487
12648
92442
23761
83749
60437
82532
86943
39478
15144
76701
58524
64546
13812
10780
33378
3465
1294
90009
1305
37253
50976
18640
91084
68680
29907
88641
26812
41972
98229
18665
52937
78031
99996
50599
48682
74659
94464
81788
53672
6363
27357
30831
79562
76640
87129
64923
74703
71440
96956
50234
42809
16129
28690
77654
24981
49629
23029
48536
94413
42768
97098
58393
29037
84323
15013
37295
58678
72409
84278
57889
14974
80414
40674
65804
96939
84062
74697
11832
86054
75584
7746
1897
37279
98863
26989
89746
11878
54639
11095
82707
87464
92318
24976
96802
2868
25184
45186
66322
82109
29662
95394
75335
47120
43620
99995
14069
92357
15034
77484
3427
81249
92714
54614
45528
8091
46746
55110
86008
44669
19979
7218
57816
17130
57933
41609
21504
58039
70357
62674
83819
43736
35088
9931
68637
99423
43133
54474
74101
5556
23164
55656
92552
8497
6470
27953
75460
6560
6487
95629
10024
98163
85964
2219
70989
80017
85466
53824
42699
13382
92404
89806
11770
39247
41797
6375
87668
878
64542
96675
76294
97468
54897
5178
21216
90714
99400
69457
7938
34098
93722
89597
80378
8459
83272
22963
19567
1067
32928
53123
13210
72809
21485
79913
62092
37393
96821
96361
86576
96161
38791
94255
2633
12073
26841
29072
63195
87631
84250
89498
44964
14558
31377
68794
66149
45146
35298
2123
37982
55041
65359
82954
67889
37970
48980
79820
4503
84373
68958
37412
42004
99555
42160
15985
6886
75668
27387
86253
87241
13179
7971
21672
34881
58480
54614
31359
51492
16377
44406
79289
68148
39893
89683
18484
23413
5186
52075
87115
50072
26917
37425
31711
21686
42375
94945
86403
39536
95452
37177
3455
50283
42835
65826
14368
87947
14943
9939
73976
61989
90571
18606
26380
40223
65400
79981
26511
60816
62319
9778
87127
2893
83483
42068
43717
1998
58208
43827
47458
68147
34548
43133
12025
10960
1090
74681
95564
58590
42060
88711
71177
84033
63335
41328
72644
94685
39648
8545
99553
40013
12900
61890
21674
69570
70402
48489
97483
29235
600
61404
41589
86841
53124
96800
48478
18505
93547
44310
10974
48402
31846
99578
22341
70858
73022
31360
50830
93487
1020
87444
23875
5728
25704
98729
29808
7349
88691
8456
97712
32740
37614
28479
40600
82871
7153
49466
55733
99165
69850
72177
38280
59900
56342
93902
74790
75670
65535
86850
63072
42622
20901
44544
49437
2420
59167
8071
27026
59061
58766
11322
97859
84253
65169
30234
33855
15361
29619
74615
99529
43670
73847
56974
85623
89601
92066
89204
94955
13237
49724
27354
7903
46897
48230
20768
5654
95230
65504
84545
23560
54033
7440
3650
10724
6862
51298
34827
85909
11346
41540
74365
70944
46164
76280
1163
26377
25334
8828
3631
13465
45890
70305
29917
35093
20936
31412
22383
13422
15237
14569
19785
31900
85541
52746
89414
25745
73287
4215
22047
50591
62689
37655
23034
806
17582
16177
16840
81408
53725
83645
67620
21248
70088
40974
98563
70185
57381
89747
90486
45610
95663
44592
20548
6825
90149
21660
86649
97551
12632
5076
49321
94836
40429
3981
9906
28915
31110
27546
5234
52667
10912
8229
48432
18595
38848
75098
57604
70295
22538
389
56177
1651
62288
72780
64060
83276
14184
27772
9289
5983
62303
84210
27611
13152
41750
75610
31416
61489
94337
62218
46091
32003
94965
73157
24108
23542
72491
21863
49879
4450
53782
53701
58777
81561
36168
85121
99817
58684
90536
99888
99660
8301
67028
19514
23677
10477
31069
4608
62318
49502
56220
1825
9312
20420
42881
18936
25916
94453
70689
23637
84014
44663
69234
66753
57243
97273
88876
88378
17033
30395
51601
99000
46892
18540
62846
12538
70421
10254
7740
18192
90496
83687
59793
72964
8514
12479
53662
12302
95552
6188
89713
65809
37956
99290
24618
28283
95480
52043
70040
54010
43816
83276
33972
33047
7537
86500
79688
58459
38521
63570
13142
7635
39530
82127
15792
28674
98608
76444
60141
51659
33877
79439
98897
33383
3587
38355
37725
9250
66033
48513
6636
39895
56905
30089
32330
55029
91243
30343
9956
93377
85488
52153
58148
85671
72412
1504
72589
23063
47456
17487
18846
6676
70579
55411
61699
29233
79971
48161
11943
20536
44199
88888
20660
64858
38928
85946
82234
63927
77668
89338
91584
75696
30168
87315
65279
15491
44378
17243
3767
39645
46834
34137
39019
3381
23853
52715
2471
43514
50521
58431
7202
99744
64773
24650
1113
80975
913
83440
1438
40362
94945
18023
2984
59410
22734
91110
23852
5350
56154
58537
48050
74931
58408
13021
74349
40517
58881
85838
28719
64084
61160
34801
8152
27826
51273
22927
76107
84440
38546
14854
96695
63854
55829
44000
63437
4403
13486
11991
25783
10441
71801
11759
75519
32225
6008
41881
96334
92120
84007
86209
84506
81520
49203
15100
74785
67189
17850
95825
81668
44298
76525
4538
59867
81240
16397
92417
37456
25988
78264
70799
46006
41315
58194
20755
45013
86072
82074
91819
84312
33438
96874
47428
54844
87419
76962
35899
39123
15785
43123
99466
68238
42681
53552
40193
36890
95940
13130
75087
59543
59596
64604
55882
28439
66448
11001
12663
34354
97490
74050
52177
31480
96478
77348
81742
91730
71741
82137
4607
356
37644
90217
85339
42888
57090
40086
73021
5571
42225
