api2_id
47253
46757
85
20825
7570
27621
74667
13907
79495
14686
26293
33306
41044
45900
42670
87853
43960
60260
36398
98873
43114
35284
92521
18071
67367
54116
64950
72849
49364
82453
31756
6756
86415
28520
93230
40993
31877
44415
78030
6678
73587
68466
91629
96605
56538
3202
98086
35720
85157
68807
40841
39334
14729
9315
656
20795
50204
17027
21414
32912
76030
64353
75854
40479
2720
87822
4376
5410
8288
63860
1112
10626
9891
28447
31434
44265
88112
48375
55059
31208
29557
33460
37702
37065
78526
40872
63125
18703
32409
95433
37351
71911
68122
22750
47944
84786
37706
58053
14168
12488
87641
62063
58886
13165
68871
48808
3520
25512
65178
18907
43576
40077
37559
58102
3823
99951
80266
18292
77437
77536
4994
28476
71206
31783
54755
68219
52203
45326
57446
57608
17187
40064
65158
8618
9098
6703
22747
77616
35277
2553
54226
48211
82335
41188
75792
30169
75130
20566
87115
60211
76104
60892
28967
73561
17393
67404
82067
64886
54011
42968
13079
18985
60216
5658
15485
53340
38040
24519
8979
76094
3129
83140
24950
10259
46448
84945
82397
12679
69863
38564
87205
12603
3370
46384
21169
11386
17419
29216
91568
23954
63400
49242
54818
85872
36654
2388
73490
2102
15301
3873
28775
45546
48288
55174
97424
28481
12070
44653
17902
49941
56639
64048
3162
26714
82445
50851
89725
58784
7148
9214
88849
33167
78884
61768
7489
11288
23215
22705
6218
57045
46864
90904
54451
77724
70297
44376
75591
61352
47786
73272
87226
70804
69611
85636
79439
66854
30011
34761
50162
49645
69232
58424
50412
49596
4626
93728
46976
50284
70185
63208
48105
98807
75350
31858
39804
18602
53090
49446
60282
86495
30925
78934
740
93036
89133
90473
27271
85031
33428
16634
28169
89275
92633
99522
26056
17070
28880
87516
81199
37292
69902
40999
89749
38315
63900
35065
21080
92765
26548
62301
94078
63405
18306
93168
77585
31011
33375
59991
76422
37932
82111
87587
32394
54193
94543
99768
19713
29621
18158
83832
56935
85431
39210
23997
85541
68386
64220
97762
51218
40436
32495
7024
5248
25131
43414
25805
22468
12686
1604
54852
99362
59608
3056
51349
91
90479
68285
17105
84239
34050
11021
99630
45860
43271
65962
73784
51816
18415
835
93898
40465
36987
20072
66244
47936
76174
37400
50049
66733
61360
65553
41176
39302
44634
19172
88138
9513
60688
82851
25040
64782
14975
4859
29265
69849
23563
64931
29135
63523
74970
40167
63786
14428
75354
3597
45082
39048
49349
34196
54574
2284
85776
39453
44870
85838
83479
46581
27990
40577
9044
73769
55745
43525
84278
41506
59967
53972
5611
24979
53707
99594
33802
54625
40475
95613
58571
86063
74481
78263
83215
66831
40648
81400
49282
21686
20980
51879
46131
63782
49363
77297
63427
37655
43309
27490
14783
28862
69623
65947
54833
84780
63911
38952
31808
81409
2300
73857
75673
24490
69906
76151
16715
49819
73589
88211
32580
45381
81944
85599
5544
90661
54296
90800
28449
91276
25008
76848
17587
1703
26057
95866
43995
90367
78663
94369
66049
62227
57541
85051
98623
23075
84595
37461
39902
19483
16844
74852
42212
88505
12754
5993
31263
19502
61349
38726
52259
80160
54198
28740
97396
6511
78941
71199
43599
22189
69851
25199
52460
10478
76646
31543
55122
75053
45055
36343
93598
64614
13322
82732
77836
55746
6781
1442
24561
63897
10926
51643
81322
74851
37124
59797
58136
42437
83011
89827
44951
16687
93836
45675
96322
68812
70443
20108
69557
69839
5615
63034
64212
67123
65998
54875
42575
60445
89883
91106
52857
5424
17020
17956
24108
73747
44626
85969
8294
31474
9437
63402
17790
14318
71471
76264
50946
19799
21734
88613
15074
10988
8197
8855
92803
55338
67534
44008
84922
25706
32009
71578
31365
68209
83630
18594
24376
44204
49027
11377
59435
34651
28159
41616
87327
50150
66913
69163
34955
15035
8349
27467
58148
32075
65725
92107
20737
26794
19367
89671
37221
73954
33285
15954
3715
85476
48135
11431
7753
97786
8946
16846
96217
43665
49449
49973
83170
22778
61189
28370
56890
79241
96964
43160
5879
71426
51436
56361
12205
63886
74027
80059
3511
77444
30506
2090
21437
26051
91882
80991
21434
66456
36411
46766
32576
85556
87089
72709
49896
80878
47804
62498
25307
66680
64330
75680
24219
87426
39506
96228
50451
22545
59596
7425
39569
65122
15287
13407
5249
55794
51622
48225
34831
43523
65357
7404
29282
49491
88399
82374
22509
27075
1923
6486
6342
36281
13107
33537
559
29114
1054
51380
62003
51030
8463
1163
56311
23193
12169
86336
94419
8457
95274
46860
67626
75886
50981
15157
87455
98016
42456
33085
82048
76107
51833
83411
50079
70538
56106
54472
29020
57914
57326
49412
55066
91974
23058
76383
13722
82937
44227
58593
34405
20909
47844
6610
26544
52440
65829
20894
52642
94096
45243
66634
10289
73647
26427
34126
18558
87185
66270
46824
6933
13367
67431
63340
41262
91200
96204
17039
78565
35750
30325
44603
98125
89102
97792
28288
10756
87091
63366
48533
92662
23595
32953
38614
76640
30501
43457
95614
35388
53978
58832
50448
33269
83340
43326
13726
21306
84331
78249
34738
92389
27885
58068
11330
14557
8
36466
74714
99460
84908
61690
63420
77381
37536
79261
47066
29944
84587
84594
94365
64513
81014
44256
22082
71332
98628
62424
62727
54548
15786
44760
33408
87684
52092
70509
43015
46454
12138
76215
66087
65248
37591
80777
46369
88545
11963
85230
9593
78184
62355
82727
49257
37349
45021
20581
76701
64213
45827
43557
92396
25883
49879
23965
87607
55500
99414
91862
4870
7272
21552
8937
18507
61188
61609
19885
2852
42526
97542
69681
56621
63613
27126
87302
46320
16516
86063
54970
13582
75404
76949
79015
71374
77051
14355
46746
2285
70559
68445
47642
29876
45266
58941
57277
45921
34411
99581
16056
26834
86519
34358
21006
81202
76781
98052
37160
76342
26837
88624
18125
26722
29406
80624
98669
6975
8701
10365
74189
34167
53229
64393
19656
88752
50614
75566
13297
55215
61232
47013
57225
93456
94845
30138
819
90757
23329
56344
185
56924
41631
87947
12676
47018
72558
17980
92775
45835
38939
68652
62745
31445
70378
38791
2992
75506
35371
21134
3940
15271
70259
2927
93056
49912
74446
12254
20705
96214
72406
39956
11329
68078
98134
49925
99502
46010
41520
73722
18658
70775
40234
74473
31100
96425
63239
13810
75785
76623
64630
89397
9248
8862
37996
39588
86559
39336
37241
2379
52076
67068
56628
34793
64433
90954
32465
81179
95862
59302
39660
30888
67402
47668
53131
82307
17293
18110
43006
40985
37015
66506
77092
49567
57536
41789
37752
78712
18158
86121
96526
79747
9941
78704
46044
71032
33655
87808
51721
16245
97130
10829
93005
74990
77722
63589
85832
62095
16226
18485
2228
99571
90635
15439
44610
20317
71544
13391
33941
50501
99560
69814
14510
76437
75054
69965
38721
57137
55115
13703
47305
47822
5247
62134
61944
41092
4212
24513
31331
47039
60061
46007
21203
852
45017
19866
89753
18060
38609
30580
21748
32290
75121
95269
97882
38645
8096
71720
14487
15342
94292
17430
51331
87135
20267
86670
51152
53263
31251
94034
51502
58350
67395
92031
57338
89135
35780
41588
55318
7691
98167
5309
69655
59486
43289
24367
26555
34378
23814
48508
19682
13532
75788
60985
68685
87100
4238
65928
47170
27121
96717
69405
59800
40546
27704
66166
92831
33952
9837
50644
23758
92335
70369
17833
27436
253
97001
25155
63949
51696
24663
41833
84754
45197
34177
62758
58522
16709
19842
72000
44179
9291
81447
62202
64283
65765
7706
31623
3349
39403
49460
5428
4164
4574
37285
87192
17780
66804
83253
45992
46396
46678
10203
41455
91087
66206
53970
31381
72002
36832
25599
54175
23798
42894
50734
59284
77475
33505
21676
32125
36072
31203
9491
31230
14242
88792
32695
94351
19586
42909
63531
64138
56412
64064
85364
32731
10041
14893
11948
45654
3862
26303
85013
1754
35500
51256
28129
61537
68824
98462
45332
55449
46364
41130
81230
10858
46314
39973
54616
35507
17624
93327
89345
37526
25611
73505
41505
72008
447
23240
17657
80840
88935
10989
887
72137
59026
7274
11593
29995
90177
30113
36143
9454
74969
41363
64726
57732
93549
20918
88671
90051
90675
14113
34336
99691
62331
66268
49669
30399
48035
17722
40752
34694
96936
22029
75852
80378
6747
71197
21785
73350
75846
53742
79661
70525
90988
17501
23322
37607
57153
39987
93607
70020
47018
32509
92861
15087
33605
44472
7011
42236
59468
18502
55704
45443
52365
69436
99281
98610
63698
87993
37540
98289
2124
53992
89556
78894
67390
30515
10939
41175
43378
39993
37268
81553
46406
84698
52411
56689
79021
48897
1586
84010
97036
85233
64204
52558
13663
28916
88937
65171
14086
82204
74504
74619
83850
38848
89698
57879
47385
26038
29480
96213
85507
64511
77797
50130
52103
50140
42599
19468
21871
59676
59891
96907
17060
97529
40085
36589
29990
13305
23932
75746
83726
85285
40454
6833
80372
82183
3249
96692
9178
91438
82953
6255
96519
80993
83918
68140
25824
64481
51596
69467
75292
67005
84623
14410
58121
97793
88157
88570
60636
64795
46924
12019
56970
5755
30004
12051
53915
53242
67747
87396
45459
23611
39280
28392
74461
59389
18656
55569
13789
78714
13816
22011
93220
3694
42969
23312
36869
89432
10434
99382
16493
91379
88055
3040
13128
79719
72143
1602
68048
79663
50641
67234
69148
63908
45671
94622
38911
54446
79663
78935
87708
83573
48088
47552
2654
72871
45875
93531
512
43346
58443
64026
9875
95703
98737
3302
12469
68233
73787
98470
4200
99137
62064
5681
25019
97542
51174
71559
43094
9706
17412
24354
65860
31675
69490
99936
99223
88230
28194
48597
9203
60063
31367
2830
73297
34572
786
34779
10018
47925
27518
29079
30680
36843
41846
4266
44579
43574
47859
11924
25319
78707
32322
34026
80478
98204
36013
84475
95131
4339
16005
48162
60790
57531
35649
99038
1420
78325
18912
86373
73005
62680
35845
80000
8150
36300
52378
26670
51139
97041
74800
14182
94854
62179
47179
70557
12351
86508
43050
31637
55562
53015
2714
33893
53062
23138
81981
61225
91502
10357
52840
75294
42209
5924
54529
52040
36528
25902
36990
92711
50291
97031
87154
42693
17373
30803
43648
71708
38639
63598
29394
74523
76043
38961
39791
63117
75833
45612
20205
23276
93880
81923
46223
24271
21486
43875
40113
88154
65197
45156
70462
92558
11958
18551
16674
99124
26293
8639
24779
57445
10663
3532
24956
75845
94809
11749
7484
52532
99724
36793
52608
75368
34996
65067
28937
27339
80711
51593
19013
31674
41072
6915
25730
55197
10245
95843
92076
50779
80477
91701
6564
57496
75724
29076
48780
39211
83910
67764
30492
72758
90127
9701
64528
70314
90426
54763
1516
44447
81581
74084
57322
26859
71113
95575
34273
19978
25407
80201
44686
32249
78653
7500
66411
16122
26667
52501
96015
55904
33357
23015
84449
96112
40126
97385
85624
93871
8660
42329
52840
19800
29388
77208
26862
14219
88542
70917
24292
80309
19033
36564
29504
85426
69542
53793
37303
70489
80990
3344
79926
57870
32004
5556
92010
95760
95481
41585
93387
51429
39694
61444
91683
31612
89080
88194
53553
77169
33819
58292
12640
33483
55643
15355
64945
2368
1499
75614
34635
80028
36703
5080
65126
75324
30252
82145
442
99809
40780
93401
85089
50243
88454
93553
84746
31906
54391
5330
32217
85212
62333
87766
71274
49396
55424
90491
24594
40834
14541
62474
72895
64863
63607
3216
70243
58150
14562
80015
83018
54459
80833
12011
79983
5716
95757
25114
4337
31637
57167
62518
25429
76066
26686
4161
17912
90052
13272
66583
76915
36920
27646
47972
5806
99706
62142
37961
10063
32088
91240
4657
53089
34861
33870
49949
62354
331
96131
93346
76566
42389
2265
34891
35826
50998
57343
26790
22680
26485
8888
56828
39988
50204
96901
12377
8727
64668
22317
41873
28977
66043
4919
30374
53379
22415
96077
54491
84007
86799
86199
61320
69041
96137
90271
50195
6544
91959
64357
67628
78134
90047
49880
48440
84253
36210
83600
51282
35528
36893
55454
98671
36897
73362
69447
84626
13800
93107
8816
4687
3488
90187
48699
34930
98527
39258
55509
37555
17522
2339
96789
94564
74550
51532
14285
53289
68669
77751
560
94628
37145
53506
90441
68347
57828
30100
81561
22891
25317
3848
80894
67132
83419
74176
29256
2198
70933
62991
58354
31530
12562
88148
51718
50018
46916
22392
55628
29124
55042
45384
56615
22181
5913
3990
31445
52009
43310
39089
21530
3075
87688
88572
28899
2805
70565
93394
38638
1053
90994
25700
16261
55857
85945
30947
35161
95843
87008
20797
18360
59712
74413
13241
743
65615
47783
53407
51821
29988
66355
48992
92603
36227
37283
43342
46276
24773
23431
20862
16641
51890
80881
60422
10960
80527
75201
88953
8295
74328
89805
26481
68070
84685
16986
3853
72050
40805
71918
52812
1190
96120
92105
87581
19400
29494
74590
76806
54842
52396
45941
11843
24172
45860
60357
65826
76845
561
1591
27350
12347
20626
64178
16337
548
5792
38063
17232
845
97437
82977
10137
87059
69515
56834
91335
23976
86274
11218
8872
91293
59792
74275
17419
38281
98311
79664
83467
6712
47157
54970
13841
19968
24305
23034
2107
58119
18803
36068
58408
53434
26670
36555
55215
15347
67588
39318
86275
35987
34069
13180
34341
53383
11249
69393
51617
12979
50146
98323
91534
33333
45850
15680
85854
99741
72483
143
91822
26137
14954
22357
17946
37590
47503
4493
82029
19570
90850
45351
11650
48246
68867
69910
78291
36962
24281
52350
23062
73801
23668
6378
60875
53035
21761
43433
51382
20649
67447
44850
60219
75749
36285
37805
9316
2031
47720
3833
89399
54427
23247
12274
64269
59548
68076
19357
66713
59266
57582
15502
29499
90175
97766
2576
4031
44045
87702
27978
92595
40370
41897
37996
18710
47376
1445
99157
42124
9581
73866
55985
88876
35202
92349
62981
10039
21336
86211
45790
47105
85887
50985
26701
53380
84364
3300
2440
76788
3901
11744
86761
50655
29213
11800
64184
1133
23771
24017
81415
70215
21506
11400
58874
32730
86024
16949
10888
968
14247
66434
42639
82555
5386
33910
66966
89659
10938
11072
20896
76759
33129
96911
12473
12503
83593
78604
28332
25241
70080
79356
85082
16623
3245
18524
11788
24461
85898
30531
79794
32866
54471
5020
14465
23193
92582
30206
15928
75732
37121
87215
27726
24846
35065
93509
72363
52632
51064
43249
68479
27923
38415
78226
55133
59208
88896
14534
49821
26900
42466
48996
45298
87501
76578
43071
10031
45456
95388
31129
59296
50228
83070
85714
57948
31067
99875
15308
65422
17737
91806
67824
28238
73342
56714
44549
5901
15544
45210
69597
28905
6877
59611
50390
80485
52368
70774
43840
89860
35785
80646
4361
81999
19905
25467
35752
94039
73975
46443
22994
88218
35441
38834
64792
40388
33042
18052
99707
23194
87558
76053
9042
51302
54583
85908
104
3381
67048
83206
6951
62613
61832
85893
50760
47933
42557
2818
46964
5998
85032
14154
93577
38100
9463
37885
93881
31644
20409
3343
59885
80899
9750
13464
2124
88225
93672
70795
39202
92911
40711
71628
74784
96582
34994
15684
53109
59557
58371
92530
26100
61074
39256
49556
97999
12903
28536
66865
37491
26761
13223
99394
86847
91668
74132
2718
54668
77462
23264
51881
44381
22859
58604
98749
42856
45449
51159
8803
7381
59326
31882
42136
57460
30663
6527
96104
48565
73180
80387
87448
38857
55102
49539
46164
3777
75048
94739
86025
9950
42936
3095
73413
1679
88425
29368
30677
2673
16280
27312
15553
4080
8051
13090
84400
14033
82621
64707
358
97973
46973
28959
52291
47877
23481
28383
64087
47568
749
67340
37781
85472
68730
67849
47936
13415
60512
70777
228
35719
84539
76708
450
98762
70712
87758
16303
19035
44097
2717
65519
46006
33438
45737
59442
91118
72122
26705
40943
9306
69304
64545
8631
97415
65358
34762
21337
79546
84789
37708
95582
809
96440
39684
89885
39039
8176
26620
47755
54208
13550
55020
37317
9610
29695
67873
56554
73900
52884
93007
91850
45823
30502
91345
82730
15779
4887
2520
85227
31979
46099
32181
11079
9695
98194
61475
28387
77493
40083
1124
78769
64845
65356
49767
76723
58146
74103
75572
5052
62739
60278
90935
48176
71334
78213
12667
1771
86283
99627
24995
81145
58927
46045
69324
50398
90399
21263
66011
15729
9198
94659
8940
68194
390
83522
59283
87886
80353
47503
65091
96528
68519
87721
82955
46436
94286
41904
24988
41253
65900
95301
51145
38127
79984
73095
33331
78927
24554
58217
33356
5325
39590
68296
67924
7803
9098
63765
67466
44948
96379
32884
94166
5350
89528
99730
83350
15313
88516
88465
11885
12657
88448
66607
55349
30759
26611
20428
2313
45769
87617
39427
59143
52621
62106
19847
9409
2202
47521
60727
87620
53311
47409
15909
88216
63046
82845
83661
95817
10523
49409
41283
22352
64517
34752
90888
80282
11855
97007
40813
18620
32626
73194
12953
36071
83252
67380
31153
66166
36339
26454
6943
28947
2719
81061
40772
38553
8728
18992
74942
51040
14413
8278
89061
76185
72163
85116
53581
12633
21628
12362
29015
1523
32167
74639
36170
17579
6623
67667
87927
35537
290
58454
80592
65954
98514
79512
53601
85336
16715
78520
64135
90154
44252
23873
38202
15129
32469
64279
36959
17634
44698
55839
44563
11931
54955
81743
61529
10806
1237
94980
54397
71354
37699
3432
16443
3216
3315
24301
35922
62341
86851
13992
9361
59381
70020
35651
90939
5057
20978
72150
58314
61725
94867
89666
54812
53698
59786
6753
23859
25635
25975
46796
35728
76141
6852
76027
94451
5749
75174
35863
12533
9847
89873
46734
79612
19499
79607
72909
33483
78220
31342
64554
64569
61083
55856
48531
99192
71063
10445
778
40896
87481
93523
19080
80992
33254
69901
98292
75342
96928
5968
77349
98989
66248
80676
5337
26166
82310
17720
65776
71571
21867
93941
80784
27941
57793
66640
27222
20272
35250
6768
87473
64141
46623
45867
851
1932
94633
14143
76467
1031
40350
70217
15322
51705
46445
44181
58993
93696
94473
46707
1039
22881
63402
72441
27897
39570
45175
21815
81295
10488
1707
87875
78072
45907
78754
94564
28284
44718
72359
3780
98583
25520
27920
67954
85732
32348
93666
17266
35110
66365
9672
82234
87648
57379
13826
46413
97954
81564
44060
95692
46788
76917
21270
92550
22522
43641
75744
91566
53366
94828
438
54761
78172
94492
82974
91
42410
59416
79889
97939
13775
3760
11097
20943
37307
2166
99038
12279
3341
73776
45806
82398
46194
96896
51343
57916
28632
78002
26343
86960
21027
23756
97601
89470
94969
21209
45898
48647
46852
44669
90351
74247
33651
3315
34756
72225
32025
24348
73038
66237
6995
78914
52961
28545
99723
25157
99347
66732
99337
73084
45488
3428
3975
62108
30306
28949
54115
67145
82314
43862
47914
48799
48897
96286
68306
46575
89889
23512
31503
60799
78237
79729
71631
30669
68248
26631
54144
55143
66086
69724
93574
80994
94209
22388
68385
55795
15897
50503
25014
41674
90212
22121
3894
59987
46929
17511
92208
81091
69316
29294
95451
41748
44612
71684
23381
98421
88220
84118
1048
56085
36163
60899
11287
25068
34628
98218
59201
45841
24335
21519
14890
15680
52274
69166
98975
62115
69519
21752
93921
90412
80678
62462
10281
17727
79565
33279
19037
79960
77002
46958
87313
73791
60948
34895
51690
58512
28323
10104
87531
6991
12787
73919
32835
50558
12262
55056
99467
60076
40092
18397
77013
97095
45894
63667
9026
66507
14068
82002
27524
36285
47694
95311
93951
62060
48186
29481
7993
95668
23290
35342
70069
51629
32458
13301
50624
40105
97702
53007
56109
79310
37238
82847
32474
8625
97253
21125
29969
37376
35633
69224
22296
51460
98310
39970
54071
77569
47251
71475
55141
45248
96999
5622
57370
31769
81730
92698
79743
53391
55371
5335
26200
30752
73016
2812
49836
18647
87737
93200
16570
31729
11249
43984
88681
61483
44253
89723
38481
15537
84610
30932
38261
4778
81557
70418
58758
72181
24717
79081
37738
42564
40636
85335
75610
74246
78715
36488
98280
84318
46022
30574
11041
3292
15099
55143
92261
67288
25242
7472
46041
4100
43866
78547
87244
44880
24943
67870
73859
5925
57227
13698
63131
62581
779
91804
83220
93549
78606
71321
99601
69761
72902
29309
89448
83306
969
2332
11226
59093
44825
3855
76541
60168
23743
3786
69646
94160
38992
5135
64319
22284
31260
4323
13676
13763
78328
36558
28650
53033
94419
37829
90676
15282
99790
33758
84598
92823
68000
28977
87149
54278
80261
51977
4457
33983
93571
74963
80619
84031
7981
71883
87923
3427
73405
80321
14533
84302
39956
26548
34910
79046
37366
75067
12386
38418
97768
75263
4422
79379
89826
27419
56856
72728
65822
87498
83849
88813
94153
67945
92589
35239
20565
86315
45500
70137
52587
83355
79117
76645
20946
14579
78749
96330
75098
26659
42009
4704
92226
79704
33985
98023
30853
741
27253
2600
14256
5957
57773
1067
21618
46645
56069
75212
18528
23764
88028
27885
96898
8282
3395
38000
96726
45694
93101
83515
24300
47846
93838
29279
21023
2780
36043
69309
46084
83893
51669
91617
82749
84406
23909
12584
59460
18382
45321
68522
49404
63128
38549
48247
51827
21365
32574
13313
85734
36086
19271
25910
79662
26120
94440
67065
12697
31593
38132
51554
85767
54379
89159
32108
1544
12801
19740
3863
84190
36725
59863
98288
30467
90487
39033
12574
95683
21749
9940
94605
88920
51371
54340
2005
25783
40004
80717
75689
25391
17948
10521
132
37912
64329
27135
90400
42731
62885
54231
63667
9130
20704
27925
74378
17198
67750
85903
50290
9152
29939
44150
51676
64688
28516
73152
28566
68664
56237
13933
64189
51211
82586
67838
83238
26877
72121
65536
84600
3331
45989
12432
44635
8173
72912
91970
75528
1459
65664
96145
41111
61936
83619
76250
25696
32004
40123
37294
98598
25988
94519
15583
19799
37322
51314
94885
3880
12381
47431
27877
53839
56228
45209
85929
27047
64624
83620
42033
11317
62896
93162
15371
38316
80511
10258
84886
59391
49224
87267
37301
15923
38908
59733
83590
9446
18038
96291
11933
10995
70903
70606
44609
90338
61756
5266
5527
6230
98752
36960
44596
76853
71043
38653
79668
42280
7256
93053
60875
49552
36340
10989
50766
88701
85203
47222
86729
47902
96285
49104
95714
11015
59830
53649
24126
46826
88574
97871
75409
12434
91510
21704
72867
65314
92073
5092
55825
2916
30804
55084
52965
11292
37607
68645
29485
23899
54262
27924
51910
18872
42291
28564
1979
59039
54070
88733
25474
30981
12798
2492
52886
53534
57256
84565
86948
48039
21464
33871
34508
32493
70669
97860
72549
78365
20097
72348
60963
40256
44177
12552
23781
79038
62535
82701
41687
71289
47570
44112
24293
4827
83454
50776
36992
6620
6931
89613
93042
15505
31932
32969
63072
1845
67798
5177
11758
39702
33532
94499
4301
82047
56983
98359
54885
28149
39901
60484
36313
66028
36131
48020
88434
57243
63322
74719
84979
28484
24751
66768
91047
62742
96689
88853
53108
94480
44641
53409
49283
95933
19670
92259
21056
72796
74717
98638
56296
56468
74053
62811
36032
93500
6215
22068
2637
10853
10528
91042
26327
36814
29306
92020
57772
39470
13398
28360
37119
24152
83696
12181
31982
65119
77902
64542
33537
544
77869
92532
28315
1840
11347
45863
58709
13367
47353
14840
68323
81149
2634
1368
66408
36919
74897
5992
5872
68197
42574
45293
12323
42169
33503
70361
42917
19059
83029
25100
13521
73979
18276
78986
36659
50470
41942
73761
39485
81968
59611
76592
71144
19278
63616
17040
70634
11555
56921
83740
25270
59935
48807
47391
47589
25587
41463
79974
50893
41247
47836
69195
59809
29816
46995
29205
37538
10087
65432
10232
9842
67689
99367
63224
78314
27491
21320
56101
82532
7327
5040
41141
47976
73741
95221
74450
27807
16331
37609
42601
77406
783
47592
47991
79095
32201
4621
61686
2813
68643
90249
25459
29303
59979
84384
23000
3508
94870
8048
99908
97082
62278
32471
40324
72113
92673
60378
97417
8148
70184
24113
13451
34263
84045
49603
63733
28189
61938
61109
44247
4515
85181
89944
75138
4052
2807
17280
67604
2646
50549
47194
81959
11438
67240
26317
68113
18250
6312
95293
20143
54822
27895
11752
94292
85081
1556
81007
980
49203
12418
69686
75105
48626
76935
16823
64596
22107
75229
9488
29382
47874
42356
25882
2579
6742
88767
8928
73114
28394
98749
89236
18079
56564
99527
32172
18416
6818
50672
67080
35281
9066
50702
7108
75173
23834
41866
79817
31364
68464
17838
90217
92600
67247
75836
81677
64271
12747
10875
94581
88408
86193
54477
49978
58492
51970
10069
86768
4352
51661
43732
34971
27616
90309
27327
71866
9317
18949
60983
99276
80841
18364
11760
97864
26868
11617
97532
47692
12355
27148
21560
35324
7063
44798
22157
37967
43032
10554
8394
90808
76656
88932
89993
41423
46511
69574
85091
37724
77112
57496
4710
45941
42198
28101
36260
3045
51889
85075
29433
28484
11151
65426
92406
50204
53889
73867
64206
56152
44721
62319
23357
63996
14818
49618
12910
60756
34067
63202
36850
30026
91616
68513
96092
51647
23345
70384
16582
60487
45673
80240
62272
27298
86656
27460
10941
34642
62801
89464
70358
78685
77702
15266
17713
21856
14034
58535
29660
4623
16364
59401
64891
4098
56508
99715
41818
46812
99415
48588
11735
34606
99824
71762
6400
6935
35190
15195
52752
68079
70059
43734
99919
64902
32029
92827
35632
73418
76353
85727
92336
51047
53586
62574
97034
66307
71349
90401
34507
92047
79051
26278
75777
5915
64025
4114
98941
17540
22059
74423
81722
15391
93088
87355
73332
19025
14220
49403
80841
71732
63869
27562
51355
97611
11027
73094
99675
27550
96677
94692
62553
56276
8203
77965
76904
22962
96366
5799
79207
38537
40021
75378
47611
19869
17146
5715
95467
82294
57658
94889
83212
95371
36865
46836
83350
441
48570
32387
60110
49808
43497
51661
79805
54084
28092
10828
39889
25957
83823
84096
87806
36186
4172
13248
32302
13971
55807
37410
44797
48664
12421
69067
68654
69706
76452
17553
75706
24419
33285
3634
4795
22574
73744
23522
96259
61268
35218
79344
34745
11692
25072
33850
33561
81274
42380
83
90979
48936
66911
86950
98943
24626
41994
4105
795
93021
33280
50623
44792
3306
57344
20177
94675
3706
10868
79638
8123
62077
43754
33464
18246
84943
66118
87060
37537
12764
63039
16482
28857
34527
1828
65562
93584
11788
1471
47644
4214
27454
99734
49704
82458
53885
4282
84646
16911
35497
72232
95514
72276
15117
16327
51219
68687
36317
41533
84288
86584
30764
24649
97464
62805
71974
11173
43190
87464
79141
73284
17629
80573
48265
21783
38715
90628
63808
45197
65652
67858
37305
95441
64027
62607
57626
43675
96844
31328
68814
9791
46942
7943
46910
63044
15149
80844
76855
14918
12006
91631
81697
83532
9905
75073
60129
72017
83051
38733
86090
62954
48842
52220
62465
51840
92764
25146
96179
42408
75346
83403
83362
76229
25435
3456
10926
62847
83124
25118
12193
22184
22365
18145
78619
14351
56211
57271
15154
54672
14145
98511
48145
12133
51245
58390
24597
52050
65584
67266
7678
5354
18444
68565
43819
97387
23013
5623
46529
65888
59115
31456
41896
19781
73496
35867
34252
29699
87073
52785
4000
82606
34291
42117
13280
44136
72884
39193
2801
94832
3085
6326
17050
72411
15729
87445
21227
3819
98686
46557
20547
36199
41234
8167
88235
72732
8635
64999
67963
82337
77903
87158
39257
14092
19033
70374
54122
30861
93395
77007
9999
84364
52164
67696
74646
62956
56631
6068
13479
27080
83004
46552
24233
63482
86333
97863
45423
19445
36883
21622
80819
1659
34193
84932
37157
39430
91626
76114
19528
32267
95335
5874
62348
1052
31846
41802
43565
91051
96842
95176
72226
66735
30143
45350
87229
27162
66094
16194
9728
6687
37002
70681
94059
37039
79529
7940
35669
49319
35664
67921
6329
42159
57913
43612
77695
52713
96533
2604
92691
63938
45534
17450
39163
37143
76840
52234
46124
12825
24053
78813
42845
79246
95773
13307
67537
17533
31918
8686
17273
71075
24880
73235
27568
22064
77555
46863
21357
42895
40095
18395
69882
70504
84909
16680
67376
90438
69159
17947
11444
65290
6314
5010
17245
46260
68497
26675
36278
71138
85527
66727
34300
64037
72495
68781
22429
74091
14983
51939
11735
9631
14429
1601
26482
54010
4026
89418
74436
88024
24661
23235
55212
88707
32572
66028
97498
43540
13129
89250
5436
6818
52122
76451
26399
88230
46504
92391
26980
61077
71317
51914
83448
72354
30809
60358
24090
62329
99019
90185
63843
14196
87888
18912
92902
76571
72710
88944
67733
37254
25921
26684
51543
30873
63138
2416
75504
13420
6306
4854
66799
96191
48900
33643
54930
42435
33407
96870
44906
82693
29505
83550
60883
19529
45857
4417
35153
3210
48454
37783
96569
10647
49489
40193
36095
50833
85486
86627
50237
86387
6495
65970
58954
71144
29811
2066
71087
11668
23620
76436
58147
59014
72971
21558
99748
75182
8939
68676
99331
81185
54801
8732
4279
63383
99007
6119
39006
48972
51554
79671
48831
79842
78858
12134
69328
16289
17230
27431
99128
36836
78130
39851
91255
7582
88154
62966
34318
7341
37445
32131
42301
89799
34908
85666
49458
66300
52073
17301
71256
6328
43623
80288
29651
15137
6787
3589
52779
58260
85348
37431
6906
89107
46537
79752
3561
76232
15452
25962
31349
3074
13050
89780
34710
19252
96276
96784
54772
21395
77396
69221
60558
26896
21027
15937
28239
68607
70187
9199
64832
94881
72291
58396
52156
48385
93834
13531
66620
36970
46323
8663
99947
38631
52392
44794
8223
35517
16118
97063
21261
44838
75681
88727
68049
17090
89508
37950
42429
75951
62398
57673
92440
53563
62849
60116
29009
59278
38009
53411
11504
61741
85882
95950
27598
24340
17102
73024
1208
46006
17677
23995
39355
48423
20415
45677
68117
11277
44945
60459
53538
72576
32790
13011
33723
30485
50903
70093
13242
50904
1459
77415
12604
59415
74559
99650
92667
46950
83472
99277
2177
97555
79340
12868
47989
7205
36057
15412
8214
95032
53083
81386
30913
29405
24215
10282
49578
4358
15615
68567
12988
69396
17111
59445
58509
10011
42846
69855
58818
5886
79490
26012
24908
87612
18398
62525
23154
68428
74437
94321
13732
84679
94782
26419
58953
60165
30964
24072
45861
21215
19772
73341
5098
44999
59811
23226
21230
18658
43039
93210
32943
42111
88535
75249
13276
53730
16249
26514
44386
39915
15160
52300
68348
61430
53823
18701
46607
22693
16048
4167
59074
91132
35066
66733
16913
41186
7147
10808
95187
41228
7614
21261
45111
84985
82288
71854
30691
75824
34356
60010
66908
90449
40750
46142
82059
69004
66552
80018
61956
95791
35051
44731
82982
87055
67537
21613
79175
2281
16767
14991
17981
40813
92635
17261
62218
5231
53048
76435
35016
53267
82202
18240
39465
57294
97699
46941
57330
70457
86782
72100
90865
27045
1050
73399
42237
35280
61677
35010
47864
38295
46664
32665
49694
37755
91394
8657
56673
35451
548
71728
17968
85665
31552
17832
47764
77741
15036
64909
41978
3886
57009
98128
89486
30778
5243
66401
38762
35279
72773
3097
74858
86997
25845
5647
37853
44066
33304
20562
81947
95382
79663
64166
42672
86268
65149
25918
49960
83355
32600
28566
62298
42424
99415
62028
3088
87465
66337
5748
37754
32192
96864
62449
66526
52082
54560
52188
57890
90358
20741
58288
81322
34339
13977
24097
89713
93412
87459
49117
37349
50640
53590
16693
69036
72211
73616
83793
16766
57299
43302
14929
39977
90402
43315
20369
54652
38180
17352
19738
45380
12190
19324
12249
41040
58554
81908
88903
29652
36714
17768
94203
19922
1347
26986
54184
68917
12301
75713
9598
19577
3233
88970
56162
40728
9419
88279
99390
15482
39313
11850
27562
80324
76389
32681
7473
94166
90459
44607
58479
53330
79898
3150
18300
70761
83139
93817
46020
62500
55494
89136
40361
18085
2746
3726
46648
10282
71061
21939
58833
1423
5738
3393
89537
78804
68114
34837
75013
7976
16662
97678
40081
58188
55669
78706
87508
3979
67850
45633
69374
81400
12688
7554
65254
45726
3347
95758
41315
55915
13989
84721
13445
46047
78089
63838
34954
49883
19476
50019
54528
59190
96694
69428
20173
1309
25699
28158
49119
88490
90350
59177
5875
84916
79156
4952
69830
41945
27943
62953
87687
96708
88177
48814
52360
94795
56999
56107
18443
56869
31190
50198
46589
94783
90981
76556
26127
81021
40467
41990
94476
13061
35096
23780
79463
10358
59298
24989
89720
51989
15487
58609
51826
24757
69153
94719
64068
54437
30767
75079
32755
31324
76797
68933
89335
35156
46783
41075
6546
28881
84754
47003
99582
63408
55335
97517
46387
10335
24649
34077
62912
65823
42294
32411
32595
23830
61850
88688
3622
63404
93106
63664
12594
78035
59819
82146
42999
98186
70433
16332
97798
43652
83890
13333
1426
97475
80261
32780
5103
14879
43971
95731
42492
6480
11477
72623
70264
98678
27560
37898
90316
18138
23381
57107
67509
62824
61544
25022
92860
54569
99901
51787
99371
99785
28606
7325
5799
24312
43493
68960
3988
50835
24863
50058
35556
99613
12362
55582
32926
68634
96317
47764
49168
78564
94145
16946
87678
51131
28521
53802
54750
49186
56223
3237
27500
18069
89730
28691
37670
29592
75667
10393
35576
22285
99926
15698
60520
68615
79663
99085
745
11466
6363
94103
29449
76921
86266
62060
57957
2188
10271
93831
20618
40317
7467
64472
63963
54202
37702
30458
89788
21012
37504
11718
96084
43825
23326
91455
78936
15801
89292
14980
37304
43636
95497
15936
62615
14828
73544
92004
60481
80551
73907
16657
17687
11734
17077
35590
9201
26344
42860
15920
96477
38234
41742
8214
74119
25703
24626
71905
82090
36798
40391
49806
44198
44700
78899
16467
44662
2071
57974
35303
9649
67891
91819
32389
11010
64095
6531
79692
44883
15302
46754
7364
40675
9208
39681
88793
16804
47250
5754
14452
96986
73788
80137
55953
77122
3239
20403
9186
12169
71159
53361
54493
47477
65108
84867
84977
98327
47800
41037
79872
7977
34046
1412
55925
46640
28937
78295
30754
31220
73701
55793
18044
29839
43746
54313
59384
48479
65380
66727
66909
67707
48729
46268
28226
45558
92583
21575
46071
76259
63934
14174
71209
76155
52593
56405
36388
60893
26024
79299
39225
57169
32574
98839
29418
52648
35728
78368
40601
25510
74128
23600
15845
14955
21060
83852
25138
53816
32877
43611
82649
58546
62720
49428
41904
26883
12233
85977
93330
80152
53727
95638
23751
25329
66872
24974
44637
53397
6351
93525
59559
90718
238
86892
93910
94440
89652
71041
9626
7723
78808
8667
51239
70467
3855
72390
79817
96048
39615
38754
15860
3408
59564
82218
2181
50223
76401
87969
9999
52362
9487
26313
18774
45906
23524
92467
8046
50064
24429
61525
41830
64454
8823
78907
67987
13339
612
3708
69095
21478
24147
48167
22041
47174
84939
92701
30870
33432
8446
51910
76957
76542
7205
10715
11755
60045
61298
68477
88282
30267
41477
44768
85498
68300
19947
62857
72450
66098
79748
87254
47000
7827
34546
12979
48463
9680
587
55099
68005
17144
3845
69423
96607
88609
41351
97316
36133
39650
14557
85258
39151
48857
52046
30402
96197
77037
99016
2691
37766
80700
4079
76950
69721
18102
47129
35077
43796
79269
61624
78430
2297
94910
17720
97498
96827
48883
95478
54998
46704
70334
50629
88008
32237
90840
35134
75010
56613
76035
44416
76197
84167
80653
14192
31546
77638
81103
35228
68200
16458
93659
96681
25453
784
49691
87808
44339
2843
48296
45541
38925
90108
76947
98897
5419
52644
26024
24693
3670
99736
17782
25552
78041
1371
72960
79040
46525
11405
75770
90501
45452
43195
51311
76196
61848
57473
5906
5340
44156
79148
4062
1624
75866
37824
97655
85016
16209
84216
5594
26078
29468
26324
40204
43891
30168
93344
20002
70355
50376
95105
20241
42063
17582
89268
97581
32457
20495
58142
4791
24953
11376
12668
6655
79042
93685
14313
34125
61272
32362
11560
51975
11684
95094
48690
79731
65592
38693
96686
25641
57038
10026
52256
3160
653
2106
75159
30254
49583
83133
65367
99085
79861
96368
2472
79779
45342
25675
34137
44429
65011
40077
68194
72159
42733
9428
15371
44588
78695
48257
98798
38811
68480
18140
39772
76898
45375
65901
58454
8828
95949
8001
70236
62684
32702
29328
5198
3960
80880
72552
99164
80173
30572
20932
41290
98904
77646
40279
24717
40819
48956
53565
62659
99213
85622
52440
32864
45263
72068
44451
72490
85540
28860
8183
77995
70082
63418
22276
6758
32526
35918
74945
32032
89668
66127
93188
71258
85366
15944
70920
83034
33831
70138
56101
74763
32410
97040
57033
2459
64003
11485
43363
26486
77442
31570
56482
87269
37186
14028
95598
57435
12257
47610
65089
59966
23174
54143
97326
22732
33432
61468
9831
20930
68250
24295
75399
12315
42988
50993
69562
31955
56459
73963
4602
37948
90000
70492
56944
73836
92606
41596
95388
29291
60258
44746
72664
30801
83409
66668
90671
51090
69905
53115
2035
2249
38447
89079
61629
11383
35349
74105
67161
84571
96761
83090
89041
29268
63757
84993
2123
80832
2312
48398
53162
44538
42735
20102
97266
71633
47599
18577
48820
20628
46640
3864
26458
81171
16057
59600
55775
96367
78202
37604
42004
7242
1052
91165
84261
31018
39251
27336
71049
60942
8580
28472
57662
32053
39052
41871
67006
3659
14741
48693
67179
55158
29799
29547
9530
26484
42081
50052
32068
935
48801
32250
94788
11042
13776
29625
3482
57189
48605
15803
25604
62697
14659
99435
86034
8980
38176
56526
49489
54526
67668
45550
21385
45750
2274
7448
94459
42143
84752
80425
82388
39934
70015
31052
16780
17288
95492
26397
86439
67332
8434
80538
84266
95516
37090
3300
51088
61261
12177
73831
88485
12508
40590
32978
39256
16168
73790
97753
56151
34762
19490
3576
11462
99029
20642
82091
9100
25287
29306
13776
12086
15748
84403
70877
59566
5524
99158
47739
43971
61535
35991
44641
11870
50657
80933
6158
50146
57253
17567
66433
60050
54109
74646
27786
27029
14351
12550
48679
32751
87938
70466
221
54591
66016
91810
14863
98541
21439
5056
78277
23733
95573
43779
58427
20732
93960
7466
1018
67936
29494
53728
59070
68335
6857
43939
87629
48874
50167
64001
64602
80733
24119
81210
12132
78136
75267
68193
6298
41025
12127
23154
42079
40807
95148
89541
8073
84152
72242
30954
96415
21352
88700
21602
67744
87684
2768
76812
6579
97949
11791
60386
50316
169
11318
12521
95605
26671
1282
8303
33220
66829
70670
63324
50270
80432
75579
90275
66296
19679
46863
11578
58677
67639
82189
72698
44591
84152
43576
84651
12337
70077
41399
4335
41664
5197
31550
51098
94655
87368
91253
56559
97042
26826
9230
30130
846
39047
40182
62198
37041
91647
93021
110
3067
33208
801
11870
48795
80751
22462
38447
12905
10590
87512
11544
90819
16329
50002
72216
10063
158
86189
21735
10287
33176
82217
71761
67226
44224
5883
20835
1223
2842
41072
14605
91045
58243
49014
87519
5169
57335
36445
40496
81372
8535
48496
84197
28148
38714
87188
60703
20961
20534
69206
85164
69247
57652
95987
5278
36802
39346
68123
7274
38904
91197
61622
22475
65338
44083
12614
97705
43849
86372
38343
88539
53209
23986
26275
6720
57742
21390
45503
12473
75276
42236
97124
13420
3685
54866
90167
20421
14156
99125
33721
48083
94198
30902
5109
93584
25716
60509
26244
33986
97531
98351
59942
91149
5372
8059
65612
56880
39197
8333
58505
49730
42375
96318
84690
85650
99100
61735
23819
53440
57595
94889
21400
50871
80491
46467
37255
92524
60823
62433
26504
52878
38829
27113
58445
60986
79026
24381
21782
3860
37060
19490
72173
34497
72672
52240
4186
30498
61572
69271
64722
44011
1380
43465
83998
88897
42749
26202
24834
90653
50182
56781
2360
20696
85877
86816
93314
5419
61484
82894
33437
43549
81955
12673
3076
41688
77150
87412
50986
5514
58383
56905
85351
32570
74885
27883
73587
53047
99279
91060
42207
83518
66548
86925
47818
60825
24546
37325
91471
24131
839
85788
14696
42591
41482
72606
93203
6867
62538
70741
95769
7852
46392
44432
75819
43282
52840
98214
83883
49943
12569
73792
13803
40663
52591
63678
11840
83608
46979
14149
94234
1709
43949
1312
43190
76807
68154
78920
7827
69854
15948
70173
5208
86673
654
11597
30457
23064
33877
24888
16116
13004
41333
22710
9171
99982
98836
15561
59364
56722
22117
60031
95296
75578
3512
81461
31337
74125
21435
30870
48794
7288
26687
68493
14708
36368
10045
83978
45435
85418
8434
66408
87285
55814
44602
15267
17088
64462
77917
30399
59201
73332
35919
93183
18001
26879
5229
92549
43808
12449
97791
19026
75415
66800
17722
50170
20159
98193
58174
94678
24683
18988
74109
62877
56316
50433
73580
91523
18510
37052
96300
42783
154
59260
82567
33264
59035
58910
14149
87771
71996
66955
47680
66329
75268
98138
50456
68293
84307
75409
38113
31944
1031
39615
28246
11348
36693
53490
64668
97666
78387
52523
86165
95500
7230
42761
90405
35794
35694
37918
15943
1239
91015
73529
9914
6291
93578
21505
27766
48052
84204
52157
677
73174
5635
83644
35902
30252
5310
61949
49451
79053
64813
66648
53573
53002
9681
74819
73538
8065
25829
62496
53300
45556
69337
47759
92235
46367
31062
16335
70281
68589
64329
981
25896
26407
60837
31735
52991
35254
38448
37105
15292
80357
32105
18530
36248
75475
35721
33357
199
33827
46674
99723
55427
21360
67939
42285
32952
52595
34853
2382
5991
87818
56283
96087
95474
7641
83872
11007
12374
31446
76087
53541
16620
49861
57100
35055
39298
76331
13389
98958
53245
72266
61764
44078
47784
60149
1076
48149
12237
63338
31416
80471
17489
81737
18686
5766
36547
65730
41118
62809
20957
98717
25205
51979
16244
28784
44317
145
39713
83854
14714
8788
14216
6877
20346
43824
58210
17879
98216
44349
47553
57923
97429
19199
20698
40911
68488
72029
96256
54421
17852
15813
16580
46272
9796
87748
56193
56045
72025
63755
15438
26441
40949
79647
30866
71985
10942
18857
35305
17806
30300
7992
36643
84128
18879
17894
46350
91008
46940
63877
40896
58255
56600
49773
18236
7483
86980
8061
77207
61108
4933
56516
5988
69691
97040
84503
64660
72129
71645
19123
64785
68621
6125
52931
10685
41895
35474
54556
84597
64445
7850
74387
24585
81400
66730
52390
68081
89205
68015
97358
24072
98680
1598
64664
32850
86980
56947
83340
38686
82109
31391
72199
53111
9477
15909
57865
50697
58375
37257
86304
73543
46107
37126
55156
92978
36762
93664
21529
83792
36327
6534
90174
17532
36279
64276
19995
78794
65167
93668
69732
25637
90706
12643
37603
37327
30967
41425
42927
70487
24940
91203
41125
3883
37177
5530
47917
46784
86435
93458
20678
88774
79113
74042
92014
26032
84058
87512
13311
43581
88442
9778
28239
79684
15828
54164
72443
34593
88367
36046
16033
80457
74760
13528
44902
78527
84055
70858
67642
55683
76065
23467
41429
95259
8789
49436
79553
8456
11570
43419
37141
9961
43778
34504
31113
16084
16629
23227
31486
89270
39922
45803
19581
50081
10483
63816
50247
92477
49345
92037
33759
69693
68116
96907
90307
69923
67202
19341
78553
24358
71309
86213
39413
45655
75463
84354
95372
41464
31923
70541
4336
17071
8439
66225
83826
56300
23210
82905
70409
12923
46129
68835
74435
37937
81993
66546
27995
95053
54006
51566
58551
58790
8128
72863
71661
62481
94990
43546
68034
53119
14024
65296
94203
36072
1133
30298
72436
38996
11541
87419
4460
37305
8737
93166
62099
67565
98755
25065
57098
22855
6195
49319
10843
85837
70581
19066
62101
22377
27987
25270
20344
15670
81524
42502
21345
56803
95429
62508
76118
87601
94241
32024
82475
55838
10744
27482
65476
36760
45031
2622
19070
54563
30629
73252
13106
29523
11287
68239
79895
77382
48255
25086
55144
65941
48928
47071
81058
92842
25330
56683
53980
30865
65234
36317
43689
31494
97970
90584
15831
40053
41465
93824
61252
86265
32954
31520
2333
6989
57150
52892
52478
3860
90297
99629
23233
97327
83927
21191
43371
70926
90553
64628
82130
88172
21736
37305
56816
37565
38670
46807
4249
32803
79778
10671
82361
22916
36233
25037
48445
40197
14353
57390
3680
17630
89651
97499
8201
66788
29152
1357
14755
90601
52357
28206
45269
10495
90733
40621
14926
12442
17733
71973
83666
30451
18810
22863
91190
84238
98763
56922
86477
1400
85962
88616
8656
1795
13613
71025
41008
57656
33267
72368
48577
30341
28777
6202
58336
55246
63405
10361
43347
76326
5675
90216
89113
82175
76864
31971
45049
83445
42872
12185
86705
12201
3543
18160
99406
55606
16642
27309
7890
71705
1332
19557
43079
6614
83263
20173
16593
46756
61777
45738
14039
8281
33305
89974
66161
24293
36811
85783
86913
29942
21161
88741
51161
46053
6267
4696
11764
95733
80866
45136
87886
60013
65526
57666
71435
55036
90996
33818
79707
10162
98394
9446
79189
2444
45001
91835
27859
25816
60094
73863
80681
52995
66623
35115
35296
20691
62643
8444
91776
55264
83988
21530
35124
9449
99478
18575
97648
30118
21017
43140
99218
88327
33857
807
79244
16217
90693
45856
41823
16741
67595
50217
55590
33173
42052
89385
59989
23857
93688
9878
92123
8025
50493
81584
9072
11039
9162
55891
38242
66540
30018
47311
17335
62757
12375
11157
68820
82569
61467
58646
61782
1706
99160
1518
91843
99990
9483
41769
80140
97583
24552
47964
69892
86915
28378
97481
26658
93879
22518
17799
20291
38999
77896
35657
35506
58388
92198
86102
64066
98767
69806
54801
155
10049
71859
74460
17042
84984
84678
62449
96322
77392
54070
25912
44353
42514
30031
49066
24737
2284
56848
31730
26665
25899
81000
60974
2664
10656
5435
63173
69443
42335
35256
35917
63738
36611
75241
12530
29204
56371
22311
19011
4739
12157
20847
83181
6934
35945
27681
52313
97497
18552
61984
84856
9295
40377
38435
10325
22920
89399
25093
53045
39774
57209
6153
22709
74133
56790
59982
54992
65271
24712
37446
62763
42761
87996
64133
19368
28057
90254
82824
64839
60434
17426
31135
97792
47355
26140
78146
48941
37727
74752
79930
29248
52787
38181
7690
50207
91426
54527
73450
32615
7196
62697
45063
305
75056
4784
89684
8053
33065
98423
76855
5274
36743
51514
79969
33746
92335
33143
89118
11364
42404
23827
65000
98309
1736
95870
34050
32973
92639
72263
80270
31431
80077
57709
723
75972
12209
28942
59087
66374
27248
5059
8715
16486
21592
89003
56072
40691
73645
52428
12324
43185
11872
90691
27515
826
67707
15955
90315
25461
23636
87782
44230
67047
28657
91043
47602
81301
46242
22419
38809
41364
8541
26756
85372
66660
59730
60037
99750
4865
10608
50061
86715
10691
31273
15701
78702
74302
68764
85772
74611
24983
92729
30556
43129
91730
32323
50068
12194
19973
41644
60714
12283
66025
39809
36781
32412
81190
67512
86830
44606
54784
80877
82718
37602
62732
29983
89957
89283
95732
70755
59459
13584
72042
61916
95077
94161
82961
62707
68328
38982
39255
39943
31397
46353
3693
10958
68455
40550
54226
98056
69759
42499
85087
29933
79273
84588
86365
27514
58278
13704
84760
89393
53874
50969
43126
16608
26729
50680
43730
15105
13325
46233
57027
53751
16192
30952
84704
66681
88327
22274
83888
50074
12156
13356
98780
69007
63341
40402
517
98974
87913
93520
9450
58873
35973
74661
39248
60731
16729
95800
19700
14274
97402
87117
24218
45062
83723
61967
72931
59412
40303
2024
15798
69977
308
34124
6787
93507
90628
36634
87635
46215
36653
48414
45909
21100
24350
60175
16122
26535
99268
75433
35379
34730
50352
29733
41436
13624
48977
6593
87125
17355
26892
65795
62360
41570
97064
32381
92034
26164
29022
75649
91722
15229
96056
56944
60149
50041
80259
82082
16784
64186
77988
92294
69776
81090
30638
15511
4784
88953
26610
88432
26699
68136
44364
92394
80504
99674
55718
98398
42537
70274
52861
80534
59468
99975
76387
4460
55709
98904
27046
11442
75029
20362
3868
41675
67601
8977
33124
66926
85096
7926
10277
46705
1199
94782
52151
84294
44972
51020
59758
65107
48205
97738
65424
76311
27898
26424
175
15209
52770
857
58767
46078
21502
93622
11609
19325
22003
15085
89474
60260
70399
84846
10145
54255
83218
43280
84286
29900
85487
48922
37631
99922
52384
85725
33093
54454
72685
22554
21929
62723
67863
48182
28786
27041
35285
73640
28019
72820
2101
43767
1714
26336
33164
66118
43461
4852
37347
49633
92281
17725
988
29571
10148
68225
51473
33713
91138
91413
19623
26828
80681
7198
29589
52719
59221
88111
44733
73794
44734
35215
87894
74816
62170
87241
34814
76975
60948
95884
51409
10682
45975
64639
75610
51698
2744
19197
45136
96923
34185
22279
6898
93048
70307
9008
4410
13787
33911
57985
77718
47370
91878
45587
29794
17841
54137
27452
89370
42630
70052
13157
30113
56184
48744
99754
3412
52226
49796
11369
27832
66252
23158
40174
73953
50831
70498
93397
28300
67945
54991
89346
48878
4857
51831
94962
25933
6806
36732
41468
13422
51191
89796
5729
97377
39541
69288
70092
94383
11389
5934
48054
60705
41296
58278
33568
92959
3187
58060
85334
47513
66847
90271
53180
8335
81425
355
19748
80285
17267
37804
10479
96100
49304
3491
66751
9261
46146
45768
3340
33707
22357
87650
61013
76523
17920
52254
51814
94160
5700
57576
76209
635
89469
98333
54821
82739
78692
84257
12394
56388
84972
10512
25411
24062
77673
53131
8273
6426
36943
71416
82198
43236
42338
44366
30957
83500
33803
861
35919
27670
48027
42843
43249
16698
3075
33197
32860
4632
46508
91696
4557
45831
54713
5863
19523
87348
53608
81046
40131
38515
55828
68754
54135
97655
45920
4063
63699
5588
42952
14747
19238
77920
52773
83611
76357
24257
68533
24503
57117
26860
45444
76018
23515
99790
41442
22118
86567
96356
4341
39470
24007
10885
39029
34235
3131
4720
20647
11298
54453
90484
75729
63624
96246
7631
15178
23870
35394
47806
51348
36190
38943
2355
93778
7150
29789
93935
28291
45405
26015
27954
95134
39120
84001
57565
86526
55132
50992
53191
94665
42204
68802
36194
11078
10699
96629
45110
21576
45730
99738
88962
81966
18437
24910
38476
73930
48152
47474
58594
9274
18666
6889
45577
63341
30019
77979
8984
57465
80222
39174
20152
22037
68512
82873
40940
77581
62005
26214
47439
64827
44767
24687
59450
27236
89780
82477
49394
80593
36462
1292
45280
89240
52605
32847
13720
75043
70145
84544
49452
71225
95058
83393
23300
24182
31588
59787
73568
82731
62211
46425
2726
63574
19938
15866
17967
58025
65324
92293
42694
91990
22680
53852
9456
33913
54150
45255
20428
40415
3442
64537
98858
99795
15463
17386
33626
38829
31875
59909
28940
23563
3440
83652
46295
47819
13405
91016
98367
19236
71738
82681
11780
38036
61590
32266
76908
3500
11296
8737
36288
58429
47067
8319
9721
22754
22476
1246
15939
97434
63951
57064
10170
42485
36455
71693
87701
296
41831
81439
23951
39507
28596
24848
26558
56508
27620
88223
21895
17744
44104
44861
53182
80660
9417
22224
78669
44250
56170
43071
99620
98782
83167
85371
86603
22552
10604
14494
23350
97624
35756
78253
78948
50158
43495
43638
7321
54102
17039
80006
17318
24484
58203
73711
97719
11159
26864
44568
8384
83477
5616
6231
79576
95301
24406
13773
57065
80693
9903
87484
27575
54230
78734
65749
52729
66480
92127
37571
71905
56358
32324
72079
52451
57563
12143
43643
68380
11296
83648
59451
48858
40431
52422
81702
68840
28115
3721
9668
83609
39416
17641
61945
67863
40829
46875
26212
44778
71733
2132
49563
67915
4711
88493
60839
85359
93484
87350
83176
38407
5186
94064
81291
38362
42923
91656
90735
81333
27990
21493
82893
23805
23015
13672
9686
23854
11059
80334
23643
40977
27876
20835
87859
4371
68149
56485
14156
49690
83626
92953
10574
38170
49551
86851
48907
15032
54793
233
64336
52231
42620
14772
26560
81666
89911
99213
65014
59695
70042
68424
42669
2260
94199
31491
19216
74302
27038
8103
37640
65392
23310
63459
67946
18487
74598
47768
23892
22245
28528
15008
84055
31280
60064
48475
59285
33291
13367
6417
51286
90706
95290
35667
73834
26087
87693
28899
97052
227
94018
41119
55771
571
42621
29701
29313
43818
66879
22765
73990
17648
709
76501
68655
7277
23280
35572
38714
35826
39948
45996
18643
39983
90365
62610
37278
20664
38289
44280
97906
49055
40937
74695
83657
41653
88532
24876
44639
49710
33490
38823
66966
24358
4084
97069
81044
77815
63494
15526
47926
28605
9186
94734
19715
76711
22723
2404
76963
68514
56764
40085
18375
37928
3203
99620
29405
16265
93710
44851
86054
98923
42459
15158
55000
51736
38180
50331
21635
27797
10379
89883
30428
87191
23462
28146
24451
74421
55538
475
18962
95572
35838
79348
35138
5869
37260
3340
61649
24920
91832
55773
55347
71303
49672
10127
23015
47580
8312
77813
53690
8059
67375
96725
31344
17763
31715
17687
67948
48932
52739
55295
52640
32344
9258
94281
99028
35006
75397
47185
62003
14058
96146
6853
45578
96076
52170
69266
56656
19212
64610
61572
13988
1673
24551
79058
73141
84061
63653
28188
33981
73172
49985
47957
75352
32653
79894
83907
26010
14331
1857
21341
13838
4899
88545
23750
5756
1610
13344
41588
85620
27872
7550
98791
53816
19923
35296
56044
63508
76250
20237
42761
77326
59601
77767
90270
40780
89772
96339
98020
31267
20830
27128
62800
83344
46822
82965
51484
36439
6338
23158
15438
29990
63670
77656
51935
87489
43420
78791
89204
42218
94984
70743
91720
95810
23115
76425
70348
87451
80828
38570
17085
50305
29129
53074
97722
43046
32617
67434
1539
9028
31812
3771
60599
78979
52271
91497
95815
25595
59471
91486
54341
46615
8862
12567
7503
93132
77676
41223
47026
11216
17225
45320
94388
82682
74736
56716
3886
83405
28055
77418
80172
80741
40631
83770
37336
53222
17850
43039
28611
85139
85584
97199
80886
22257
72457
34004
12383
40745
44991
71306
65868
77912
95594
22176
32804
26106
76249
97439
68759
6518
20051
90838
43978
44974
62606
31891
25404
95230
40040
8585
76080
18389
10829
88049
81102
55688
64960
51925
36629
77778
90563
66128
51680
75289
87305
32507
19742
78468
33498
30477
57116
81428
81953
86680
5679
68892
30665
23420
82578
69806
82125
27622
70925
98802
4956
99694
25930
80606
90375
65532
25612
63445
17637
24829
25738
97412
43299
92676
6393
77657
63135
13024
94949
25232
59385
32496
94515
68982
4254
14559
52849
85323
61248
93471
50757
27255
10651
53014
8643
54567
6346
40576
41530
26435
38093
63319
71879
7072
49730
61918
23654
80938
65070
5960
84658
56165
27347
45014
12216
75288
46845
59399
74887
30941
23240
5780
62143
88762
75309
76342
19935
97795
99130
82048
62249
29066
82603
57982
53676
81171
54585
44412
41863
99223
97027
83676
41030
17580
40416
26135
77449
93393
14223
90536
53805
78698
3612
66686
51595
5533
39135
19493
23856
17158
34738
99872
34933
1455
70434
25920
68379
67836
72977
9840
24021
10661
78740
28848
817
14120
26984
95084
70210
50771
78958
41432
75276
64220
61708
56889
95539
10892
83687
19962
96499
63041
30815
89136
80563
35889
49492
353
69388
81637
57357
94854
78221
82028
96385
64190
56120
55328
4440
97188
64392
66827
96503
31821
77507
38377
43193
50796
83173
94107
22692
86743
54024
10321
46419
61575
87976
91576
30882
78800
64500
26429
86656
38505
58726
41588
76859
49267
63273
41862
24707
92208
58639
82378
64964
31988
11267
62541
52521
73533
79586
78779
14740
11624
97850
45845
21912
39210
55610
73195
766
11154
15331
66542
47640
2608
12113
67429
57879
18842
74782
62874
28271
5621
83726
11070
24566
85487
39809
63896
76891
15443
71334
7770
18105
66702
71113
75543
88110
86483
24267
78994
11172
91999
50363
46476
9115
92662
18575
59536
98936
69540
37985
21860
42067
26236
3921
46464
92559
29595
38580
25059
26569
94980
81936
51802
9853
8131
83150
7947
4445
66594
79904
74514
6272
89182
29249
76195
64859
37152
1314
58035
2541
10399
21282
38068
6579
92601
13373
20758
33615
57881
51700
97317
81055
10847
16994
9246
43047
4535
40569
67232
51018
60435
27415
95157
63280
83594
99016
77537
98985
86675
19663
82499
49496
97741
97872
1845
14898
15324
52343
42770
4990
2822
27606
34610
15767
26573
7823
95769
92399
92380
81345
72401
34866
65717
83393
47314
66016
42098
54597
57720
76678
3267
45656
11730
52228
75150
7184
20684
79330
97147
20578
48179
52611
59965
35532
52289
86194
74366
28712
77004
31374
6833
36218
90559
61892
30123
12691
62948
85357
33682
75866
63446
11712
56027
40389
8898
84115
47144
27922
65672
55212
39340
10500
73982
56105
21991
59826
72637
52136
76194
13729
80283
48736
50974
59180
42302
19469
35294
23246
98260
58531
73590
66079
20435
77225
42084
96306
20112
63058
25958
78671
4544
2134
41550
38204
5511
13354
88452
6442
92486
68914
10810
916
13639
24714
77798
89279
64777
43107
76276
88600
52270
12819
93022
45456
85693
63420
20393
77288
80532
23810
4572
70520
91925
17355
55931
63487
55791
45391
32317
10040
60025
17890
46429
15049
40908
40068
99605
9879
90490
48020
98067
10450
1603
44715
24538
79838
25959
65596
83727
94015
94851
57679
86455
8764
15900
59321
95353
33179
76582
61073
2665
89009
46826
53794
99873
85638
30932
83034
44434
85181
35242
67691
87706
60762
12669
33452
56341
71517
62643
22666
2754
32570
73294
60835
55230
51439
52499
82874
54341
39210
33203
90434
97023
85255
20829
2439
20536
35893
54796
70385
49540
91359
34181
27991
13183
39118
17007
58446
90390
39526
7576
39080
99140
52139
57904
47259
64312
95329
26325
65330
78270
99822
3764
90498
21132
84466
6710
92737
93288
18993
90052
19627
76617
42650
8370
91259
12883
86721
46084
93496
55515
98857
32450
21835
25325
53042
55875
74269
72258
46018
69366
68991
75504
67429
73250
54140
523
12638
70749
70543
11141
26228
73742
43117
75919
66875
85463
38650
87964
38744
96715
7697
11397
95992
58382
21643
6584
10470
72161
8013
81382
19955
17815
97117
29406
90164
76200
11727
38783
75741
89770
74703
94761
77783
84479
84859
86751
48886
90029
54414
43895
45703
8954
24353
37500
91397
69236
17303
85869
1788
27489
42448
1771
63672
16401
28608
9935
6460
66614
77996
87897
45632
35564
3680
401
44078
87810
70301
99534
14457
95132
90904
86919
36624
47015
68329
97416
38706
94766
39880
59647
49772
54291
85617
64617
93234
20917
85246
87366
1242
88173
22378
66352
2135
29601
50036
32483
99692
32777
66509
2099
70638
32853
55344
58932
788
99734
31490
66422
8217
10092
35424
99969
48623
50351
2352
86032
33458
93186
43188
84814
80053
95144
59836
46614
64836
87987
29786
96967
65080
77126
59597
29995
27734
11961
84718
5110
2074
31562
15933
93263
10396
48545
4537
26320
1566
2331
79385
2328
75075
62364
20212
59762
24758
47325
64719
81895
66559
82375
54457
71479
21094
6681
58557
82331
59926
92338
75848
80283
98546
44079
97567
48811
11412
33355
10917
4711
65435
86619
30833
93546
90133
94766
20655
74336
24903
21805
21539
11062
53785
12277
39028
98223
29298
56674
89279
26020
31045
59447
37567
42924
10813
27874
56585
6208
75245
8293
77441
26263
56433
28327
82718
36756
74611
53694
324
62016
55036
49142
73317
431
78017
14986
31016
19902
50981
45363
90129
71326
59800
13369
79051
35422
95898
86008
64143
87457
9188
32769
75354
10787
25876
70077
8529
57929
98656
69474
94828
73773
18716
80283
31895
25262
20016
75826
58507
37376
15146
47681
16712
56918
3166
31756
19405
54248
64540
62536
10290
94241
33882
3319
77104
61383
97737
13769
2214
9409
67816
74949
54929
43933
29234
48154
8031
95200
46967
49069
42714
49471
48007
32893
28878
98080
20812
8495
21211
83705
93222
93982
66632
86402
79216
85563
59737
22551
9222
27230
60501
30312
11674
62818
59939
36899
42803
186
54880
42104
1956
56530
92356
64373
40590
47371
87751
47682
47925
70576
86357
4666
48381
83649
96165
55641
30675
72705
33727
27489
70707
76039
2737
40634
7346
40907
26353
89263
98506
55968
86189
74760
65269
15007
92584
73292
25976
89084
77468
38840
50533
46656
66333
66017
93025
74182
6470
58465
6635
21691
59146
24563
56214
46335
54064
74966
22077
27458
92991
53336
40443
21698
28373
99261
40622
6952
65276
18442
50127
76584
83810
52164
56698
35310
24192
77899
3888
38577
1219
92474
80054
53059
81174
14225
66139
80148
7284
17097
33883
78274
24442
91846
38988
26695
49082
37566
55301
32608
62986
35451
64093
96611
11477
24903
12428
41916
28957
78465
78243
69084
88542
43088
51205
63276
23007
36099
24657
43344
49512
43583
72072
40143
16752
86854
19045
29502
85424
84307
82071
57610
12769
17325
58916
50313
50718
12328
53547
67375
15705
85679
17712
20754
66113
30283
8999
36881
11076
35716
61149
39618
14596
53250
80076
68770
19028
4000
61084
79522
33125
38106
19848
48007
98776
19341
67583
28852
74852
42476
3136
70445
19468
92511
42446
31634
68104
47930
58117
36406
89221
59852
72017
69840
21856
64318
5240
61564
201
14443
9008
95054
43475
92301
75587
32417
2591
39173
71779
75137
57672
50255
43340
59050
99500
4999
57750
57961
25233
89538
73350
71438
62027
73121
8323
60048
91499
8558
93385
63051
64239
9702
47386
73035
24263
87416
91615
85091
42858
11177
4135
62426
31400
72826
96664
12624
37054
30034
47608
78230
35023
35949
27757
37331
89632
26393
92215
90106
41792
46648
63222
96576
90791
27499
550
86320
16924
64079
8917
79148
94008
79579
22283
27179
97145
45423
36873
69441
45402
34891
25104
15709
66198
57184
45711
64941
81986
10734
63365
26288
63574
35309
79710
27358
90138
53288
51364
37734
95136
26877
88075
77576
98272
68730
56058
43735
36546
43909
84926
73372
86032
137
10520
5387
15656
93594
91696
82254
73039
80504
61174
5102
55870
6813
21517
10159
77991
35907
99951
86677
13845
2327
19861
72786
75116
35452
67113
23840
49058
33484
68313
72960
86644
8698
93333
39801
82764
44843
46630
72471
76721
85778
233
51033
15810
46698
85288
34188
24087
20726
79159
95487
36198
56657
3400
73986
20898
99880
4058
37162
12087
92839
45587
29021
7445
31735
69761
22545
58718
97004
27570
23141
18822
86913
80887
52952
80175
38958
44881
78736
36724
45490
87549
74362
73968
88312
71622
28865
16665
54156
39245
90465
86639
62156
26094
69775
64746
86874
50142
50569
38606
15924
45873
29103
50594
24552
54954
16924
19374
3977
88657
20149
40644
3589
13676
42033
77372
21426
82141
97748
48305
60234
4381
40570
26370
94417
89782
18151
47637
13851
128
81025
19115
47092
10202
74010
82097
99770
22028
44279
64253
95489
91698
53832
76088
83790
44203
53077
81401
12165
18169
24248
25556
64712
47167
61830
35378
83376
474
49767
65128
82637
37871
1859
37869
27298
74842
87199
98711
66981
615
82085
49412
42447
61015
93027
44873
16815
11263
46502
28225
88964
26895
68359
40264
43051
44698
33912
22372
51066
77487
19787
29408
79896
