api2_id
13035
13089
11674
80704
54723
51687
88134
94833
72285
25476
61669
83795
5050
38052
69372
62883
51395
88491
96970
15810
74895
79795
64313
88462
43885
73200
2909
55620
2391
76618
65289
22162
14627
65822
61317
7198
50081
27626
62596
98704
51498
77867
98788
56487
93274
18680
54947
85174
69739
62067
96175
63949
93843
92778
24555
74083
77281
30803
39715
88334
10309
67648
78479
11604
29004
68207
3047
63116
60241
85222
40927
35918
37306
97048
44816
63141
9237
13105
31137
28515
37953
19761
18736
60745
42449
46825
32232
52419
41060
45879
40885
85465
25669
24063
28200
44534
45487
47417
66019
74767
29169
91242
97919
96188
9457
18302
18505
68489
15242
96642
74307
98838
31881
26557
49
71288
967
69373
13704
74627
81435
6121
655
11248
16651
34682
36574
27204
86756
39202
46673
32233
99699
23751
77758
25903
36823
31443
25998
67746
72189
10368
90464
84241
36872
95871
60601
16156
4096
41641
20586
90672
41019
79938
74398
51412
82763
88266
10210
49909
97610
46044
13169
60504
65621
42537
40244
59552
79065
71662
81529
62968
96113
17338
92505
16425
63801
15973
80975
92958
33643
14803
59475
69192
39427
19903
76934
88896
12979
97921
47385
14286
20801
55381
20999
96778
49352
90388
46709
32716
70293
2550
29456
16412
39019
61623
88440
70062
89420
92528
96009
5047
33368
6668
47265
8044
97893
13574
15638
91008
23999
67454
47442
7273
20286
18261
37509
44585
86392
36526
69375
7921
44339
43551
15841
11040
76703
17178
32391
79847
74143
16510
72433
47596
85914
84583
54634
15351
34697
96447
29708
95740
70171
46314
31297
34899
92272
54383
67404
27344
46217
14543
89118
28901
80293
96711
82265
22627
66294
25584
3994
25025
87658
57691
52162
98494
73703
30022
29253
89584
22774
49322
69523
10080
18770
94564
62935
76431
55103
18024
20240
23674
93128
17828
21381
40317
52197
15612
24351
16062
67225
49719
75469
48982
69123
99742
63976
56070
77644
11542
43214
35299
13066
7619
42636
94546
23483
83849
96982
61178
91319
49604
46517
10125
11159
16573
84314
77373
90975
55031
6362
36028
28643
46225
87318
77964
9158
25426
18086
79773
15412
41234
20495
7883
19253
54094
34644
6297
6999
4502
55849
27895
59550
32744
94022
90182
63942
26631
94487
62290
29961
97134
78554
94412
1045
15488
18042
29321
39433
15587
15785
42387
17963
55886
77735
47331
48046
98764
66803
67016
8184
43780
48565
70515
94466
52388
73425
37950
34013
12933
68711
97007
29523
82976
83780
74402
59060
61090
91364
60002
37006
19758
13223
27228
34657
78185
78588
58317
50886
32324
52747
24858
50059
16875
49699
12928
16984
39473
9388
33429
40803
51247
60292
26158
42511
84253
32369
34824
59299
82223
78339
319
30783
37831
79260
73898
71469
8882
48253
34668
1382
28507
35234
92084
52840
9769
69839
84030
36695
38502
38210
34632
11464
78475
14965
9326
61079
28859
9089
84405
35195
54333
14634
32063
13667
48483
65410
65673
82174
16769
83873
50585
5684
32769
33995
14563
47402
57570
36174
75322
97473
84613
77410
41808
42402
68517
29175
56535
44236
8763
78246
54693
88350
90926
66009
47269
57828
99042
56199
92299
30347
83479
22806
47516
61907
74012
34048
62286
76779
77939
81098
69470
55169
87545
90730
57902
63275
19907
97707
13025
54428
78141
96340
15943
46729
81479
44863
63845
56957
46856
14616
2555
37788
57339
66054
66537
27039
44171
70674
26569
98975
3938
37130
34515
70253
10098
35659
67793
53610
41757
41011
99842
39183
85411
46438
37083
87863
31908
44350
72158
82324
92521
12575
22795
42863
26717
21136
77274
28062
5481
74778
53579
34815
42647
90856
65595
8526
10430
11332
89062
67791
71484
79148
19022
11483
26056
28932
41636
62446
33873
8098
82418
11695
45418
2258
80408
73441
35615
30832
56685
81111
23060
75465
47278
15390
81563
85514
87336
76537
252
56056
36494
64717
87592
89767
70278
79775
81393
97893
6794
39216
69929
99742
21287
840
61773
19308
99993
30446
79941
12035
29540
12974
61911
47175
69795
65247
36567
86173
9551
5501
58371
6086
25357
27277
20481
91582
85203
36941
26824
65831
4782
74888
36311
83688
52127
86842
67920
28388
38956
86432
12796
81622
24697
87589
69770
33401
47404
76505
53817
47296
14571
60365
61404
11362
25874
253
6615
82903
90715
2851
66060
46815
12241
8147
10566
8672
31403
68982
47380
27044
1744
23107
74298
67206
36138
11344
97652
52539
76332
52749
57950
52242
55406
85210
26999
57769
37692
30451
65077
21721
60881
46154
78898
21350
81813
70579
81260
17790
94713
33118
28018
64640
395
16458
66429
1303
69520
62345
77772
20951
55666
10233
67550
72791
3910
99988
75295
50057
38626
21410
70041
21856
41123
92204
87069
12318
10055
25723
46490
85967
193
67068
29582
46358
40491
24343
16357
26285
5252
75455
75128
58068
25295
1025
9841
40160
4646
80147
62183
28629
19156
34284
770
18343
47733
76664
67486
12418
52454
95330
42915
60060
28766
83525
69310
57254
79341
22919
42601
14252
20238
11452
8951
53559
54529
77393
39209
55286
39295
17604
69135
5326
80668
79072
75688
3163
68214
61281
65017
96147
61934
86531
81332
88328
24554
60623
11667
36621
14975
28480
57852
31164
70640
11492
34515
79366
58244
7728
67824
86454
82233
27245
42699
45939
15489
46680
88649
68034
46438
11630
67885
25909
8390
86710
57950
37769
60199
43114
63979
35215
50979
20
99285
63064
65339
54493
26773
34481
49491
21481
23068
32635
74621
31588
45483
26338
15607
93715
15325
28193
16636
98744
32027
58156
10396
97920
30119
81252
18928
84972
24308
62139
89244
40859
88979
21386
10025
97902
96170
63938
77589
19327
36504
43754
51607
24335
58500
69685
93357
94387
29467
51193
95537
89361
40358
81325
77760
28588
4547
95284
93635
1185
60785
2791
73480
29191
30200
19526
96774
1065
38288
10880
71528
68370
74532
422
52198
65479
95853
28495
38189
38316
33100
34167
96393
7949
29747
89288
39732
73784
27754
60081
7509
16687
82731
94303
61309
91661
25147
50278
16811
13063
4804
70655
29120
27055
2398
31276
73160
86565
71739
8503
42642
79835
59376
59998
83902
9299
34103
10184
71520
89225
1303
15309
67829
87176
93398
33979
54631
14496
11903
65602
29970
46030
1769
36337
12746
66164
4461
25310
87473
8878
24335
26595
17065
9462
69684
8237
47238
46139
20842
32181
63044
60715
60679
25245
40659
64051
97680
91817
96100
55510
36472
40908
11958
6704
24407
39433
15469
85958
2296
35676
13545
80377
91433
15776
95334
61723
52709
24975
51598
49891
94511
71993
37826
7381
397
77714
91401
33801
54826
30074
50315
27060
75198
38772
2062
31919
70801
68
5501
38375
85790
36645
80083
17784
82779
25411
38571
68702
30532
22363
13984
98582
17271
67812
41289
83438
88741
84516
3238
27333
53768
70716
98568
99768
63712
99853
56405
90487
81851
5358
8664
55056
79069
22378
70255
17327
718
51663
9696
86222
79687
82481
17753
86163
56590
39913
49878
52510
77195
77520
12287
65712
35979
96930
90899
28346
98223
34562
95180
81808
61862
6274
31686
71167
62107
9353
68939
60244
62327
88260
5795
51337
25514
5383
78615
53131
32799
11510
62278
98766
79964
11001
69566
35064
69955
48936
7644
61258
80629
39223
28883
36311
15730
9147
75662
50434
96328
90473
18613
7221
71876
46413
43184
20629
49321
27793
86460
81634
22596
77920
33486
13150
24002
29514
65630
28587
92120
23894
94396
9332
11306
74079
76043
34860
87199
41324
39538
35760
1455
1091
33450
7375
14389
73204
52847
92559
72085
18233
99392
55506
29139
78011
73870
49838
27408
48495
2449
62877
46909
52478
64052
27211
96500
14655
78788
75243
11721
93240
18699
87041
9414
68930
80507
59017
22545
76338
61039
50253
52470
2186
49025
28975
94247
70414
64016
84410
85699
53881
68288
13829
61191
83337
12242
1661
88850
54361
53101
62060
96273
45116
33951
71252
63800
26400
50548
70553
56311
83176
53959
89327
73615
49141
63927
17884
56435
77377
93311
90594
60685
92588
17532
92377
70458
27463
7801
29627
59560
55396
9819
77791
96658
66881
42826
30582
16708
51263
24232
99994
51119
13822
27163
7390
83667
68328
63701
71412
97318
72663
41083
85774
99219
61762
52538
75973
41817
78084
24819
83257
25868
20160
4392
22983
9607
93794
96031
85146
72725
21916
4770
34031
26126
55841
52016
39651
3056
24283
28729
47032
46775
95666
70131
16072
16090
78145
34023
84396
28744
78222
40632
46310
18525
9628
44179
54839
72804
82276
50672
34826
53479
86825
69412
82390
5255
92182
99309
21387
51361
56246
39547
78451
3205
60715
78558
83877
32229
32286
89895
88939
66707
78350
67518
39467
54445
89858
97107
10749
20799
24972
25663
60346
26539
98257
79686
54544
39640
87383
38797
51189
26289
58239
56719
65727
94906
87651
16587
25693
6362
54159
38444
84781
1518
50970
62443
51969
57949
1007
5293
62006
35678
82437
7146
86278
61496
77083
16529
97790
79862
91716
64248
7791
3099
35223
12052
44915
81649
984
17277
67245
54853
42332
75964
92810
65504
81354
70665
19928
39889
7372
23903
73046
45315
33800
51841
75494
8636
68635
48213
99424
60699
40692
31611
59595
56877
13368
52690
19488
46762
89193
81242
21529
74143
76628
90314
84244
55004
57489
38254
78365
69860
37380
72183
42162
6042
96668
69665
32652
6469
63729
91936
93639
95812
10643
20643
38981
42526
46258
42331
32773
81413
60242
67018
68743
94000
71687
7723
28990
87637
88966
81231
8611
21725
88906
80755
72640
35221
54724
19989
19830
56833
72013
10736
54837
48529
55579
89862
50209
21790
3510
69074
58508
1101
3435
65271
67372
43860
65600
69818
99992
7494
38470
28291
78654
12484
73701
73492
179
6853
15000
60268
62121
66366
87536
63156
2398
80342
52176
60005
97818
7160
6236
19634
33708
20083
86573
48980
80477
44204
95404
40731
71928
11231
19849
10104
53097
39292
95084
42464
72106
86352
4239
68992
44386
3535
83141
89900
60540
96172
91356
35720
94270
49931
36769
11765
49308
3340
56809
3708
29490
74625
33466
22336
4209
27943
5743
578
34294
27219
45384
33401
61675
32641
81717
46792
36697
3730
42509
70818
84883
69143
31790
52436
60644
84657
70938
72879
65456
65758
32952
71990
56953
51023
66716
92995
16079
79463
21911
61877
4334
23192
63829
16268
43608
44961
28123
79989
92084
14507
57649
17635
16033
46925
29758
83195
73802
5360
16451
23039
87735
17736
74033
57440
48488
88751
9604
23200
66074
81399
40840
98785
64994
68969
16357
66708
6516
3737
97118
62811
61288
16487
29158
23113
38719
38125
86147
5289
79257
69509
92069
62775
16525
89808
19507
93700
97098
59891
21784
14548
77421
79328
79222
32461
15068
11547
83088
25985
41734
86993
36121
21841
70086
92100
13524
66933
53286
94793
3839
30846
55759
43140
996
94302
7431
83694
39046
43897
47891
88692
53822
1268
32733
54313
86270
31436
35665
89254
96739
30594
72505
87946
91173
65243
96375
61857
82298
95930
68482
5774
57274
87419
74454
68473
95423
69109
69575
15054
98656
93118
9315
62874
96946
7284
49003
1818
60912
17461
68425
12274
50742
55010
3806
11566
83164
15882
1602
96309
21948
89107
19634
25018
31381
58521
6661
94542
8581
61170
51634
46556
90357
28369
48355
1705
96440
68924
11236
48422
4781
27790
75731
1778
12764
68491
4165
42114
923
76427
31582
31431
55892
44878
96972
43697
90140
42091
94380
64940
82713
15037
53884
14634
23840
35354
78535
65659
18690
45834
76071
78100
23349
33900
92729
51014
55548
25085
27248
85444
18931
69555
76489
88866
8624
39308
96518
92951
44352
78577
36068
50198
44402
57245
5351
20138
15835
71239
80707
24548
15770
63789
86023
6368
22761
73593
26454
67589
44773
74865
39599
80369
54538
11746
23801
18061
662
19850
93924
83615
76754
14260
79649
69293
98687
49548
61776
22446
4171
13703
19275
51052
56605
46818
49977
65813
81503
81931
90459
69544
41680
94628
96705
3723
6039
13471
14644
32218
44395
2605
44965
87345
95415
38131
16669
16375
6015
51391
81480
13187
78719
3552
83020
89755
17872
81525
91921
50259
59135
65736
24771
50347
94571
49834
67444
82269
78096
90791
75113
17795
76164
33453
62699
31011
76920
9023
99531
3439
50858
99056
5571
19893
31116
59543
11817
48803
93239
60141
10625
74789
11375
64255
31880
66381
53059
50214
60275
51563
51496
62176
91309
13236
59909
23266
18794
33097
5267
33793
2142
41240
68387
98125
83159
56315
40149
56468
10016
57230
97076
98024
21932
4677
65922
86781
22096
88449
5745
18337
38123
62802
79573
38846
10084
78883
61966
82024
54601
57098
90556
6702
14477
27015
70322
36766
49584
61979
66069
71932
72827
40481
73463
92324
81970
73450
62645
80461
58785
60625
95093
27509
50565
89955
92307
44519
92210
6074
18975
92170
26682
12299
71700
19592
77191
80945
34644
7578
55328
33359
9952
96890
11051
59102
41055
97479
5609
39525
82592
89515
20243
20316
87613
85586
87053
57012
38792
78234
14637
4205
60125
77194
41443
46054
9363
89489
82493
51959
43372
4465
87131
90404
73039
59152
62050
9075
45441
4858
74564
82913
44204
34930
60784
14796
6935
46062
51745
94396
92551
88807
8182
10482
29395
4053
82446
32443
7049
83684
76249
77957
43621
1118
94620
70859
40242
712
13408
72316
54665
94851
75742
17642
87109
15838
47194
2597
22572
61025
81299
52060
93785
67923
8648
10366
56764
10703
52657
82130
74500
76100
77616
13236
30545
21944
59308
68888
4751
35333
28637
23369
98917
83392
69640
49875
56167
61308
70726
27228
27012
51963
29188
25146
62581
87772
40776
29534
41551
57830
77071
34776
22281
90526
65221
98733
58429
86140
28116
67331
6981
62675
89338
826
94640
35161
43593
20489
62143
34610
94861
62480
47019
48505
25944
75675
87790
65430
10489
89928
79879
32306
16585
55567
63041
59001
54023
59037
60659
92054
62989
48346
23260
7672
41349
99766
83105
5442
83292
41143
19427
91816
38587
89511
44615
63605
99423
86318
2828
75780
93779
82721
82926
87977
33766
51253
77853
83954
68817
87163
86980
61882
5521
68738
18066
2424
95089
48139
95644
74024
81245
42011
23564
6209
96284
98613
63508
37138
28178
25755
56425
71517
42371
25424
14239
58525
53180
57008
1867
1593
46174
16045
6466
11049
77619
89113
24532
13457
56485
42794
77670
15636
28016
72968
10159
19327
74399
18253
20516
75317
87131
47552
96473
36554
63043
26829
6602
17083
91448
94391
59564
77421
77506
2340
86837
71084
82494
10114
12481
38555
53673
36469
4093
76065
40762
87574
89
52966
89545
9309
13274
51713
66882
17051
46231
10756
84981
68059
7776
3996
42664
25068
56132
82527
53347
32981
64904
21979
12012
46408
71985
37563
98864
2907
35710
68495
51967
78706
60727
57724
10095
99357
62543
17596
45111
82143
98125
46079
66297
5184
44024
7218
98577
36656
56496
54696
57147
48320
97661
74316
47543
56777
27586
55845
19816
67958
58578
36601
69444
87783
26873
37005
5580
90506
61525
43125
50004
62036
61852
26973
17643
69680
51653
37953
20743
6535
39510
54986
18495
24441
82611
97816
16121
86135
45078
32008
54520
90709
76103
26101
88583
69414
21170
5349
41718
60253
632
5646
7137
42459
22831
62499
25719
76180
85138
93769
51400
62369
96463
83171
71145
19654
82367
78806
28332
922
26780
55773
11720
11765
9833
16523
7069
316
27207
87355
7795
52662
3522
82032
83541
10732
72128
40964
94454
53787
42210
38700
15323
82484
30290
28021
77644
43362
39929
17577
52514
16134
50969
20161
90832
76965
12447
72655
17295
47393
95273
85115
43928
31920
21635
63876
27840
93111
90132
48383
54520
85165
53549
92171
36549
91763
45725
56237
58018
92589
26721
35605
10984
43884
25817
32144
75677
14108
47453
2259
646
85644
55832
98748
27482
30572
49936
48714
8227
9193
22351
676
53280
14050
559
26897
19665
94475
30449
65001
69763
48034
38002
42407
56154
89786
51064
9417
91295
84673
62928
74557
47838
70194
11002
49217
35477
11737
43811
96103
94509
51975
21942
77926
8368
45977
91118
69051
16549
58902
19767
55690
45947
48871
44701
17521
4696
84732
62750
91934
88618
65220
96191
5355
90899
45614
12029
73235
26984
56275
28974
92454
40946
23960
42593
1779
11020
82382
20867
92479
88705
22526
40847
30089
41991
70686
47071
28137
3713
35523
34038
8106
90471
37989
61691
94042
38844
86583
71950
77760
21289
27957
98269
74161
25374
50700
82980
97996
63175
6136
40625
95474
70006
5523
18150
72278
69632
88992
97553
53179
52427
60708
63462
33608
16804
21204
29557
72801
20716
48594
85976
63535
8591
2783
22874
74125
41567
69189
72995
9212
10666
4909
81658
35755
35894
89438
38648
52932
20584
86019
1619
44333
62833
2884
10128
56515
91878
21667
8217
9039
25250
95484
7963
67568
10563
58534
74350
83527
50315
55615
28728
75164
74157
72459
2735
32433
87884
25313
36597
32663
41901
45908
67622
69604
25219
93745
13691
84560
56485
82736
9256
92345
91964
86252
91298
47538
79273
84219
99168
64785
52129
84696
98844
64575
5240
44703
58266
87063
17400
72991
99088
37889
44638
71855
81477
60493
33714
48456
22243
54961
18210
22342
32671
63672
75371
36332
8841
27261
71026
22408
49756
6413
61893
82085
70852
9447
76516
89482
33701
91241
31697
86019
48111
91842
44675
98399
51443
13902
4594
86131
31785
80120
50869
7564
74095
47729
15882
80309
7216
68749
63504
29670
87378
10877
55071
17382
85218
14489
97797
30591
88407
44413
85387
49053
71708
71022
94774
39785
54791
30034
64540
69128
4347
5539
32533
14529
51043
11071
83054
34949
37243
10173
48831
28895
56540
62705
79156
65572
85010
7390
6489
82207
17736
83673
82289
14785
16930
4300
78253
20489
50667
8004
65253
57809
13720
86693
96617
95131
68232
57673
96238
58626
13165
13024
6419
31371
14789
18388
89387
30518
42455
21148
22102
40824
13377
8158
11490
38317
26843
94003
25548
53180
35353
35292
3151
60547
34494
98231
97799
13460
39899
90101
37935
12722
87588
6208
26120
39946
74856
98509
69662
76863
24601
87781
99892
86763
98161
66215
12774
78405
68622
39083
89616
20645
81732
84150
16436
41012
35854
33214
27535
67772
98051
75190
52858
90704
54470
48382
30229
84688
73480
13116
40552
17244
53720
77929
25799
82036
85706
22629
18428
24291
20827
22885
36591
59439
39414
79161
38479
75235
80140
3743
18859
11710
24047
4972
45313
88635
5531
6819
96079
29983
80156
58349
30379
75986
90959
61354
66165
66187
14585
92512
21530
83481
26812
45772
72869
55133
41032
85268
86768
86509
89849
15076
79638
34184
22817
74715
10221
37415
69795
7961
83744
59579
94232
67844
29405
36171
32492
1595
58359
33913
34510
68629
96619
8140
40327
37378
10425
91629
14936
57361
69233
23291
56236
72301
8263
81127
17053
52451
56894
11057
72400
12736
14532
10148
79244
41754
18410
79886
79514
81430
58726
16181
63887
51364
86646
82851
79443
72729
58427
30374
29457
20617
39667
90116
11023
21800
86474
70370
78106
77106
6854
10158
14558
17851
11861
16785
10678
21216
59290
72071
78417
66470
28215
13653
48231
32436
80254
4723
6828
92810
56345
83368
38044
12205
90549
34756
29784
36462
11254
95263
70020
83054
14320
69336
71649
26843
42330
85385
89124
84680
37196
18830
55650
80550
6428
56609
24420
65078
98547
51993
54767
16460
56251
96890
55646
56968
95936
70283
41254
43960
67953
57836
87394
36739
4188
41811
4809
92427
59427
88846
69288
70549
74742
65630
63270
69518
56881
5849
57167
73838
52568
87369
74670
84664
97253
70594
27151
87259
63328
49293
1923
39268
69854
66837
28359
92978
20865
70459
96101
22253
85947
92878
85731
50086
65929
63380
19907
59888
20186
7510
19551
94104
45881
64681
38925
37206
46482
45408
70725
84716
13764
45235
76644
21533
70953
52633
17202
81663
81290
88247
92417
9221
75384
33132
79162
55205
8365
80786
74130
53680
54186
91293
45921
10993
65951
66862
49014
168
92454
52341
70514
47108
33317
88643
67889
43880
73544
80458
77339
94726
97235
53967
25756
77682
72340
63101
36374
77261
64656
40865
64801
64051
16703
61261
6586
50080
69250
64293
39885
22527
98284
35212
50380
6369
35121
96483
69726
29034
71873
70897
87579
13799
1797
83264
55685
64308
89264
82850
55272
54913
67840
16100
91535
201
49792
90838
61656
2589
23296
52823
48312
45864
70574
74106
98212
10931
96436
95492
9221
57867
8077
41518
730
7393
34600
68078
56054
20832
78965
67149
28242
9545
59709
74263
40412
26423
35635
48716
35466
27747
47857
30497
86555
82073
92571
81362
29047
83153
66341
89640
27953
2067
78553
52961
67713
71842
83381
64241
19109
6192
89043
36519
59010
35017
49578
35323
62659
97965
20380
91404
57694
45955
45555
35923
82920
99598
22259
12119
27603
19501
17515
2648
1337
91270
75754
6690
51739
77667
98327
75244
66588
34800
90497
69745
80855
2066
23974
94025
50929
52255
51294
40345
37553
65810
87503
88588
32789
62753
6256
51255
51638
70383
88414
65571
10898
4835
48459
93834
75942
57989
17836
60222
73177
15273
62695
904
94667
30696
30949
46205
362
73001
71933
72732
54652
49153
65765
12638
4106
38250
4213
89628
79720
20926
64221
26464
57407
68509
59644
47385
73531
85777
93025
65759
51326
40365
27185
16442
79685
48773
88088
76551
96183
8876
63650
24673
31335
14861
78342
28365
2619
806
50216
43246
24652
93014
58492
69998
28463
94518
91247
24621
36368
26375
53985
65765
29105
75979
52724
23620
28134
96445
86847
81035
94425
71305
28775
19589
1432
25893
72478
30185
44131
85059
83100
55002
91993
56880
2695
31669
13411
46672
12183
61902
78641
89943
16857
56184
95658
23369
30040
80536
54722
96351
53904
11140
53665
65272
54270
16468
56640
19537
5057
79836
49443
37618
58020
99933
28445
32893
12048
22461
44394
92635
91766
73750
96936
6250
99295
75786
88604
17312
68090
75530
78490
60836
23511
28488
27172
80662
59813
81210
64681
83232
52226
1508
84528
1395
71216
81898
64153
95771
92059
8569
36316
96610
67261
18819
489
22660
37452
76290
98318
79324
5554
86350
54742
59940
47624
78122
87649
44223
63479
76473
58288
56541
81999
51167
68479
81572
50699
68839
35798
14080
8089
63255
82741
31393
26429
83883
99731
49042
73135
96791
56450
37906
95248
48626
51142
76766
44199
17685
18949
75904
64947
38505
40894
6223
41701
82935
62549
75226
79305
30057
32249
91681
34999
75832
57781
57470
60813
9942
85979
7952
17106
62474
53578
42386
53657
34703
10623
57711
41805
38584
64592
11018
46299
51062
69895
78408
61933
86125
22281
3032
35676
67929
6565
35316
77934
13041
34078
40178
45878
95750
55676
1888
55131
17642
29841
19900
64188
18217
50614
82196
30897
12343
55933
39032
42423
30243
65315
12942
50776
20401
89726
2292
29127
65757
44388
32065
19120
67225
8578
91824
99195
51795
1242
20881
14945
32508
30149
87827
14289
32779
12056
91538
82344
57432
67297
4725
5612
42660
91011
9705
7071
41175
32518
81572
25822
89432
29171
82298
83330
19593
38635
71477
80288
30313
86491
64758
22352
89343
61547
63349
54091
50771
31963
62093
56182
36603
79167
38873
27734
94525
14907
27294
99007
37260
75008
34414
48609
20748
31273
44969
24548
37692
55911
35406
40409
21112
50737
98596
15419
60486
1822
44372
75027
59354
4676
28362
82164
81147
65807
32439
45895
23965
31241
95976
83888
63302
53016
22133
91601
10280
51355
13700
19910
66106
66614
99733
95527
72724
48297
65063
52022
22705
68446
20402
69727
53931
21199
39496
60188
87193
32685
55574
16276
10015
48853
43972
72483
42272
86720
49087
50429
92294
38589
8714
11740
27935
1208
95960
98956
44075
46107
98064
33096
84277
36070
42671
46223
31498
56363
65762
20486
66442
1872
15554
29174
92938
16547
89441
81571
65954
34971
90106
77087
6374
19389
19643
23937
79538
66526
91985
5024
62369
10134
31017
90366
36390
6747
44747
51986
7802
81930
32733
94386
86585
36068
13588
78736
74587
35791
55693
35778
27902
64342
88955
20787
98891
59898
75386
43090
75741
363
30069
92603
14867
23454
47822
71002
46684
45517
95748
11206
30475
26594
86150
49575
71186
20355
23408
9935
70982
63237
56529
82053
2186
42692
39893
40733
6184
63570
44603
54206
83819
70721
64869
65667
9938
29438
91715
81315
44467
55706
42084
45341
65682
45277
49266
21109
46099
22645
56995
17882
62892
83945
91624
15304
59572
53125
17509
69955
66116
12029
43532
45679
56744
74166
63425
66046
91826
65039
34217
83590
30939
11868
34408
13927
18800
73931
17611
22276
56696
4344
13066
80264
79153
55079
94904
7828
88285
97472
10183
83604
34357
74713
28880
20392
85603
8744
18247
66574
30076
72514
30292
49417
86516
86598
96951
8964
27861
75927
85776
54473
48894
46889
32773
20962
36360
42149
8362
54012
58839
40224
45815
67232
83625
95834
58811
61477
577
75667
25608
14522
2180
30992
45254
71342
27764
84757
50023
76847
83067
76677
42463
90639
61885
20748
81258
94100
58467
1440
90117
43046
47480
17013
21037
7022
14515
49531
2099
27092
32389
99690
3288
94333
72033
92650
10472
44557
85043
23986
77394
87734
60261
1984
72127
5657
11417
70455
56116
8326
82442
92013
56267
33008
3821
84361
26469
40062
9967
92300
17479
36202
6160
79993
39524
54997
91054
56060
33404
52313
72966
1502
46284
93562
56298
46320
86937
36492
6691
44553
77398
58909
54371
86494
48408
21523
30583
22959
97777
519
29131
57206
44539
71624
35714
38032
80756
3708
47916
98346
14810
46684
84182
28741
64112
64841
51075
74910
99690
42837
44971
71109
26615
71046
32283
92593
74525
48566
45190
20832
28000
14679
13429
1789
22807
57607
77124
21662
73174
81272
70120
6974
18785
86623
83893
12518
91487
35176
91514
50743
77319
77852
82150
92539
59442
7661
50683
68602
24266
94611
15910
90215
59418
53730
34872
48963
74622
84213
25961
67076
83833
617
87557
88719
2387
10235
90434
77486
76900
10182
38404
14090
70550
39898
85580
61103
26185
87411
84149
10162
51299
5955
95879
42155
50104
85796
23070
13622
87880
7407
38544
95376
9160
26713
26827
30211
10854
9347
26646
10472
66582
73711
20168
69938
54978
45836
75792
26779
21120
93085
38720
48666
68898
24072
89551
5529
78670
16268
41615
30666
52592
29172
20394
71014
46198
74114
91922
89478
9485
93862
68281
29357
66863
52436
85380
97001
60438
12273
31224
16063
87830
4413
30552
46350
71128
2970
82934
30919
1712
37936
31455
46921
73547
8994
4818
16686
56172
70332
53320
66639
96840
24504
80129
56467
61147
28599
86396
62252
77908
61540
23151
65507
50910
92137
8155
43827
39193
22534
77425
71178
59470
39226
92749
55190
32589
89223
49651
57216
72836
2779
12624
96923
33516
77818
94062
679
71312
99442
95687
91512
33300
29709
11809
13802
99863
81822
84937
81531
37792
32633
61786
53151
87819
79809
61667
99501
90227
61333
50677
95308
26800
6098
31836
50840
16959
67308
83457
85971
31521
30353
38558
22353
83657
75943
16309
56566
85406
68722
3936
21818
93922
49448
6324
48888
33432
21618
46073
62066
69385
96766
41981
34905
75693
29454
64516
64250
59881
21270
6328
14633
43612
92683
75014
62680
47241
66102
40183
18473
68367
47377
11193
15398
40053
60828
19703
205
32802
87568
2523
87280
20497
29875
81087
46056
36082
96906
65042
88530
71721
93022
26846
80663
55955
69140
1328
86910
70811
88427
48552
83627
56968
49945
11355
9376
9977
48107
81647
74640
78471
14993
7562
8224
59731
87227
68023
28251
4919
29683
75558
5515
37123
91799
52539
96420
89741
97090
18474
70488
18975
57181
52072
61922
48167
17366
44047
86236
36277
83851
16626
76905
44652
50933
73479
18064
91281
40465
65762
25343
82746
39532
442
20481
80876
56159
94840
1095
69033
69024
92666
22775
17034
79184
33381
676
13682
85034
24207
19994
18734
17219
83322
34917
8759
38236
55540
29502
97163
26955
51284
14954
85457
81367
19424
33906
90878
66926
87257
82561
66391
59489
51646
50605
42320
27613
94029
3094
71661
37469
30119
85707
9363
29439
42130
77417
14181
99277
37640
60974
82919
48325
77734
55820
39263
56375
49837
64932
80571
10992
22247
49918
88450
5084
88659
79967
47343
17438
10435
72818
9215
49903
21869
71445
11492
49137
39288
10893
35574
48127
96646
98753
24086
90095
25824
94053
18240
67243
38423
51068
3353
94455
9946
82176
98711
10343
59352
2748
95335
21663
45371
54018
79250
81809
62472
21162
4832
56487
48903
38557
51929
21616
76345
56954
19049
75640
7725
33771
7679
69699
33725
68446
6885
23095
46406
10377
74624
68373
25129
78307
18252
34021
91711
40216
32471
69270
49247
8248
46521
7291
56321
56633
13917
60442
10329
37279
87598
73873
78869
51638
24908
8303
96463
63137
68212
39722
58632
87677
59002
39939
69699
27262
71161
74831
12735
26422
79590
61377
89510
94670
82916
89323
83377
30659
6788
9959
14219
40571
22115
11453
86965
92839
12300
38062
60660
53652
47786
52101
81009
9553
16822
33138
17383
70597
1815
1007
70002
58100
7536
19685
80344
64425
19011
56635
57406
35782
80699
29601
63454
96659
10783
20249
58684
94643
11912
86259
58333
94705
61080
81624
89706
23619
40937
92741
39513
18307
67165
95247
88008
11990
67621
98667
52491
38856
70258
18285
77762
87978
29192
88484
52587
59236
24227
59183
76700
69612
56520
20900
82237
22445
27018
21757
78414
29307
29345
48883
11574
25631
99056
28709
78019
25397
30014
91961
71947
60598
69446
90620
79426
15022
62594
4899
80674
58350
44764
11457
28875
92828
94485
57382
85054
33212
57360
46997
32098
84878
72026
40258
88593
16749
18320
98416
98085
85329
20018
22010
96758
67190
79990
8014
94346
40887
38545
23462
93924
126
67926
6585
24099
82882
61900
79129
25621
50744
99792
77522
21882
61434
91
69104
83604
43686
28751
2593
76317
19341
53222
25006
87360
93295
67298
79304
41354
30971
53325
51918
28152
63478
44733
57067
3836
33319
98710
75705
3833
29304
67672
33163
26312
96035
67479
69206
5080
65879
82679
44178
43094
59758
89074
40453
44133
67133
97476
18921
51267
76070
70601
60044
98000
16116
88995
14146
74067
7933
76522
2593
30775
60116
16495
55798
25794
81365
87365
64642
90292
34096
86021
98099
91534
27032
29508
50627
43877
78963
6448
77084
21037
695
16764
17721
83410
52083
99861
73039
5379
64610
53353
70567
5890
56065
81015
94877
31351
79274
6483
66478
61794
61303
42695
89599
96044
48556
6093
95611
24717
18105
63953
23918
49151
44302
76754
55052
37889
9440
39054
91643
43804
55826
48020
20871
72664
96254
7381
69694
63564
69352
56995
3089
46355
12061
78996
8461
42959
96603
61532
57621
40304
52320
22600
97748
26273
56916
31615
55409
63958
6354
5822
82543
32830
67400
68600
76906
17544
3567
91663
28578
16099
73179
34593
56279
34242
10032
79156
60800
39865
44992
60117
28983
16877
4216
76133
56447
32960
28031
20757
20007
69186
33820
6762
55974
72300
57393
4057
50763
67879
5525
33760
54904
55124
84535
26073
90298
48875
59716
31386
89089
18530
71236
23947
19350
47607
71922
1312
27901
18130
16778
31705
76199
16214
21902
62597
48412
26523
89564
84821
4685
26814
25024
35104
39240
11625
92575
4046
71648
92330
48194
29271
37349
37728
23474
54995
57130
80854
18813
1835
25291
87285
93003
95358
747
81105
44089
46027
40206
43189
69234
21335
37547
44360
54829
53641
12396
98233
96682
19261
42854
89121
78500
26093
8409
76522
85456
74016
95000
57668
61677
37876
37054
78244
67418
60794
52962
44197
18438
65494
10687
61948
78640
93492
4463
79498
83618
22834
45948
95167
78555
48802
8251
11353
69127
88668
61837
13676
34643
4175
70570
97647
56247
53428
51073
55864
64978
41118
27358
87095
36110
18397
49656
32625
62359
64021
39706
7179
2811
85574
16755
4679
48826
39759
83569
87875
29938
17019
7640
57493
9439
53743
86727
10642
5438
88266
81272
3751
38610
92401
35206
50779
45432
31110
6936
42190
74286
57721
23695
10726
77010
83330
11995
12344
50376
9086
61579
91867
92677
25072
84542
5830
83693
15110
32545
60761
77990
789
13472
7193
10971
58216
23075
39089
39262
31298
78411
52733
58420
31298
69754
40508
85683
26843
1632
45687
42142
41529
88325
74411
25576
54881
12918
17138
93944
43035
88745
99404
26175
94992
79406
98324
69935
35975
82446
51880
54297
86246
11306
15267
30257
58530
54383
95850
75448
55203
11718
27883
1211
97516
12325
15925
34560
73926
13774
72503
91151
29488
27858
7107
75173
50642
80367
64014
77923
28571
68175
66042
99115
91700
60725
44058
61207
79930
83660
79144
65946
48199
94218
89713
99204
50681
85767
71522
1966
25858
39941
68467
20482
23180
50195
66801
46239
95909
35416
36069
78035
4032
34350
66155
4579
99058
87997
64999
15433
39089
75020
96834
57273
45841
7783
4325
92809
41915
19790
46780
90914
93168
26397
37423
20683
21083
87607
94564
55264
90215
48001
67416
5407
14864
89759
90537
99359
62711
39538
26404
87799
67733
29281
67333
14527
5297
84860
59144
37932
88685
35980
13871
55013
95363
95796
71355
53225
15150
99143
53690
89000
12034
94512
55945
83293
99927
74423
32558
64853
77786
65740
6665
2909
15354
27730
63705
1792
69941
88978
13303
33974
64738
44955
78504
85933
4505
78854
62619
38916
48614
15965
85133
62714
8656
63999
80344
70869
40617
1863
18629
3339
36898
61472
29760
69520
30250
27258
93958
77853
63160
53828
66344
70830
48192
23206
91788
74670
24683
39139
77023
13960
10067
80277
64393
83847
30231
24456
84145
6922
48853
22361
15437
29226
56533
92004
35743
55399
49431
5613
83756
61994
10349
88967
45382
98368
53323
91863
30105
92995
59579
69957
43683
96238
31253
51803
88024
98083
11906
94410
11895
75457
28052
58077
6931
77027
10531
80410
48189
79743
57564
5497
90868
8416
5109
87858
71498
18381
94663
62282
99450
27825
56946
56495
2214
46690
20206
50762
46780
41833
24623
18097
49360
81886
48363
15302
55401
67055
8245
3359
43523
81150
4087
81621
21160
19050
59382
4778
87328
18717
56205
49217
8058
18508
42954
73063
68677
74573
15791
72042
90898
59714
23791
40168
85317
83668
88842
19062
10128
5192
48078
45401
73689
97747
19278
30207
66019
23656
21293
48832
37210
45580
69407
10675
14767
64081
86315
74172
43876
94445
50490
28447
37356
18024
33016
37081
38334
47199
8739
53872
32228
29924
93367
82762
43750
14839
75176
78315
41540
47847
55597
30462
29748
3940
89693
52047
40011
82448
73277
59767
11698
95670
23590
91261
97421
40431
99564
38676
77061
32673
98063
33271
56707
36441
90274
79013
20861
90584
70932
5635
85256
37130
24501
73202
16540
18838
90715
81767
72752
88477
36602
72361
94160
8500
62456
77705
69330
59948
50070
68443
2771
45951
27956
29078
36427
65363
63693
78188
35739
35176
70367
56799
80154
35538
1551
626
49672
15751
7867
98738
93325
52349
99231
74833
92257
24954
3191
41253
23841
38510
87973
81373
22170
32428
39060
90051
54375
5210
92666
39529
49005
65092
66923
73565
29318
61724
62525
14165
19819
39243
22889
53149
10737
80235
65743
61686
23241
69415
61098
20518
36987
81635
69447
91415
51232
96064
52522
80217
44604
91255
35630
66335
56568
19444
49179
46058
90690
39002
86282
5585
75091
80738
27628
63757
2020
55110
48267
76682
66218
55129
50495
62889
4488
53648
97705
60736
12466
66331
73067
50887
37976
77631
3102
83281
92335
79786
48930
29081
4044
5290
76102
9904
14610
25613
67015
76916
73856
15079
93037
8711
93831
77641
42458
40813
34901
35107
15955
65100
95710
23269
48809
38186
63903
41734
8555
4754
98476
53677
79852
43460
99831
62939
49356
8499
73775
9057
91677
16457
3390
75687
97758
73015
23561
19419
23689
24028
59240
4348
47292
5892
89866
79026
24499
7572
5922
92676
52067
68932
66241
62350
13832
83556
52093
7466
68206
56006
92320
48575
6154
47634
26986
11487
38885
3406
84978
95618
46603
56915
54653
59210
69360
44780
62371
1255
15335
83428
67130
10056
51970
84548
51104
52995
13429
49083
44764
74043
56467
64857
50548
48504
92749
36014
50336
38502
794
72606
9915
72832
32532
24004
6276
75931
47968
63334
81047
43575
38603
94540
61049
17519
31486
56947
16785
27706
9640
80125
98048
5736
70642
66615
33626
77571
60223
5921
41622
95195
19008
13885
66842
79320
10862
13944
47219
52331
5446
77524
1145
9723
26711
36282
94976
36132
31282
22460
14969
37457
90008
51574
91824
80451
25598
79060
87247
91481
37477
42475
45601
63422
95431
61622
67473
79872
34257
57447
38215
43644
9899
55837
52308
8792
12504
5885
32633
61098
68670
22074
82145
12580
26731
71285
4195
87745
36792
85911
41259
89441
41374
70905
86029
65521
2735
9461
70749
40915
73327
57629
46529
25345
85768
57564
41437
51358
95359
76484
77201
83581
1607
53588
17734
8898
98129
2612
26284
42809
57745
56013
45763
37121
95063
74994
94251
12471
80589
19515
19544
22736
38894
30763
22049
85238
59647
53422
74660
98755
82326
56984
19659
39126
30839
23184
67708
14064
8954
64219
23141
70104
5447
28674
12365
56927
21221
40048
33763
74777
80918
89122
95889
53821
40626
30681
20571
40185
40196
41347
48276
25778
9121
78563
47155
47445
24207
19659
56211
88306
64418
39658
28308
98876
22989
67675
98261
12515
20286
62823
118
21950
52346
12260
90763
31973
97247
59460
61872
38889
22295
32367
48439
70652
98432
95986
97169
80602
13361
34461
17215
88932
20868
86533
64979
77996
77442
11747
47765
46413
66351
40817
69120
75147
94039
52977
95451
71443
86647
69878
53832
72190
88318
98690
59452
53715
71060
9671
94692
56626
40968
88959
13807
46114
82273
25871
8832
37923
24639
72874
86550
36863
60045
9329
46790
82242
71387
84839
42998
76568
70190
44552
76629
2132
36353
32714
56228
88708
42727
39065
16609
97471
28983
89504
92645
46485
70853
94806
56682
64420
72823
83964
57727
55504
77721
65020
64698
38453
36413
60306
82679
71637
18471
52478
73694
36309
29081
25134
58056
36352
88847
93482
28503
19466
71256
74571
2315
3155
41625
66200
38118
64204
27517
37106
28614
41609
65432
12917
57088
99472
59722
37406
12857
25627
94791
34065
81557
45111
29925
95162
69879
12804
32752
7987
97931
52302
5416
40029
18302
11574
78999
72131
13469
26403
1370
13167
72613
69840
82331
11047
9828
93930
97722
59446
25548
58155
41352
17982
30095
40603
10725
81944
53961
80108
67500
23401
49376
33447
45907
84886
53120
87684
38830
43129
32289
15800
99267
42468
11629
49198
52365
34485
65118
49296
44214
97622
46916
77953
11309
92189
9053
26611
1548
68254
44182
24841
80752
89851
93500
82032
77898
31125
48461
61923
94049
55634
88814
43555
8913
60898
83995
17821
53588
88713
94866
53708
2577
96487
57086
88414
33520
38918
46331
21453
39880
4909
42007
46925
41880
86817
63956
24762
44176
35739
60537
66645
77573
76365
87948
44268
38036
19498
53210
88846
57291
75398
24458
40696
56739
35088
35774
38905
7448
48599
83750
18554
47745
48316
4248
56364
4282
21055
24004
25423
17697
5101
21288
25960
84715
83958
25748
92790
19363
35215
95599
65645
22799
59651
57585
36314
80497
55840
77585
76768
32981
95811
69028
45503
31517
59860
40222
47261
71196
93823
37857
80771
81174
66144
67112
8734
13990
69000
87733
55827
56383
15906
75366
7540
18990
22417
85301
7756
63041
67668
16590
3247
49908
68736
50584
91950
14269
30959
61895
27628
4129
39042
70137
42680
51344
63189
50107
75885
92154
42353
34692
82554
15589
94786
19739
92602
65987
93376
91493
34770
23360
20057
74301
60580
75328
36299
25882
15057
18007
81869
39779
14189
68164
4960
24486
75772
51842
65930
52580
51436
43665
43264
94994
57892
86230
83716
84056
71688
43401
75155
77095
43269
6165
14779
6229
61309
56177
83679
42469
35240
92849
16013
6626
74258
17963
47930
27981
53833
74761
21198
14215
37774
73532
54064
68380
20915
2900
98217
8109
49092
7695
722
20532
33596
82539
3479
3097
86993
65463
1511
25904
94494
62594
94716
93232
28277
70961
67367
49505
65502
2050
98767
10867
61170
93582
44399
2875
47472
47995
82300
80451
7646
43844
25467
92306
89381
92647
69353
39531
57814
42905
97765
58427
23427
89547
44867
40579
90350
36974
46358
57206
64876
92559
70213
46534
37609
85818
1289
95381
97071
5691
36436
83469
34687
1984
84023
71181
71994
8495
72986
47017
50407
50765
76130
11313
3269
79231
10901
45208
69647
53484
97197
19500
4564
96742
6036
75493
80606
28311
30871
25563
54365
2403
87069
7179
3132
14669
10706
66490
33068
48257
2173
46223
40653
89553
68189
36264
78829
230
68065
89127
66713
79728
2570
10114
530
43963
78918
71236
68087
51427
53105
99490
53454
90207
3738
4855
73262
55269
64812
48471
8774
74592
97860
482
26896
54092
3782
23144
71569
39677
92264
88312
5592
47673
56565
39174
71950
23625
55529
63271
60707
81810
76559
58166
20346
93595
85121
57852
9139
11764
40709
99719
9254
93017
97793
69121
1715
28146
8240
40348
80429
91113
80380
50402
51030
18308
92063
6791
54303
19689
14753
58529
47040
28344
199
64354
10688
90806
1515
47424
43048
40737
71934
6550
3271
35831
78051
28515
73665
68683
30833
21957
39802
49621
76371
90844
8849
38129
38849
54363
18261
83517
99517
22332
40937
13853
28058
95881
64112
85799
50059
56209
51310
44737
44895
20895
72007
50457
49143
18096
73938
6702
71213
15401
67889
16809
73934
96746
89153
92472
9511
89552
21259
8312
2201
40004
25502
42716
56530
13473
7434
58363
33325
94555
42495
82211
30397
98655
54805
66876
97582
67629
94641
77340
49555
62772
60202
95842
53127
6337
78971
95125
12737
98340
68964
33516
75126
29401
20540
45845
18840
32067
85821
60643
61590
59676
76856
79192
3632
58670
22583
37707
57823
11660
23225
38075
50136
18388
35077
15861
43140
35473
2109
5675
59798
70381
8358
10741
63022
86754
18818
76667
21035
6421
84363
59850
31147
94005
61982
26899
82864
46071
81947
29983
8533
89044
47737
46926
68008
30422
45645
68119
20210
60243
5316
80992
93833
72165
84551
81024
69457
21114
50695
17759
21177
31717
13893
22657
94334
41245
78531
81131
56093
32101
58506
82080
6688
10179
77559
89852
66515
61263
73307
55661
22509
19423
11148
73235
44081
42532
3988
35462
63168
28223
74093
37054
5013
64008
42750
85350
81952
63310
7438
55362
82217
18318
54708
34964
23742
91217
55181
50530
55079
6715
71547
3272
41504
58354
5167
75664
38639
91898
33159
39716
57029
27296
39264
57803
50625
71137
10266
85702
18302
1580
28213
43776
16775
75956
68011
49975
15735
63471
42921
10021
96876
58170
5364
11382
84957
33658
46624
65365
81744
65657
38428
28611
94698
91516
74914
70094
40471
33066
57397
96933
16256
26372
72007
70935
40743
5956
79742
94148
42168
10038
75641
61653
36051
33529
41786
75035
87217
73426
59138
46792
57396
11798
83358
11337
45887
27838
92162
21859
26750
70006
81795
52411
94197
12849
93107
11944
8579
86928
86442
52696
18043
86685
81689
16014
45682
90571
25465
37964
82188
72148
12031
98706
82439
63318
47031
3517
78145
81275
63124
36883
54809
52206
82323
89422
81776
58456
1938
73613
39125
96282
75490
33742
45784
63557
13215
97930
1875
40681
86475
52367
62555
83993
44760
79769
97656
85221
27221
75157
23819
15266
94711
39724
14126
81184
17427
83824
39020
64607
69623
77433
9524
29239
39730
38371
11643
77307
53260
43658
22914
87367
39067
4043
30253
48830
5384
88224
36814
18807
90719
86905
37112
18118
69758
93321
91253
74296
4424
27737
42235
74166
15359
25140
49572
41168
64050
86106
81391
51927
85955
86532
45387
61157
36933
53631
19865
14048
47441
46830
81429
75779
9813
94790
87900
52333
33238
5852
25192
95292
92643
54382
72564
35930
92235
79379
67349
57412
98473
48800
1531
11280
21551
87144
66866
47511
97407
75571
66645
35530
77383
18408
70252
87632
88659
1804
94461
35932
6946
37722
58447
96060
15153
68150
41070
765
90250
22340
87737
42804
85728
12252
56238
74471
39547
18301
28215
28562
27237
178
1012
53652
99247
27501
46484
31806
69887
40004
87958
51659
17658
63236
47414
86969
53295
1561
1075
51431
46093
36673
90640
19319
66558
31051
43392
58096
91199
55818
72301
64831
54000
42670
16048
27149
65159
12956
94342
5460
27265
18307
61069
35618
74048
85403
55830
75676
58391
31115
72618
70531
41979
48904
34748
84555
78277
54250
74153
89589
89333
48726
25938
42943
53190
54812
79751
35368
97380
34711
37326
91187
63875
90019
8470
71929
45203
57479
74816
411
80080
81685
82752
14221
32499
97052
3838
63538
66174
43641
42098
87037
6863
5832
29588
80856
5937
88287
81915
24287
65957
76338
96165
42284
64340
11762
56379
49479
43609
56942
13195
7929
84877
71183
26165
88320
42551
80425
66563
10444
80283
87166
86566
27429
13469
92540
12216
46684
35616
66734
19489
9101
89662
72721
70839
88482
64213
29880
31579
96326
80261
80627
32680
35983
27718
15090
82435
16828
27960
33307
71160
75843
31978
18673
35117
21926
12028
5418
36627
85569
40586
18140
27629
80699
22878
54148
98074
50390
38109
47847
24603
2071
25636
37621
43607
93157
27635
68815
23410
11685
27240
60116
58067
51479
70827
33482
13965
77424
27323
76455
15964
50380
45164
29551
27570
25028
68300
64986
13178
22835
96657
62407
20999
51241
50426
59842
67817
97860
86847
6660
95212
56722
99070
82999
36015
6882
27937
56850
68160
95066
12365
55766
45735
62630
38784
25370
44742
25720
1007
61628
18455
35889
82471
82780
92495
56031
53310
46568
5935
14984
36891
16569
85038
24929
26667
28538
11102
15225
14624
29995
66958
26552
33276
45780
11240
25653
76267
89424
56366
38943
65784
49023
92123
30021
75253
49622
869
62705
3790
2791
80806
84900
93051
25951
28204
95069
15244
18614
7631
21914
6525
1730
99054
42541
37567
89786
79018
93337
78591
56001
33423
75857
93598
84168
21317
6453
52116
37295
18153
20299
50046
18968
4462
51436
60737
60249
25822
17613
9053
21133
9289
22584
71558
57762
95260
28743
45716
81636
76923
93239
43832
88285
85627
28918
79032
28978
4824
61738
45078
12288
56318
36702
6702
86123
92044
4907
9519
29943
90442
26192
95808
9583
90493
71784
96696
59339
42166
81652
10372
5106
18050
75849
22097
42977
31241
11379
29175
21972
27957
88936
27628
89157
92269
4688
97651
69506
5075
50848
31652
53070
40525
7772
70834
70273
11417
20749
69210
81792
93830
52032
49780
27293
96066
9437
24089
90671
12601
63927
57788
12035
86064
65296
56442
32667
84200
652
7963
52442
50991
89203
84337
47428
95889
54594
19935
76199
23654
55187
72318
94570
10687
12929
39303
82612
68896
87648
76547
8877
62308
67860
98431
64208
28403
32414
57937
87650
55110
69431
36285
760
52029
9266
76452
60216
91663
89832
16161
70754
80352
2145
37199
15208
91621
56416
93910
41960
81715
17307
70055
92293
72504
78655
69495
93787
63288
94826
90087
38664
94768
5364
63295
30133
59288
7401
9240
20880
84842
14515
80172
681
78590
94094
41589
72449
83006
32049
36412
51140
32882
56712
23217
1646
69323
61716
54121
59634
40902
23533
35742
54874
57195
18355
51819
48989
95462
2436
3488
68853
70065
6431
52581
66549
65956
95472
86172
92364
88954
60406
23795
10317
97812
73765
58112
93109
25615
22852
7774
68823
78933
98673
95760
56414
50888
97684
45477
77466
44355
6045
77308
16719
1051
14252
30804
31518
45735
90661
73427
87628
8293
73657
85632
87793
15752
91005
4956
92988
88497
89091
69326
37443
12615
75386
88708
92940
85903
52018
84461
61792
74011
15934
86636
6818
28563
74232
54259
12418
81074
24387
21992
11091
25466
24146
88772
15251
29936
49525
60467
16330
90220
19491
31486
35609
95616
32419
4964
78277
31708
28853
70670
38187
94192
67257
42286
38288
9778
93208
82252
19990
27193
75258
38007
35102
92155
46662
94911
41579
34774
74775
60094
93125
44161
41267
80315
34560
5059
92392
26242
36854
85744
1765
45676
91430
77770
88726
74263
52537
19278
36420
30615
14342
8071
89353
72780
57434
84603
50554
10663
24641
92045
29242
8428
23675
65882
53961
82727
63284
64890
96336
37639
35293
30338
99192
31246
12418
34642
83107
16608
3945
51345
39885
30275
30793
34769
5303
51093
65891
12966
25041
12191
7085
51028
2478
47071
88333
8369
75543
3917
57325
92726
91930
38011
83211
49872
95772
64133
82268
63975
62385
94443
78179
24441
62
53155
94041
88072
77971
1021
67461
71453
98437
26250
84454
37867
72671
86973
18473
31497
50956
61893
41714
31597
7802
98142
24905
72892
38183
92081
22779
87525
17466
68262
25647
36543
15715
13196
91593
33024
46292
63150
85763
71679
58992
76546
82995
59693
61415
90647
39372
53280
91549
11352
35151
25952
55632
40650
54786
86584
11956
65579
92726
62313
8727
80249
21831
73074
64579
13118
65875
22251
54016
2439
36276
82403
66506
73214
81682
64073
70388
21594
21847
45689
74218
7381
17309
25743
75348
67853
43745
41668
44673
14017
78664
69725
8631
48610
35711
11016
48918
76302
41353
78954
85744
8072
60063
97242
5467
39129
34494
15451
49763
36604
21351
13765
6404
80434
28052
21534
99259
57532
61219
45576
65113
61792
93393
95464
39023
4091
90354
82901
73340
14970
11675
75659
57041
64797
71616
26768
38204
95329
94613
86136
12890
93918
13413
57451
71609
40522
86310
71816
18862
78011
82861
50268
50335
84338
68020
38331
94416
22403
43793
42702
98121
80080
85559
78574
7677
94439
91571
13503
41046
20704
49734
550
2437
63341
70837
13503
70932
38680
35976
10329
93649
79054
72478
42677
15826
74665
37189
18574
18676
90778
10158
68267
60881
33330
28695
50614
48228
58225
51849
94107
91418
16208
51296
92245
87958
27651
82491
53830
68003
22479
54791
4553
93921
59425
83736
40592
9401
76269
17442
19322
2067
70415
87635
90496
95970
85444
82758
48473
63006
36830
45142
59582
2636
83658
67529
4042
66531
13108
3790
6240
885
80092
57755
97617
31469
60757
41244
80177
75196
68591
32642
12137
95072
10428
93495
6159
28968
53582
93869
46880
4690
93689
81903
83122
76481
93322
74769
82240
64465
8455
18576
9554
88565
706
12443
57181
10390
33290
46202
64569
51152
55184
79285
24681
79092
74093
81770
53071
28263
80919
65547
50106
11130
30660
72566
50758
21775
92450
63589
30729
7511
69883
62038
70992
11269
76801
70464
12277
33643
18674
32508
18221
97253
65320
22114
50864
26428
25192
42394
44582
60494
71163
36559
60925
6341
10846
30344
81323
39862
56245
32071
52119
6564
18832
21124
16476
97790
67609
82722
52624
86465
12448
29260
14038
21979
90160
83323
4312
47042
12007
97567
44959
31236
29060
81475
34876
13724
26778
49027
16018
97658
60216
52477
58231
33146
21303
48462
68137
73394
84162
2571
94247
53201
18398
46880
22011
6297
69719
93633
19643
16527
98749
48019
56430
11164
47467
38820
33032
33476
79733
99553
74962
43240
5213
46554
76149
12228
74358
58617
5433
13053
72307
6238
9916
86697
97771
97136
68794
45570
83896
50165
65179
77147
23790
61148
74105
15446
15471
18771
86015
63841
743
29281
58488
55028
53274
94507
11316
55182
85439
72201
80876
13272
12738
79419
23098
72941
97567
96355
29896
6224
54964
76690
48247
12518
32006
54017
27797
11257
15432
74751
98653
79398
44585
87765
37853
28914
61739
2452
76580
40983
29779
87037
32590
26818
18288
75069
44160
75618
86827
93555
68946
95317
67028
14370
93935
11448
29178
11954
16029
40157
2354
13901
76760
20337
33732
44350
36246
28390
25213
68229
56984
46648
74786
53035
47375
49409
3084
6895
68098
6633
45759
27178
43706
70024
43398
58917
5994
34841
92457
79929
59704
56796
57862
68647
24830
88799
44732
57232
72863
97863
52059
17028
71884
38793
38569
7354
9414
27669
37629
15377
24186
23774
24877
78123
79771
21862
88195
4943
97022
68430
68744
68627
84386
8653
76932
93323
10425
3826
23218
36948
60944
34708
82462
84919
59493
46563
98627
70122
75103
66838
30759
59927
97117
7638
68407
57250
11205
80501
85424
78247
68656
96852
53447
61906
23254
67221
58865
8061
93746
15996
91876
75317
80381
85464
60287
82198
89729
25938
84729
98785
74583
12498
89172
13419
575
93633
25132
88020
68054
87614
65459
79357
90157
66964
70266
11292
21781
40683
89353
8025
20920
5237
53483
29194
21718
12709
53354
20873
9163
31211
1313
99961
82001
70937
93048
71726
86067
47969
5361
75935
12059
30340
34459
12864
23972
96445
38318
25591
94282
10002
80795
28998
71084
48440
74575
94446
45095
11703
25373
44492
37168
50717
5597
53718
42574
76472
20143
61537
4571
25457
4153
34566
22469
77193
35313
24938
2043
11168
52388
12344
27952
64163
83812
66804
7427
3116
85211
77430
1526
21181
89840
5919
68114
35030
86634
65286
84115
14130
39069
71174
40238
5139
61370
61015
15093
84761
50628
96
95169
99766
74452
266
81874
43039
54343
66221
17398
69011
38870
48964
29357
28331
10400
62549
19758
47744
3360
30566
59099
31367
31549
71164
91454
66294
72055
16001
80530
85864
27508
1793
76179
40684
41132
65699
91514
41060
66364
3012
9846
6939
3874
39939
97545
26247
55460
71259
74346
38902
74165
59019
70275
26467
41438
73811
31569
46508
23126
36577
14141
90709
92947
76164
97274
35951
55886
3899
18605
35694
28428
90797
95755
93935
92289
85758
23821
7431
40634
88641
4014
40678
4811
85287
82680
191
69806
73475
9338
50285
52639
20293
24589
65502
3750
39610
13855
99607
32075
98188
3697
81904
14436
21547
48919
7784
62852
71014
25627
52304
66630
75099
36893
53215
88074
95468
77503
85776
96906
73417
84303
23635
26064
76504
59068
40747
50507
16189
10155
69414
44490
62085
67484
25805
61427
54528
4745
66370
49959
6001
5862
13756
57291
13953
63697
84135
76121
67814
56269
28566
56385
51337
39201
64630
24763
25724
6729
80202
71024
9720
76665
8729
9151
57081
78522
14979
56446
4443
20493
55337
83774
63904
92162
1018
74988
37242
48803
78168
63907
26994
4019
99717
32644
39287
77152
82965
2828
19323
10507
12806
32433
47051
14556
72353
73127
12314
59240
68928
57953
44369
3351
39848
19766
29942
17459
33254
68390
82296
67184
42869
19997
44393
5995
169
40372
8169
96907
29851
4000
35664
31813
46035
26550
5240
53515
76360
43487
11247
94348
6520
11970
80895
25587
69160
52667
61177
87683
28799
23119
76747
64535
23301
80948
5596
10604
89318
8583
94012
42560
83503
91259
96987
27907
88184
91495
56631
83153
20683
25156
1557
61124
11110
63971
15747
47498
95270
95477
29847
28662
69496
48964
85207
57915
21978
15985
65275
86810
54578
60070
12364
10690
56984
2242
93773
8850
8444
13268
58232
10806
24330
38830
4183
82595
90928
51248
76189
7761
66029
15135
68820
86126
36150
39761
70164
53842
87177
28568
32271
40282
18184
57107
79615
70245
26741
10962
93681
14322
4051
16830
13526
50071
41420
54917
82703
47536
66803
55857
49418
74598
20101
75670
75737
17295
7978
5716
32822
56956
53913
3816
91393
27977
52366
32110
82805
5292
37283
19217
18527
15970
58982
75831
94098
73296
88264
74078
68693
22137
60925
89809
86511
34679
49304
45773
8060
84932
86303
8405
31888
1117
45937
91061
53263
20720
97578
38944
64986
32555
81721
10173
56681
49829
375
32569
32989
67386
77470
53184
95829
52950
93933
61241
10699
91496
84732
82319
86962
21741
37558
75343
86790
79481
72361
78292
41481
18312
34936
44091
7554
57501
96264
66292
92160
63964
50148
93433
81566
26660
82588
48486
90526
10977
81549
71028
81683
43642
61743
77204
74912
3994
87467
98296
96562
11302
58079
61067
67032
73260
30332
26954
51201
46939
59592
6679
36773
2355
96678
40861
53083
89109
94900
18540
70780
85080
74288
54849
47759
45291
16387
17274
13440
87833
8786
24325
23952
42838
47320
49052
71507
89108
25581
14344
13484
39160
82369
82336
97567
88395
92968
1321
32241
408
32883
14054
48953
9794
3673
73275
87636
72456
72160
45860
73326
13882
6479
5559
40023
90918
82435
47774
32700
39800
419
6517
25601
61431
51879
19771
17360
58269
45322
95228
58394
27886
94409
16992
25237
56034
79423
19650
89078
68931
71169
64014
82072
26554
77019
97121
76521
80262
78009
49221
80126
20701
85459
48729
52213
72805
66341
67576
85915
57352
93081
41114
83349
7142
5191
53596
48799
68713
8403
4962
14880
21711
39340
61305
78238
46103
15165
44193
42215
19786
24636
35481
12840
5018
24844
84566
43008
59547
24860
33813
68230
38628
33860
29318
69425
88255
57921
96187
97430
37039
69139
8858
53469
51697
84282
8020
25712
15610
19369
95534
39444
5944
24684
16237
23518
19143
50072
27012
88676
10999
43521
95776
10720
4373
55270
6805
31488
69549
65911
60374
40421
55531
71383
13061
66265
89203
36941
32592
63991
46281
72909
91348
76707
52899
25926
49189
10657
86506
89071
95167
61344
66777
98600
75796
20706
82171
32365
53125
24642
37528
98439
19549
60735
76905
59819
67297
86944
64458
24526
73693
56718
55647
87530
99162
9770
19711
90347
21690
24809
90800
66195
68990
53470
92190
63765
47145
96720
73773
24325
59786
54462
93464
29529
99842
25472
88105
39702
14230
7076
25675
58552
16222
98704
91032
62938
4042
2536
56068
77862
3265
51520
29884
7411
75810
44666
59816
58643
18286
3698
50336
27607
86711
70381
18945
99014
60692
69714
23159
96392
23389
66179
5427
38450
67309
29512
90498
72571
17429
25578
81331
28755
97157
40030
82853
69214
61096
91545
41632
73175
59720
13803
53849
78299
54277
57583
72533
40350
90527
22416
31838
81452
25234
61357
39658
20660
60367
8701
5110
28215
2234
37071
40293
10073
19679
1415
14915
10322
22354
60640
73995
74699
63591
94829
78234
41217
38886
21704
65616
11210
76161
14944
15507
6573
77673
52246
76307
32614
62720
89513
15771
36381
24408
73208
24745
23014
92777
90629
81807
56075
57862
36045
27689
72944
95130
31504
60611
52637
83176
18080
11998
66737
31027
49678
48285
6472
43547
22738
82605
27156
22318
62028
62082
38513
12110
35537
51971
88366
81910
68904
22370
18110
7016
7611
93185
71137
19956
63985
17765
43930
18271
17780
41598
43307
17171
93600
29900
94936
73383
50188
6387
95261
33453
52134
60843
80148
43834
87399
61319
58167
51074
35822
64463
12622
7583
36240
61043
2038
70246
72312
9489
57670
25121
10761
99775
3399
56886
72954
32723
90587
61777
98648
44704
46484
87880
61916
49134
96160
49949
29258
14589
11497
25622
59982
60083
79020
43482
32074
99241
10122
81362
27939
36934
57011
17807
43110
18892
9514
45254
65866
6796
74545
35562
93797
82816
44040
80081
52762
10086
9426
49664
28618
36906
5351
18753
88530
67899
37002
80501
47932
58519
20880
64606
83611
82047
11592
6523
22218
98831
44523
43462
7278
2149
83377
38321
87712
29928
92015
34407
60279
77621
86587
26188
58447
84271
34748
19734
14718
43684
80920
37846
53233
63708
71716
72287
204
15236
92791
71896
41693
58451
75023
92447
96239
56622
30039
56688
18287
31792
95804
55386
44324
75621
37288
52809
15600
61624
72170
91708
35128
35130
82589
58408
81078
92056
51045
93297
38884
76334
76068
85531
17892
24050
67717
22883
79093
99831
67813
88291
17155
64985
92799
56285
24979
3359
75990
80763
79081
35862
99367
84895
75040
445
33961
6179
5987
27887
54768
14858
97755
64294
12311
58094
57351
11785
29101
73166
41125
76537
29720
50005
13725
87665
65817
61513
56473
36754
58626
30183
99260
57846
26389
53058
85987
53547
76825
92051
16357
95159
37631
48282
50479
32554
99418
88103
46641
92348
98361
27444
18310
50758
69074
59238
86468
34678
67419
27074
77349
71165
57451
27291
18511
85670
8573
19173
62131
18627
58247
21462
48974
40700
45231
44842
7680
29523
75696
84504
12080
37706
41251
81841
11356
20498
69025
5483
2080
46313
20756
49210
53535
80950
93604
20251
65807
55145
69400
23713
39023
86720
96338
61584
62135
62865
7850
12598
22514
26903
76587
47876
37187
43621
75085
58972
40523
40395
36993
50160
86009
60447
49726
73435
24057
28474
89398
65921
35129
68029
99101
54062
34156
76459
39948
19780
91799
6851
98655
74233
85391
8697
6796
88217
32531
30931
64325
56578
18195
98533
45334
45387
43884
95461
21930
71458
48550
77894
7702
95230
59537
92379
81758
52096
65839
17060
61924
67608
89518
87083
10019
65698
38051
43944
10123
62232
1556
74318
52300
91868
76878
45285
65726
71640
34105
86058
47547
53526
48520
19096
68644
8939
37493
55594
19346
42226
39148
65582
11019
72539
94191
3824
3499
90222
85283
78691
94413
23809
54220
31366
89318
11263
27164
93564
45217
85741
61470
48403
82432
54842
44757
72902
80453
32063
14721
91722
22165
34053
83454
48007
96286
66081
4164
90503
80860
26206
28184
43523
60585
16471
75574
74517
56906
17428
37673
53990
54267
78326
53085
60853
36732
42955
16824
16565
15155
57592
88117
13911
19089
70357
44936
22632
29522
44805
80766
83189
45921
43442
45784
14645
29020
20920
86310
52251
55040
45515
64256
85717
63063
12054
61170
66483
13225
6338
58457
26448
39202
77370
86205
21042
70553
61397
79586
63202
73723
47905
24517
63279
2232
57292
69445
23331
75551
76994
65596
69457
38354
38161
56672
7640
99600
79828
53649
94666
26801
18134
13080
70061
6386
32835
99341
88576
32146
94579
66478
51468
85007
10364
46224
65131
70918
98662
87375
73334
16137
40239
26403
41878
92631
78758
99949
33414
42464
53534
76327
17723
85484
37941
49011
70862
53648
73984
65858
39275
50039
278
56965
17274
48957
57907
53007
82769
6475
72827
17902
72897
11164
74406
25306
11007
68303
88776
17456
89256
7220
73733
16654
57994
42039
91183
32494
61540
93476
20208
44166
52710
45867
49580
66896
95587
39708
2891
67753
59053
64186
42686
99110
29454
14029
86655
89679
6708
60224
89350
94370
8725
83991
89193
5793
81559
12668
46908
7370
76366
85066
1582
14066
44429
84500
54074
67681
31705
27864
40959
67304
97923
33944
11097
19547
91358
76974
46645
55345
16563
53934
74020
10089
49117
22661
45748
66104
55493
73887
66499
30546
48228
72568
29634
29897
20389
61855
25512
73614
46489
68723
71717
38992
36183
2007
80420
5901
79153
55361
65161
90445
20561
47882
99418
69652
16638
89636
26380
43185
41675
61414
79507
35817
38365
83811
66139
83784
78995
63390
28798
64262
97081
44780
44919
23909
92001
4597
54337
49742
21006
87637
37300
79622
30646
69841
89365
19804
87736
49319
19838
82882
27746
17773
61872
49765
75584
58945
47547
526
87887
75366
40367
50019
2394
94792
13984
16301
71525
47966
90765
75
99036
40992
87423
49468
69155
12021
63981
56556
55228
27305
87068
25639
578
33490
43689
16377
62176
89317
20441
79462
54538
49975
89815
79169
23511
89452
97429
25222
1167
76951
28222
74974
46555
26963
28616
79025
49328
54683
92838
38212
39646
82837
10208
11467
45440
65487
79212
64293
29161
84761
47509
51715
75522
4859
13880
25779
54088
67284
80061
78720
86746
7270
34574
28343
65102
65676
20456
35658
72451
15963
34714
76725
10882
32942
78110
66874
20941
81711
48106
69822
75891
61183
3990
36907
35124
74007
604
30417
20983
47836
63067
401
6718
93169
90349
93719
41111
77506
80250
16883
81030
15837
91195
70361
70179
75529
91983
71316
10241
42941
92027
88877
35351
55923
87112
2888
86656
42060
98272
14509
84177
13247
77300
15347
15997
85106
46303
85973
1705
67471
84994
113
28086
19832
45579
13926
