api2_id
5601
86693
53314
89600
60873
30744
68546
58153
89051
36580
1383
54293
4608
47163
12172
43219
17201
86756
93125
85195
21492
25215
94008
79844
56047
52904
35287
31640
45622
58749
95285
5009
2377
80416
29278
93368
99395
23577
39276
32191
72080
89754
46347
48123
54782
66424
45313
68096
53701
93119
15071
45600
87466
58617
65114
64203
96082
21105
48568
1951
19629
41073
85853
74982
16049
29969
30843
88333
87726
72578
24274
93587
25859
22346
44996
17995
7337
43469
27242
36164
85065
79425
33815
92455
94634
29787
90170
33230
66053
68887
87068
32811
84550
40988
26406
77424
25375
79395
89450
9353
21490
72091
23025
64131
9849
52169
40455
18006
79511
49980
3473
92044
41461
15389
60127
31245
91259
41102
83932
90451
56911
88886
90757
20369
79374
69661
56574
31054
71131
41627
48929
24671
95065
19375
32092
14551
74480
70138
27024
5958
79672
33126
78029
78105
36823
30697
442
96878
1664
38418
78862
30928
68000
7124
41110
40462
21366
73503
31116
33868
21177
73081
77581
30735
20272
43820
73514
69977
25346
38216
9866
17321
4625
41407
31968
40941
53097
31286
52009
38272
3681
30233
86133
64571
5314
53189
93404
40513
6118
25035
56557
44987
45394
41066
4812
3692
54641
99868
63671
95281
95552
45771
48238
58151
86416
77703
78468
31705
51749
86407
29649
17644
21779
54238
33569
14689
87783
5047
5638
9167
93811
7568
55596
51753
34930
9286
7912
24147
36666
61391
62858
72411
38274
1549
72759
52161
60243
25889
6998
36180
7179
35828
95413
77907
74491
41883
90358
40783
6487
74884
51022
4513
59952
54473
78165
4160
79777
74450
71753
7640
10024
99859
64102
7906
52906
74269
26694
41517
24056
10935
45703
13105
28721
8393
85543
87143
14163
22738
80294
93399
74187
77660
30467
29322
1283
90684
62076
78483
49520
64382
1243
2600
93006
76134
14544
5349
91374
77789
46409
34732
70816
71445
48015
87314
95446
93803
14288
5977
47756
75579
80150
50489
95763
95047
3869
32684
50621
88723
58784
87394
94121
81688
63320
8237
72877
36478
97224
7284
65398
68545
29925
65219
82794
75732
12840
78094
71208
76209
49335
69746
65778
89327
73363
9398
70899
67139
63657
89836
12937
46530
74457
71315
99623
29589
7641
95002
94752
66193
86733
48452
7713
68138
37803
88938
2396
5115
15447
81546
67387
23095
17186
62023
33872
69364
64707
34510
68554
99920
84305
58160
46379
24290
57434
76487
35620
71832
22709
30364
704
75445
77023
90991
24658
71063
12445
59756
66183
98214
17697
6652
31075
9391
22206
21063
85468
61527
9284
41474
53127
40734
68161
62445
42519
97819
87180
97896
83749
51539
63640
81414
65999
4917
38560
40516
14124
60947
79240
77776
3092
99907
82232
42636
62664
31662
33827
18162
72029
14011
91357
77599
69560
5958
32786
25729
35213
90008
894
31327
65383
34877
47622
50202
48271
45632
94950
46489
58501
70106
18071
3233
58964
77336
39996
58752
8511
5860
12030
22468
36326
53137
41270
8653
42615
76311
52023
59906
48983
52854
52918
77540
13589
67838
78952
49398
3214
72516
876
88800
96137
81330
90603
71423
92394
81447
81868
59148
81420
4284
75494
45174
16125
63550
94538
10058
39539
32129
42288
95836
54529
3089
15920
57114
52704
40321
56561
35132
14770
51479
20464
55485
47869
1912
57912
27061
18068
68657
74665
42827
49398
92854
30005
35034
95206
27911
65420
80013
47390
89266
40061
90649
65669
7795
90183
69916
88305
58951
24461
3729
55384
59586
89380
1146
53754
41839
53175
51570
97897
3434
81606
33887
50558
3685
8147
13080
26128
22381
85819
45827
65512
87257
47519
79259
72167
10773
98273
22262
53943
42343
78511
60490
49030
39050
81118
94169
58001
11166
5532
80581
7954
86400
50225
24462
62753
74684
84462
81626
51046
2486
91714
20625
98149
37828
36566
23216
53733
13965
65083
39503
58330
54942
72925
30357
22219
95535
1055
19161
30089
23363
14798
97450
25138
13512
37341
32081
37928
305
64183
34152
10592
14466
17011
20443
33275
17324
33650
59189
6361
86056
72982
70343
44783
86598
20349
19595
98370
77713
62284
79359
92855
19103
82557
81936
60429
31908
96895
86357
31280
24074
53440
14696
99372
86604
42163
38846
42716
72999
92087
33022
92705
55583
13435
64888
63522
47731
59227
44704
75836
68963
55493
56814
35110
17216
78520
65192
95492
44402
76854
75055
56444
55095
20101
30969
49652
845
85908
14127
90518
22013
60751
44748
21618
40249
89144
88319
77091
62134
66368
51762
35598
99539
87188
18725
32586
91456
79232
52939
97651
32201
20078
22019
9405
44336
75961
26360
18724
77636
92634
97401
57370
91038
65777
61589
11237
54439
78022
1490
62516
2377
12326
44597
44041
55503
62880
35755
91494
8531
20061
3413
34257
80396
20776
4822
12556
92602
30082
44995
70459
60700
88844
53868
32792
25129
17538
51130
35953
89996
73969
51432
46575
47021
76146
36665
86676
25124
60092
99558
24382
77813
12326
32469
4511
45262
90397
31752
41469
24980
3093
76504
21604
96732
7685
31742
51161
64394
8755
3882
28823
36442
9015
61222
17853
64030
97459
91069
7549
1
43986
68847
15107
79362
20597
61052
25313
11740
15279
89021
2496
42309
82845
72667
72970
43116
69057
68715
26317
87446
65432
75206
80932
74207
47437
75109
81472
76211
15489
72217
9370
13937
8189
40316
37433
68946
90708
37696
9531
36699
90794
60932
16414
16841
84941
56152
33688
59855
25421
71207
53860
11588
50965
32104
58349
59469
87108
13593
94391
16847
61784
31037
40142
67638
27137
79879
63074
46078
42835
48655
50159
41402
35137
87828
12461
46273
45888
40250
46430
57663
59872
46519
84195
85381
49789
4560
49643
11905
4972
35249
89901
20430
10825
61150
58373
66369
49039
77482
85476
5175
63610
67402
17898
62973
22993
12629
20113
37269
55182
75626
96326
99573
74065
58767
13324
81504
49064
42099
71431
15727
71125
65264
94350
91033
319
17109
71630
94141
42329
88402
62687
32063
66318
65203
31772
65266
73269
26616
85994
4310
64101
89377
60977
96032
93064
63701
63536
87494
65297
93488
3051
63144
51088
35945
56477
78628
21597
38102
72426
25208
78509
59998
19017
71370
11390
99905
45243
50162
9144
56010
31294
86667
62947
16783
94774
90941
85665
99680
63605
45199
6245
27486
71801
69330
94121
6934
70539
72750
8301
73416
83346
63508
19497
72152
62263
19506
3506
1885
23440
70099
70129
78541
88853
20321
32964
18092
66829
35902
91114
35563
66827
20212
61271
2688
81777
81379
39006
7667
24862
86553
38090
14829
14275
91856
69611
75320
44294
20121
25893
80456
12329
87651
41900
47534
37482
48092
69284
67504
18761
41584
57932
18929
34190
3934
97784
35241
45269
67628
55512
72590
60978
64597
17426
94107
30224
7379
49979
31669
63655
46616
33720
80127
80175
91753
99970
43337
75771
12303
6533
77157
38881
62826
95341
73986
75469
90691
91511
64865
94842
40789
77860
14350
11625
92097
7179
59905
3697
9561
2548
19357
11733
87399
23745
42619
97133
80348
45829
22315
56069
43167
47156
70133
56896
61379
15049
17457
72326
68350
57395
93658
14585
33639
16090
2652
97828
5920
91442
83529
80180
20920
59277
2782
83641
52298
92814
1926
1431
9061
37542
14173
61951
44483
68838
22283
49380
54812
31997
12138
59839
23003
12013
6912
81949
4954
47605
64057
71517
23307
32682
54034
44403
51164
52405
73207
97894
79754
47997
63296
23498
40505
67433
93846
21131
31194
48482
50451
61290
53257
54033
39251
17493
18969
48066
72265
70831
39906
9504
60816
96722
80742
8415
23148
35804
13453
19976
6780
59062
94914
92338
70454
30326
9739
86808
89455
46784
49155
91611
26879
60578
77857
75704
95518
19995
52381
51584
72216
19571
91802
23369
44230
6886
28341
77951
44711
95426
6859
46911
10712
29574
73930
25186
25031
83943
85233
94851
81745
76112
35036
21020
53246
40040
25928
28068
88818
15380
24321
60566
93651
25031
1642
94363
49673
77814
66151
4800
54807
95276
77685
73851
53810
9370
9036
15737
32933
44966
84910
17680
139
51490
87837
94003
49749
52844
45870
78516
31900
69292
73994
65400
67663
67463
79858
44966
43990
11441
50981
36365
28127
78986
86874
91281
75924
88847
61383
14675
12679
29795
40903
63962
67676
14488
29612
278
8991
11895
91800
39068
98875
10913
72685
41997
22330
67105
49665
74149
73814
49211
25677
64645
13824
20249
59331
69155
56383
79996
61628
17415
47494
60445
1207
66535
63680
35100
84224
5768
2464
62333
68395
54639
86461
3173
86602
5422
34181
40942
81134
35833
19464
44236
65427
21242
97173
96499
54300
36039
69892
77200
89391
76160
15026
22375
28059
59039
72624
23092
36344
18672
28267
24983
26804
82363
83384
8218
18497
41431
94706
46453
28703
39177
10369
68278
38523
79434
68838
7252
96353
92091
341
38809
75741
2117
11735
16439
51841
21722
85436
97230
34380
71112
76037
9860
33488
48176
74365
24568
24876
94192
11783
42361
75041
12296
68992
21703
34819
48903
53309
40184
98730
17667
57192
40621
96990
40353
31378
8275
43254
27794
27578
40432
87345
94254
1771
71112
51723
97920
52179
92986
59193
35396
56465
56574
98945
29344
62700
91983
73955
35215
6433
10938
33637
80196
29309
14770
39913
58764
76797
4040
32196
3296
33302
33051
64153
44163
58243
824
65943
99128
85875
27784
8981
74115
7848
12196
71139
29420
66227
62258
65474
32823
45585
26148
1189
8860
46718
5383
80827
96421
10823
84007
77214
57644
51724
25208
56709
76265
18022
51330
37760
79042
35981
65632
65937
34106
30298
57860
21951
24598
91110
89200
36956
12054
95520
59220
30390
35099
13789
3770
60153
90371
65829
29356
34618
81751
4937
40842
44077
3503
93099
49641
3366
28182
52032
64095
99834
31073
70426
18482
75938
38596
11522
62159
27123
26839
89078
10379
51853
64652
57243
6489
70902
78644
5119
74758
78122
76009
24204
62531
9618
40448
17819
86106
15150
61761
25966
70469
53013
80563
95487
52796
34582
74373
6967
5715
75827
18056
17153
29710
56796
25636
84203
88402
14244
64548
49972
77419
40098
59551
38252
70412
7669
24412
21490
61103
43958
28417
37320
60759
60237
57734
80353
36723
56309
45940
410
63373
69404
23404
10968
95395
83710
22048
41352
27014
96429
16867
66741
48141
67636
4602
18913
36598
73941
94848
43394
10395
17488
74880
95976
78742
82889
37049
24973
78778
80887
63738
73018
53667
10357
20681
57408
36068
77671
75417
20043
90679
35050
64583
9339
27072
92694
45416
83112
82789
70884
46152
84158
74081
33771
78221
11045
50209
32920
54284
85671
7471
6744
84703
92350
53190
21019
21598
67600
66465
48633
69216
62120
79387
88695
28113
7222
71934
92380
98145
78792
7572
68589
37964
32742
50915
90245
16851
20048
55111
77486
52504
89718
61155
19805
71014
5895
7743
16461
43488
12846
99984
10239
58214
35441
14694
43942
91384
48910
95593
73263
76428
48291
92571
79975
77403
83104
30744
98741
58072
35224
75667
64438
31671
45333
92161
96249
87227
56239
99435
20835
51592
59789
12834
99154
9196
24568
38772
35271
75095
65552
11246
66650
1741
38865
18155
22108
76413
19694
92551
85557
9794
77719
57699
79706
46349
555
519
90289
43125
43499
84577
39487
58699
78179
23446
20626
98297
65030
44805
87064
5857
48614
79887
64399
38203
96896
14178
25795
6627
5036
13461
23358
76903
95466
85714
21907
13622
49547
29574
77058
27692
1337
56949
72924
53086
3736
69821
8922
63409
40355
81506
32803
27227
98412
58712
79419
64393
23277
86877
16608
24059
55134
39618
82101
99359
89501
2147
24056
11964
89770
38049
90981
24484
23664
8872
68446
47541
59018
19282
8829
66952
94670
55966
47259
45114
97875
33954
18622
48666
17834
44017
8152
80148
40447
15354
20738
1713
49067
49664
86069
2381
58700
16445
50487
53877
78488
66146
15087
92306
63267
84617
9243
22982
95910
32487
13974
58107
35722
15316
78684
87440
43830
50823
58199
86748
63822
83586
30545
20471
35709
45949
28436
83984
78987
2430
45070
35153
94063
21471
48151
41483
30803
39398
94719
33221
35136
29404
21214
10827
51785
26946
91757
10079
69391
76407
53508
47159
5952
89450
191
71699
99068
33051
15490
94919
94210
27538
69210
47855
80911
89559
17712
78662
44914
84419
59970
33136
29396
81001
51024
38306
58731
32381
9499
66522
46547
74093
54300
82580
38906
45126
94592
43519
70524
66847
76104
17687
9238
10894
83448
5195
58783
57003
86729
57440
59542
14949
96097
25747
58193
99822
54969
88342
83509
78156
40304
53109
90499
31418
34336
90877
68009
52022
2939
40513
2006
3261
79011
38520
29557
82878
62136
54620
99177
10313
78127
87699
58812
37108
36392
85980
89919
62713
75793
59442
92373
82205
69634
84314
86991
65251
27882
14870
67357
26400
62827
81275
41857
35714
21987
1434
37129
11651
5628
8751
7964
3399
34609
23878
66418
19370
5904
23552
1574
66202
69145
60704
7156
71231
93528
60645
70989
42657
25999
45590
83874
49359
37872
90327
8443
77028
32700
18508
98297
6367
87331
23911
87259
93954
86672
81539
73661
83741
8970
12075
16178
31760
74011
64173
40273
93926
42270
88652
99249
25894
52683
11484
29541
56899
82541
74797
8709
66635
14337
88149
89332
95048
70386
51438
34460
53130
22009
57395
73273
84435
8638
48564
1413
6519
72348
16267
44624
41171
65930
27046
57890
89153
96348
32738
37290
4518
62314
3554
53669
24475
83931
37844
27782
58992
16916
45872
32728
65146
68298
33555
88125
46803
19041
91300
19879
81503
31181
69941
56473
46389
7181
5796
99886
17209
31975
88173
63929
31344
55790
60768
10578
62418
54204
11334
4487
9528
62121
34693
1241
28423
61113
77339
93711
83130
62404
93462
60705
95825
24933
94194
38697
12349
8073
48892
60159
64198
56535
52627
5974
18643
39230
92005
81015
96001
56572
33096
76574
53544
59865
9
35164
26041
25473
92453
71714
7588
22186
15219
52407
26011
52898
50901
86359
83691
87631
2433
30725
10531
33039
19629
57263
96735
64836
77072
70599
20759
23472
6321
41728
64406
54606
90747
26888
53976
47017
13394
54000
29159
59675
91987
39019
40613
23228
18412
12644
90006
28552
14804
55238
60392
86829
63269
84695
30190
17372
97047
89981
34814
38090
88266
79583
2860
38532
76591
98486
61877
37185
50972
80603
41216
4693
1095
94587
89330
83714
44844
64488
5289
90135
65212
68981
77796
11489
41611
12808
12258
15104
49392
47854
9818
48081
34753
72659
61207
2801
39361
24679
65760
58667
59849
89217
90679
21596
61212
67000
26526
69187
99903
68462
36211
57805
84466
41401
96617
39791
56631
87578
72036
14796
88218
70594
66291
38803
26210
26233
3602
87756
41966
87293
19593
14315
54373
66201
64118
64899
51317
45944
18
43144
34394
65423
46209
63691
43887
70580
62714
72003
24265
38056
87586
65854
84845
83436
70256
54335
87393
99631
71012
28721
1146
99892
47265
32756
62869
80608
44911
22488
97108
58823
42387
48294
94751
90032
94064
36706
40446
81836
23328
70958
47287
63638
58601
99884
21583
59323
79531
66345
92080
5665
89362
96618
9794
17619
89112
74320
41994
97804
63784
3661
81488
89338
21907
617
3986
25083
89085
26472
76267
8897
59911
28719
18395
11779
95307
6756
18574
13209
37419
72033
65637
4927
89273
86488
69731
61560
73284
79029
65337
33229
43179
47085
72134
62810
99587
93285
65062
13084
60391
65844
65692
2627
33364
27922
64532
54025
85882
83637
61649
59790
49989
70376
64028
56727
97655
84391
33072
49282
38564
34367
61887
10496
2021
79993
30939
68232
3158
56226
21379
58169
21804
97178
83717
92329
2836
36436
47716
67849
34195
66582
40556
76510
95133
41192
24324
98138
97884
47910
8033
8867
13594
53864
54649
14929
51764
26940
96271
25183
20670
85172
61324
99352
84758
2617
41292
38517
86113
58442
59077
88354
95852
39648
81299
36200
83057
92813
70937
16352
25433
15845
68350
52692
26940
29050
86033
93295
99438
155
86427
70339
98895
42910
61995
31450
98862
11691
72496
38853
51220
59604
2470
14470
63600
58153
9941
2075
47121
45168
29126
87023
4377
33083
39512
99446
62812
62349
46051
78718
42934
16662
31290
66665
24807
72691
2001
21277
32805
35007
69915
60632
2641
48680
40681
79684
42194
78303
88254
64750
51350
1108
64149
39054
10836
92410
22598
68670
5829
72092
39905
85704
89761
53410
73011
17487
78434
22844
92001
45703
93049
79288
57411
73853
10982
34033
74646
79115
19577
87795
87171
13251
8039
73352
74789
17344
36753
77597
13147
91271
88230
15573
1412
6096
14496
5076
82239
7441
25119
55387
15920
81433
77586
68309
53579
53503
66539
11043
37410
83615
99830
32182
68544
17354
39034
52291
40660
54505
6658
18247
71529
43083
56415
20543
35816
43167
52609
45747
43350
49630
73125
80048
89275
7501
29526
2565
6287
74609
20091
42234
3327
59843
80945
29211
28408
80679
53761
43489
33408
89028
92204
5526
87227
41409
77804
65347
16215
12385
47819
54120
48624
52524
22271
54444
67173
50105
76228
8099
55725
97111
17784
70642
59730
83697
89383
23974
1988
77898
11601
277
75937
3457
35974
80972
32482
68539
90898
1565
69707
91259
42653
79448
74052
1673
75513
12985
90973
98656
77225
24518
2924
7680
53838
12898
3230
64483
99141
35847
75778
18329
90228
79810
9109
5438
5475
64834
46756
38544
29596
86369
84922
76790
90667
14603
23360
92333
36495
14754
80955
44107
25143
62548
93366
39853
53080
87584
77027
40028
29639
33646
73184
53835
37091
3902
88220
71361
20765
98731
5896
61568
18933
33150
86941
52250
59426
72750
27814
63734
77437
1260
97368
42393
58660
24698
20537
43177
74849
55048
53512
74427
72239
96173
76803
94362
36331
84713
37549
7688
63702
62841
2004
68132
6879
73477
38019
84687
45366
8365
68310
25914
41448
42978
58680
76836
27008
31523
21392
33038
16773
2215
52542
64473
10303
31012
9177
70046
73970
45879
9985
71362
82319
85035
96679
44300
81451
46272
42133
65874
52677
5120
28066
54471
3477
44666
10819
98381
84766
91587
27648
34769
49319
1896
54970
21180
71239
12875
40479
83309
63940
12887
49248
29449
84373
20415
72889
25366
51689
68646
33176
15178
86047
18942
40492
51922
29359
3725
90663
92211
75750
38847
50448
55555
39815
73650
30950
29921
63854
71770
81479
11817
37871
87960
56151
53749
23885
92347
60462
23978
7524
39910
37431
31328
66600
534
86841
56350
88206
98985
25495
21783
72096
58642
6096
17702
59917
27521
64853
54817
94297
57217
89205
65041
98478
43214
80604
7875
1174
72998
47405
8910
27009
37653
33671
63401
7208
86455
64333
88041
90371
5172
64239
56955
37655
3148
79968
13293
47759
77199
95990
2283
63384
91634
29309
77646
93736
14872
26779
18589
63213
31575
28442
19197
40282
51663
55119
66358
50181
33950
22962
6806
61441
88337
4190
45146
98639
34216
17805
99857
4744
83409
12671
86909
7653
64916
60224
32356
27852
45535
90893
14125
42488
30299
39070
53748
31546
61802
77706
36750
21307
9745
74581
92569
34552
77794
30670
74313
78758
28382
93030
57494
7645
16579
81510
77244
90948
15959
44749
85499
2507
64743
44114
37625
7517
93540
1816
11152
96694
9142
49179
886
45513
3688
97097
36506
99760
82349
37522
84373
23712
89419
75422
57627
29351
24399
24864
4501
77259
15320
19359
58592
4827
90520
19671
80029
84098
26275
51680
32944
69155
68791
88332
76872
37439
63581
12561
68862
63246
32796
91644
47176
84078
74904
63236
16721
86270
86995
55017
75280
71928
61521
28299
17036
80893
28101
4362
34324
84382
10490
14114
32012
23817
81280
16626
68900
50865
71319
89449
91036
76834
72700
10941
22493
1032
6136
82254
23510
9657
92020
58659
30130
55768
84404
8245
97360
91250
17123
90986
54651
93163
22073
8433
22466
62978
35571
8837
419
43425
60173
6680
19311
70819
53013
40549
27
95739
56002
78722
67490
24547
91874
27234
68028
43109
76084
69465
95001
35555
59891
11021
64327
51162
73717
50460
36534
91740
81363
80234
36074
49163
23872
11726
27567
85401
58037
75382
33713
60364
65067
20115
7407
4531
55644
24630
83499
15576
77227
89155
43832
65775
39595
59841
69052
78280
33017
20518
97156
24250
17168
49219
43642
81148
58676
46625
60213
71117
84256
24848
78819
11504
36492
20737
58514
45658
81600
15347
89984
99144
1327
9539
2471
36974
85169
36504
63096
59348
49574
96923
14742
79786
4850
45112
72679
42885
23770
60486
18358
68231
10837
5633
51910
79140
45549
97325
79705
315
2199
8078
35272
21362
12529
5511
29067
84063
79600
19674
1851
90813
48737
85205
63392
1978
54875
28697
57059
12967
3695
2523
67877
84171
67464
1444
63112
38176
27582
32171
41387
1995
97677
13904
92159
62900
13691
87880
67746
33498
39327
46682
28869
2850
44622
74279
34100
79456
65740
40231
21433
70175
79114
14737
39302
37001
64645
77379
15390
49681
90475
67959
52769
68487
64371
15810
35122
85012
63067
83276
7351
23384
88002
6853
82935
59666
4170
54216
15029
66573
67141
52540
73745
81623
69792
7378
17063
55618
67064
44823
46549
44883
60772
97104
6911
33818
25143
94886
39559
43531
38988
94497
74472
39251
97030
93213
2703
65653
56513
92660
29525
98206
21236
16677
87549
1886
27235
35823
87421
32445
40582
57127
30339
35933
71614
950
90774
25754
87989
32602
4945
37592
39951
64004
99822
43428
84301
65386
72123
72669
27067
53780
84225
38083
51296
83597
25188
64795
79037
70899
88212
4470
41866
21400
58745
39864
10208
62421
46298
51269
95357
7154
68325
70224
21292
51284
75111
79614
12721
5221
78840
58715
27173
16363
28197
18405
16247
4395
34406
24571
93822
99791
40044
35236
68766
7426
2572
25004
38893
52495
66262
20824
49139
96442
29983
34877
50461
47918
91233
35080
57838
64564
655
86030
71173
1709
60966
25707
90348
43163
41764
1379
20086
50810
7635
66919
27883
63550
216
30100
36983
26439
94392
48375
61140
16704
15691
545
73724
5138
77064
9707
77924
83696
20281
5579
93388
50306
81432
79223
30921
12354
97400
39121
52594
32347
28461
20679
11517
8825
47311
91053
17154
71050
22096
60590
25094
54559
43329
27439
18352
96854
36308
90054
41713
16106
67337
30578
61746
38337
14898
96765
8212
88310
55008
15794
1662
82510
84097
41711
27963
34502
32873
27325
52063
44467
67894
88365
91834
85614
66068
77724
47488
20491
2056
10570
68430
85589
17866
29929
32521
47905
83665
1688
9590
618
34505
82114
23003
74786
69741
82108
40390
53454
59202
62008
38896
16659
59086
81892
63858
76494
43703
4427
30115
49579
93507
19539
44068
16505
31914
13575
60757
42029
65352
95300
70155
77379
25564
43241
26729
9555
90829
83636
16613
29888
38017
119
93712
65125
92836
30153
46348
57445
23644
24668
37323
99070
90507
30472
92401
62377
34216
31604
5025
78600
93224
168
46864
49782
63039
56182
60683
17153
51774
90909
26936
83606
95374
19085
85417
16747
95587
20809
74983
37617
52316
43591
53730
46382
32435
87407
869
93931
44329
87665
28611
18326
94988
43034
93391
85921
15546
24442
12220
3885
40275
65647
72989
79425
2007
77480
22120
25314
53475
89827
35880
23238
99062
4939
85945
39637
12363
23874
30377
13328
90805
94465
42747
77869
78519
45376
46611
19518
16207
56258
6312
62758
95554
81509
16660
96695
45118
7049
42750
40118
45631
29810
44899
78853
753
41650
98509
28410
56097
58840
66440
47030
12587
97134
48252
89006
67423
78032
89220
23185
71196
73939
80714
90900
21582
2943
87325
66833
32947
77197
76855
61179
98581
46189
89730
6572
21137
9899
20820
19545
85508
43886
43768
48622
9800
22297
90614
61331
19064
228
42061
44616
83014
2367
97822
76074
62504
92541
81898
39260
29214
10027
81271
51602
98467
77396
9740
76149
67252
34692
1641
80326
87822
88
25108
59656
48507
60190
91875
27190
80087
84424
89443
92422
31163
91069
78407
25086
47569
97311
58362
87403
62962
46576
43381
92911
73673
81584
20041
24704
19022
75510
80282
3087
32466
59434
47654
89224
23897
8987
50729
2714
43065
27034
60136
49822
98702
98297
24250
28100
97977
77989
42548
76561
82212
7801
37987
37202
4621
10998
16268
55402
28508
31775
12421
86219
93846
44381
4338
24718
62781
6102
23388
86758
9799
54007
24947
97347
70089
15962
91671
97095
2571
12836
28664
53390
85779
76813
44250
38923
88093
99697
95038
18873
39059
99027
24378
23535
33864
27553
44741
16991
39833
83280
59172
94038
53678
14879
83490
68250
19085
24674
12982
55408
67475
72622
40532
31960
55684
49878
80248
98574
75395
7629
88217
87377
18802
46190
91570
64408
3368
34640
67218
30276
11994
25749
79219
52289
33159
84429
59794
81465
57315
37808
38679
7584
41644
4591
57168
31208
90931
20305
87954
25800
21940
94175
12324
63591
4151
96876
88569
30382
38075
59971
95051
6341
34837
13683
88789
95397
13870
32180
99645
93088
8833
28860
62076
11008
76480
26317
21975
9350
86089
61806
39304
22119
88742
52786
25109
30101
14013
95772
60047
19665
66506
93489
91327
83036
78188
26241
95336
82761
6195
92439
7593
38655
9540
72472
62086
33430
86787
34828
35868
66694
70593
4727
74073
48084
4156
40790
11951
4890
19312
29767
81506
96117
8865
12392
3150
67996
23331
21754
37538
48758
65464
67625
5313
54408
27175
85925
82353
36423
16472
35234
37054
74179
95763
68231
39575
76383
45330
36568
10517
38576
62729
18414
34097
98659
93019
4402
58622
10305
23800
85853
80872
50818
89879
10654
55511
78545
55612
33874
70306
82286
99598
73951
79344
29163
65041
84538
28003
13972
97324
60205
52932
56679
80282
84235
26965
57510
49647
51078
98821
93990
36645
16301
4228
73887
84715
26448
36682
98848
88839
11309
7632
64552
30212
18432
41483
16855
49576
43300
38189
27235
19472
60691
80793
47450
62628
32154
85978
64163
37151
42191
26385
44797
32436
69339
46153
55711
91450
79801
669
9505
91806
25717
83837
66813
29649
43905
38738
27159
34248
92765
95961
1040
89212
47250
6457
9500
11054
27079
92435
44108
77039
20406
35596
86635
44919
4109
30295
5991
47897
62343
13992
37143
85498
76027
93294
24334
54708
73516
78345
94361
47753
54612
92002
57531
53737
36466
34215
35424
77706
43366
79278
29138
74665
2939
71826
58251
5082
66558
60763
55482
33384
41217
30243
5024
71584
41720
59553
80115
11038
56184
76158
74664
7328
38071
93870
23190
4419
18277
99242
34931
88705
9528
95093
11423
14100
56047
15842
40510
74954
66183
50947
53874
85667
32712
92893
80469
70394
1428
35742
32809
81663
85704
21373
39617
57006
6529
65401
51458
48810
11169
87837
47000
56485
45862
60909
34014
38957
56122
31055
12617
67769
60613
28478
77569
6847
81060
87897
63134
46945
64931
96181
16495
72358
67796
78640
79803
37731
248
90107
43565
67116
75579
66633
32387
91954
28418
61318
65088
10028
59384
83000
86464
90146
52398
6922
10703
30094
13297
2518
31133
80398
56104
76881
49258
61766
65789
76926
70088
82798
10473
57031
83206
14351
5799
85426
5416
82225
68455
22645
9259
15070
8259
29716
3738
95864
95787
85025
19971
98423
78130
64451
8315
32117
86374
12125
59944
2213
44315
31934
74993
89903
68680
84606
26104
72371
89814
31533
73677
9231
89819
77501
63369
89450
43811
88188
32491
67030
41201
76119
48597
72959
3577
25469
26139
18312
9864
96116
51804
71919
13200
97992
3255
10874
76710
12236
63315
73958
46547
99433
22461
51933
48155
41186
6300
37933
27741
73553
54532
55798
99493
87082
14372
70150
41971
84115
86969
2658
27860
97903
15054
56849
1995
23275
59764
67765
71655
91800
72522
63717
1018
39284
53625
98041
50344
38462
66616
85882
59618
49511
81918
64519
13451
36657
8602
73496
55456
25015
93570
35770
69975
13954
39470
54834
37921
93376
14281
16051
95659
39636
51089
26801
14250
55380
84137
98533
2627
91208
44463
10799
29093
97593
13294
48108
98029
1830
31057
89945
72933
30382
86042
60311
91081
61553
56460
34979
91781
54990
79190
86779
13077
7696
30416
21124
99953
41458
99846
91424
39012
69239
82912
45270
91410
88110
93070
35706
73186
21328
71663
89667
76929
55701
42714
26740
42803
78669
1441
96155
45232
18712
6857
88870
31341
25231
96272
2190
89907
64926
99844
11698
10800
43815
6535
92994
93664
53404
23448
7439
6694
15743
65313
9921
50992
25990
7021
34584
41777
3112
76117
75331
18019
45652
17939
78898
69406
4806
93069
19137
46846
56325
53836
12050
51636
99651
62627
83455
33770
97965
22689
4532
45652
5098
94214
6789
29213
87191
74902
35669
82429
53796
71994
74272
17248
68076
23183
77796
30539
18112
40234
70873
38273
26928
33817
98258
83126
59935
46617
60728
3606
49570
11486
81949
85633
54574
96257
66725
84533
1911
36748
63433
9079
66924
43934
53507
90628
57378
92084
23182
47323
48590
92127
4716
99410
19978
22206
35765
56876
24759
64017
10987
83923
48740
6570
21122
8642
32020
69918
50159
86581
68904
63002
73559
57680
90122
49579
97590
64613
88559
17944
99388
46597
57024
20047
36401
10384
48288
73227
64308
29132
72485
53321
85489
68799
30684
23637
81264
95291
78870
41181
50754
96583
37681
83751
63705
73088
2765
93480
24627
67357
65785
17687
15249
27815
43098
92239
9919
92276
78690
2647
58121
43440
13327
20025
3137
89269
54318
51270
37797
1317
58367
47052
8956
55661
22992
47660
74410
26335
19084
10780
34395
89146
11497
5706
55737
62903
19619
71598
54114
95278
49833
38587
38092
91338
27420
84619
99890
23728
96032
10685
8948
82093
97935
90095
97146
76681
49705
2535
60778
5192
19887
43229
93362
72016
59168
41894
362
25618
27908
26996
74674
26087
39347
56246
31992
20534
17398
19399
50796
65954
72992
74389
8870
94206
6
37599
21928
86049
25917
52359
71622
57397
32097
11218
80352
37732
22490
699
99222
64932
99432
12329
48051
2514
36216
65934
91570
74652
63533
47581
31244
92813
9909
24443
89788
49033
11596
18922
27033
23415
86270
39782
78578
24851
59561
36338
46512
85422
64596
29858
17699
30213
39165
43147
84272
74237
26831
6991
87854
47735
8165
14552
24083
12499
45676
90845
96001
16255
72297
3141
53132
28988
96489
49702
10530
640
36418
49782
2740
84311
26909
65124
2899
73561
76088
36774
46777
77901
67155
76198
78696
15579
17287
50468
64232
90714
6187
52405
84150
5231
60180
54885
52104
42364
47082
21523
76632
79570
85731
9724
87671
59613
58082
86007
87224
38653
93459
52494
97405
37136
60513
72564
72126
9121
15011
21272
1440
68184
30288
23850
34360
29081
15601
19916
59592
70598
1247
62459
99113
24687
40683
90608
40093
49074
50875
80110
40136
39062
61215
42921
97201
15113
95583
78091
77627
99247
86736
12434
89177
82735
22154
60
30115
849
17828
86090
60433
68380
36920
43416
89079
49804
90434
55053
69284
45151
64525
42912
86669
16629
92032
39100
12485
46387
66400
42478
28631
88568
91692
18523
92353
99610
861
52049
51545
68720
69746
26801
12814
7176
5539
55864
89262
69005
85669
87147
94790
8096
71197
52862
48765
60965
70181
68664
24955
26692
73888
18958
47924
24115
4268
12700
40950
10635
87649
30346
12543
81781
73641
23265
47657
40173
34976
24789
7998
72084
45332
97442
7870
63438
59902
88082
86800
21586
12705
10208
19593
13566
12393
37212
71342
88773
77275
47655
98689
32220
79236
79080
10738
59364
10840
17046
74355
68197
2986
6705
13495
65006
78396
66
20940
90580
31406
89911
6685
92790
59091
98986
26488
19327
85411
28763
59411
61735
78107
66512
43046
41838
54489
28908
39841
49886
7109
90805
87753
17811
30721
31657
41345
44656
23574
5015
83975
44803
63934
33538
41962
81579
80148
77482
56042
13971
6300
76447
12806
96237
66501
45235
74845
6601
96694
31051
12545
95199
16203
75871
62526
35902
9520
48337
37485
88436
80877
77282
89889
38715
70003
38230
11301
60495
42859
38491
40972
97542
80517
23412
35679
60326
89980
73237
44219
11917
15298
24137
18331
56828
39286
67978
36700
62831
8501
7005
21039
98246
5443
85621
48703
41214
66815
86163
69870
25547
10658
5779
3136
88988
86324
76369
43454
84226
94394
17525
55882
61948
26400
74248
14902
81340
31508
34686
60740
60053
14848
24681
26554
38311
46889
20455
42174
17745
43014
98551
24391
47264
2879
367
50248
70996
50269
90006
55369
96340
45532
289
51428
45428
1592
30686
66141
43948
20079
68986
94134
61996
16736
32764
97001
23877
58406
25354
15001
51548
59618
83178
20342
21545
40743
3459
78433
37863
19127
43934
81718
89635
52910
4214
62923
2964
55423
13453
91666
11428
12300
14584
27240
33468
65987
15795
61186
35553
10354
40989
62775
73075
53265
81393
94910
4438
66321
48031
32681
69208
39936
11304
3937
84536
76838
36532
17443
34726
96806
15271
25719
11345
60362
1449
59278
51148
99949
76621
37143
27489
60284
91452
35164
49557
27434
56465
67548
8986
89923
97001
43289
71264
40397
78620
59238
64239
65026
1920
3014
2331
95998
19088
19824
31966
47616
80774
63445
64707
85327
85998
38219
39212
65671
45470
80712
58859
26125
4577
44903
83659
2097
50477
28422
25221
86343
53691
96147
64612
68701
35184
58909
1387
40146
89220
5045
8356
25230
56974
13582
2509
67210
67198
28951
34866
27238
19969
96308
7796
73782
56252
22520
64188
1335
93214
75316
13149
50722
8472
46888
13343
47542
54774
87358
63940
96309
75813
42151
16048
26406
69862
57843
92229
522
48133
35547
98590
84522
91984
5060
89749
44829
90175
90802
16340
62809
11911
55426
4169
7649
79259
63019
92789
63770
46002
71786
46182
53653
89738
62225
93844
11944
81249
19854
19989
48726
63031
43769
33677
12102
44415
76715
23921
66362
45014
73609
96232
4846
93659
76169
73517
76678
67602
39433
2433
31023
69672
91150
80903
10962
14989
56895
11441
7396
91458
67689
60193
57262
15182
11935
58525
58714
95959
64227
79829
6217
53339
95533
47880
53082
82817
65674
52311
17873
95983
75696
73374
84814
65702
94690
20575
85535
9099
67775
50893
15476
73288
36272
52345
39891
82994
39199
10393
86354
46665
82275
14709
83030
765
65207
12568
50339
62959
69454
29243
81440
71934
78949
93681
17793
33611
16191
89030
41152
48984
7869
2813
60149
53198
84336
95642
99414
55600
68111
18780
63636
13689
23726
75658
79804
38115
91908
86932
48227
58271
38767
80988
4639
10035
47707
75
16557
75378
79070
47294
45318
96782
16478
66762
92867
76980
57189
25606
60559
76467
99613
45365
36005
44669
72131
73279
64356
59803
67335
33637
79923
19135
80242
51075
67335
62730
49939
59683
85700
34331
29916
7691
39522
49346
49015
95476
72638
53924
76818
14990
47499
71733
83434
6974
61248
14009
95381
38437
11202
4522
78477
86685
18892
19499
92144
32644
93128
87891
11793
7137
91436
45818
8602
2517
64876
12685
41259
79273
22328
57509
6510
56214
5238
38572
4036
58028
44833
84650
57357
8803
75849
75108
11870
82380
94023
19180
76878
61959
6356
67903
80907
28969
58947
93490
3424
59558
64445
22116
72010
67771
1738
75927
2417
47756
82837
23394
86619
81488
49078
56965
91234
17526
93424
43809
15617
13904
52663
75916
34490
42214
7275
27861
62151
21851
24738
41295
49386
97650
67459
72268
15402
4555
16293
19447
1025
21844
52197
40328
52539
50590
86558
26169
77625
74750
20064
60718
44065
32836
61669
19300
74469
87930
61892
90123
73934
35773
47087
47437
23515
59036
42076
44215
75050
71365
65894
1864
83717
38220
42501
14512
49752
45480
45662
27682
40385
97426
39320
57569
50539
49337
42027
41607
69478
65001
34565
13113
84311
28574
12775
52039
30838
47812
42243
87846
99102
99132
86057
34180
8506
3270
19789
41579
60178
97131
91453
52148
74894
4405
64737
78290
35037
79817
4430
14815
41641
99945
97663
19431
70942
51160
28716
25948
7096
40434
89519
82622
51447
30149
17750
40859
52465
60174
24476
7943
78018
13973
85100
31151
83096
5476
73949
75675
65557
82560
23739
14628
38566
43953
96133
51672
37012
81650
63443
31978
49154
4452
8216
43437
23463
52518
36318
80782
71152
2086
37407
48567
1275
13468
52949
63153
44150
25046
47730
42167
7677
12573
86218
59911
26279
13078
52977
69656
26597
32031
84087
33468
89141
98075
15703
15287
55084
26418
92018
83100
6231
63985
12797
40303
78142
29840
91792
85056
98683
86182
69774
12220
94661
54752
85013
50287
33675
84497
66176
28837
83048
81132
93776
72691
68437
30387
63152
68188
19997
8381
31765
75706
64230
75490
81052
20704
62118
52874
68062
20841
66569
95221
41508
75732
68580
75682
47396
11509
7579
15486
60476
29613
67268
64238
35143
8044
48049
99980
86364
42131
95291
55180
86446
6174
69091
14694
73
32104
12742
98560
33518
58648
26346
66955
74383
46509
69069
26507
22199
74837
79031
43513
56173
51422
83882
83421
85632
32337
45765
60444
41243
5128
10963
22845
65863
6296
5116
98442
16455
26705
83717
44056
88401
73367
60243
85568
62265
11658
8562
15435
22492
44084
48768
63889
62013
62088
54552
46678
25900
75516
92484
92778
5476
29593
37156
27654
13127
57233
34329
28686
27684
71206
97585
75113
68170
35691
99756
93917
5685
16782
90200
13795
16063
99958
90972
36871
56572
91844
97966
22975
53821
83034
57631
75018
50577
56481
99162
41435
21196
71191
6748
10008
45441
3543
11849
34768
59876
5412
93101
2783
52733
71704
6269
64604
44411
67786
9044
66908
710
69267
77224
76611
70718
49078
98970
43913
42980
7739
50170
60286
88738
56466
74854
42790
35404
66091
2105
99652
5240
4786
3663
3168
59673
20661
8162
59644
27696
21812
27829
96466
56570
13796
51861
24272
23954
59978
60450
85802
14946
3437
31065
19417
28825
43468
86994
30538
26075
68652
2416
95441
71407
95107
8361
55219
83832
5261
29
86814
18529
24184
20683
39689
60572
11236
97153
85785
12740
79611
84960
47154
64976
74854
73133
48651
35292
42102
82427
149
93830
77591
34803
86639
87148
63507
29473
38010
8491
11735
73162
79756
41560
42103
5835
232
58234
67158
70980
35977
46470
10650
53437
85159
90662
56560
2849
20577
46721
22824
34630
92092
91296
99960
49844
7227
30799
97504
40487
79135
1208
19586
10364
49915
63019
53152
34837
40717
85860
62327
29200
3904
64782
79544
33570
45421
5035
64392
3528
95410
44992
67395
73625
29185
65374
58141
65869
28084
90418
1353
19284
80971
98038
8625
83958
67062
24449
56396
31183
1289
43664
11098
56888
1409
75981
44194
97824
92736
21746
32795
50838
31986
26330
78222
13949
9020
53415
7675
16213
80560
80464
1437
65438
39171
7049
78017
6478
31832
15894
8182
22487
5738
92828
14046
77789
73308
75658
22530
83177
41067
53767
38894
10002
55470
61084
12490
25652
51381
77077
44331
66259
21686
5405
28257
23294
33991
60451
49605
90598
89886
33520
72597
6810
38584
66999
10965
69936
28190
30461
21760
9165
197
56538
20140
14645
67923
61050
35392
97433
22589
23355
81221
89515
17513
68829
24413
48566
36707
97652
16792
68828
22692
12692
83786
75859
67258
68527
21960
46734
65742
35304
94402
74201
3939
87737
91274
63222
44941
28206
67075
26885
89088
26899
91161
32238
64739
28967
21230
50901
28060
58142
84236
662
14688
23847
44494
81673
82285
98163
1196
60925
36066
78593
84398
84402
24526
87532
15738
41899
50992
87306
36776
75138
41391
94191
59571
52887
97162
6963
83508
67668
12974
53340
62570
28634
83115
99380
72920
87702
49342
92043
27307
67812
42834
17280
31532
78416
22431
70231
68966
59086
45541
28193
84982
615
82876
23655
24700
75224
66058
32806
62275
97165
49002
1970
14967
94887
39220
35708
11777
99491
75129
94180
81943
17410
77158
91721
18223
18760
9090
97981
49696
53417
67761
32354
27136
23848
34520
53207
33078
88268
46248
78581
53018
10248
8713
70643
23064
37697
64644
14635
68981
99375
28613
85390
50171
46229
15304
18489
97715
32745
43068
39381
11741
6106
34071
97824
90265
48132
3796
46381
91161
99326
65106
76957
7645
30085
75641
29479
92926
72747
83695
73462
25528
95160
17281
27093
75191
42414
19598
55250
64789
3985
68724
59025
29575
45607
50155
75572
30298
29272
9607
32787
22267
27862
18934
4491
30403
89383
16280
46614
19843
79742
90406
98339
14423
56200
13554
61312
5221
69041
45078
55082
83591
68870
31088
58421
61235
30698
66103
91494
52143
26366
12302
53441
29190
43399
96174
86440
82634
77043
18666
91637
85172
83116
81194
23268
29371
57996
5831
54372
81673
91785
87562
66170
30017
65274
84418
94657
72229
15398
23989
75647
97906
23219
48866
7101
99854
40209
95675
79160
59539
94359
33343
90591
7365
31431
98239
73275
70287
75159
46419
65769
68549
25420
70870
8110
80704
20275
97903
54073
44355
43472
88322
42411
45442
61862
32912
68125
90091
81570
48915
1564
15926
11819
81779
18462
25955
98967
5686
53153
279
85618
49161
90120
51651
19548
49603
66033
43675
28487
14527
33571
44185
92624
28618
7354
8090
72839
99142
79437
53726
44025
77494
60917
57720
36707
81454
38804
10099
88852
99225
49685
15883
56610
76907
35854
30717
75776
40721
12533
60971
19431
33779
8331
77748
72741
70414
92423
37803
33444
91383
86478
67948
21987
20618
66202
60705
34981
9538
83229
84647
86757
72671
80335
23922
38067
85301
66854
21173
96337
14451
73006
67554
573
74113
80462
79462
35543
21917
45209
84244
5193
77053
84414
91388
86911
24294
41489
36855
62598
94433
34873
31190
32137
48595
84399
68818
58848
59167
63922
11415
97330
84115
48438
28827
77083
51933
17858
74556
95724
36648
25296
75283
33080
39651
53465
74618
31365
73668
79507
81305
98123
61150
23569
28257
87632
32363
68669
62064
86043
88681
14730
47863
14677
92302
62087
56445
46175
2495
28670
23540
92135
98418
64926
90396
44706
40570
53808
4452
80238
26554
75393
53002
98941
77306
1125
57849
6648
68494
65267
66777
21081
97147
96744
87877
48499
82920
78606
56494
72449
16486
69113
73411
83667
4615
63983
60348
33126
63921
88540
8494
57449
65580
95062
23789
26367
67742
14247
56102
3196
27063
53214
98597
1789
53402
43528
39534
54852
64373
65007
29102
44966
34388
29897
64319
12994
78518
9013
66428
39953
47684
14075
48058
99502
68062
45694
16942
40941
1625
6591
26569
65229
22485
63368
93559
90578
85621
16705
96241
68170
71725
39605
81237
825
75020
78241
88263
45356
79590
543
99504
87408
60713
37530
9777
77451
37464
24067
17891
97898
65304
54061
56622
37833
53822
16204
96996
73885
71640
53810
83565
89427
79057
61596
41620
13457
23648
86752
27845
93736
42812
30186
43307
95479
95441
27006
1800
36324
91712
78571
96098
88321
96180
55741
65322
5813
90445
91491
60135
62930
93488
71305
23336
68422
33300
55108
2227
63670
2050
95493
94249
86510
72413
60966
54143
51902
4170
78106
66676
58675
19098
78429
29580
69610
98033
54949
31505
85747
40244
98694
31574
93169
67885
26366
45916
55479
78026
20447
6449
72549
30408
56048
95089
77562
9861
51949
47602
85373
29826
74108
38141
49006
23221
79889
86006
92380
54148
84136
30726
49195
95697
93291
70599
83178
91188
19625
77282
73166
11616
11972
30325
63512
34020
84326
36776
75221
14126
3694
48274
12463
9288
32947
56678
8426
25025
68350
15894
16517
94005
12384
56734
53200
20745
27032
56605
33131
98558
72004
43620
30487
30812
23661
27245
52316
55426
9757
65836
20194
37873
46093
48446
11420
99751
82672
48083
60162
66447
39695
33958
67990
51003
37696
30705
55433
39752
71364
66882
2667
55077
87320
88585
67311
28787
27516
13281
98316
20151
42737
34063
46047
76500
89897
57868
37070
29963
25866
6050
53082
44535
63656
42202
91906
49457
68771
22416
47966
81977
64897
37561
60336
63753
17135
31586
42364
39467
6651
35968
63481
69224
35037
46576
51564
57534
54393
968
45671
2616
98869
10478
59530
9574
5362
53131
19153
82769
42275
31041
14182
34181
74825
18229
22611
22535
83671
97291
82728
18836
30450
43852
64552
74586
78471
15575
56988
42084
59289
93094
10464
78313
8479
42335
58263
96559
66974
81594
53407
16645
95748
43975
4621
19881
44984
8169
2595
36878
8259
20056
47712
69383
49960
12795
48948
83041
28895
60448
29421
59085
33336
19900
25237
10217
76729
23534
2444
93774
53607
58061
61465
58061
35402
25294
33435
88905
186
7164
50585
98538
91327
23385
3386
56342
89147
90716
79766
14789
24299
56161
92862
58279
76681
37991
90051
53451
6935
27439
71010
12461
46821
77299
16728
33728
22978
16244
34791
41459
97641
26731
55869
91190
19841
63329
50825
14468
10596
82906
17333
24691
95692
68100
42890
71133
30317
41277
17858
32501
86524
10396
50923
47681
36158
2486
5860
45537
94715
48010
92167
37594
51909
21994
70944
40742
87853
45322
18928
96138
54051
25933
13934
51847
99803
47331
423
47009
60600
42050
77537
40321
79045
75985
5168
55561
31054
80908
7197
58319
96772
7942
45577
9128
9081
36204
77475
47834
43436
33295
65300
10205
41650
81749
77577
38647
78183
897
363
48264
11559
61150
55896
93425
8527
5813
48561
23957
79834
63902
81824
89172
83975
36402
49053
30130
94703
43638
94543
642
14765
86032
25628
74447
30031
15668
94832
14163
23027
96737
95240
12813
35125
48466
29274
48510
46074
52576
79566
58580
8167
98482
75212
24185
44590
99576
81373
67552
59901
63857
38653
24689
56815
91235
56526
62442
78103
50256
67998
85792
32128
21422
69922
64452
36696
8959
40165
99029
46461
55975
68961
98915
98848
7063
83953
86289
81613
18798
75146
58582
19385
52842
2255
46255
50893
2743
76005
15528
97077
43318
72974
77848
22386
38579
72387
24082
17357
15020
56121
78788
81738
92040
73358
32197
18997
88834
99195
6000
64748
58097
72911
35378
30503
82671
52156
71818
2024
26051
22757
14642
86296
79223
47905
19627
90367
99243
93703
31768
92633
99336
95114
57871
27894
12844
61437
67076
13129
97265
17440
52755
5276
92025
72457
96001
16503
20972
48619
31684
20413
30766
87881
65732
97945
70525
65104
10645
17029
96447
55087
42236
55425
19613
16116
9073
71234
6814
45955
24265
90925
10106
5977
36563
80039
90328
73348
49264
50617
56547
60926
74111
30793
86759
8638
61469
59143
14045
32240
55379
84034
34590
67629
85914
40866
8023
45206
91008
96627
29141
95460
85614
71187
91497
91113
24542
4718
91058
88961
38707
66466
86831
31029
55675
4769
55874
76534
56566
72563
91042
15489
38143
82196
45679
64879
30988
10899
15364
19727
1022
32908
15490
72343
35623
75318
40299
52277
56253
16912
66109
46611
35260
7605
59652
44888
70614
18182
69871
60935
91857
64894
46060
23435
3245
3222
28685
68069
28761
30117
76160
78078
37012
77553
81427
82605
72055
2844
55571
87979
88935
53741
59092
18027
99369
64857
93334
79740
89321
30618
48431
20734
52673
54579
79394
38146
55009
30469
1006
96876
1696
93671
50979
74549
49462
90454
45897
10758
77169
45044
88510
86032
31204
365
23912
29830
26802
42252
70759
99152
79613
5327
22411
12256
53517
1430
55356
34088
1564
91941
11417
90360
49174
82158
59013
65314
17567
75591
40791
26338
18834
42864
2997
7344
84065
30766
90311
30055
30719
68475
80147
45774
726
785
73317
3158
50965
93671
38702
356
45085
70727
81142
39377
14636
68779
6776
4763
6590
51001
28861
40411
44822
3457
79926
77387
89182
12153
16350
27155
73509
82712
37192
47392
70418
41932
70306
60986
60437
90175
81965
14240
20353
52731
8901
21148
76341
23241
46125
61200
80427
80638
18536
67790
62320
60164
48951
11807
28025
52734
95156
46079
64460
67780
53964
78104
88020
6434
40848
5089
41298
372
19992
58520
56691
99223
37071
62136
7514
64105
76436
36755
62606
22513
88733
19031
92117
50382
79622
87476
13191
40567
10915
17997
90241
10328
68141
34525
84870
77546
13980
12880
2106
46454
65695
15846
83294
58124
90625
67428
87844
6914
71281
32569
75598
24095
89629
61515
11099
51827
34976
75910
39769
73099
95470
70171
44467
77366
27599
8598
80796
94699
50338
60237
26894
49783
59367
89958
19334
78064
50222
5116
18193
80302
73645
67093
95583
45542
44359
17729
30927
19587
22672
9387
73441
84605
887
43665
87771
50275
33168
76356
68394
15575
70698
92518
26926
28806
7954
2303
75135
67630
59126
85606
77521
63836
49669
85308
80676
43367
41933
68612
26553
18569
13005
88671
4034
91927
44950
58572
94496
56786
49469
44003
45924
2152
47618
76996
88525
6703
20712
45048
4127
19117
91481
38024
70711
82841
49404
55586
83304
76571
36319
75167
39393
89502
873
34872
64340
4101
48907
34006
39307
91591
77693
35943
53284
91517
29843
64753
18420
25282
16382
16824
99722
40503
16387
36015
52521
36601
49639
16135
13263
59332
31640
55418
2995
78597
10819
82816
3373
41290
35030
57094
67041
11205
27487
36398
35907
62968
40879
29639
421
4659
83228
12185
98733
73179
48284
93852
53341
94595
34468
21319
45895
48723
97525
68248
9247
2
97697
44352
82988
68107
36331
66463
19962
82127
87134
84868
10771
41511
23461
12617
60978
71488
5477
81349
60706
49335
93986
26743
50002
19023
26603
76711
3473
85215
47672
35262
28850
15009
38490
25191
98101
97555
11216
38871
5556
22247
86469
23629
45428
56804
65197
4046
34250
79437
87888
90405
60092
41431
67505
2871
12286
9956
66190
23500
49045
92071
18564
95819
35552
84394
62510
41393
97029
47361
58680
69327
75605
6758
23087
34161
65262
28394
4510
38737
81431
7744
77631
87847
82495
31791
38390
4234
17636
15776
12654
44955
42746
44886
56365
7759
80303
22058
27440
28842
66001
83077
22470
6322
19946
38613
59345
53601
439
27444
92262
97774
12069
27486
8791
3870
22728
93834
79126
61448
72192
45080
18792
51629
37569
46921
44229
88395
22545
72930
77625
38886
76077
27841
83531
75666
84975
82451
20667
39733
32797
22180
3007
77794
42710
59972
1865
9679
23984
96651
9319
79595
35948
50488
93946
99065
83356
63429
30097
11617
19221
29084
42946
41083
747
50279
97989
88875
97303
72510
46392
2315
58013
89652
56242
31083
33076
83908
39727
90458
49706
42762
66031
5844
46149
30799
1918
13243
69442
4112
45165
51469
24600
47769
62229
20438
93388
42132
25825
74856
53110
98039
65211
46826
33507
65955
41096
63309
64091
37822
54080
12955
39797
75036
38203
38680
27846
77240
3045
82151
11915
85374
15413
49100
97237
58708
7288
56554
95488
16735
75989
65801
33456
60048
85982
28071
18088
58034
80174
30459
67467
60974
20571
17525
69741
22918
18472
5635
75644
67322
87635
62037
42587
88389
64269
4180
61184
58626
76070
93544
57867
88971
10314
46135
92565
41299
7728
86389
7898
85095
5014
25640
8184
57103
23568
45682
17875
93820
34393
71537
81412
63587
46467
65974
49358
4775
36324
47786
69688
38871
8240
4054
89999
30288
49691
29240
93093
40977
79597
71566
53746
84773
23318
95225
53654
81247
28191
48501
28008
380
39438
31416
47842
71874
91447
57428
89193
1443
38334
98944
379
23721
50119
10828
74145
49777
93039
55393
35839
95870
7409
88766
69358
6968
19584
19572
7614
87318
25032
66300
30077
21852
92362
15634
24427
66756
28492
15764
29865
22557
17797
20076
20513
17482
21727
69936
83773
98847
19194
3924
89236
10429
3747
68424
45867
51556
30460
62383
58651
29619
18424
44668
14674
47242
69465
54140
60691
55814
43506
78091
80562
57149
76242
73574
34972
8964
47343
27161
22795
29540
61743
65703
99482
18792
46025
90825
70784
76607
43197
64199
67242
80260
61136
61739
93544
99968
96298
77317
88332
30967
22836
60988
50842
59801
17830
91127
16749
43203
30049
81222
74540
18146
2655
32287
27440
70740
87839
72042
44627
57938
85950
98293
6247
59706
7881
42713
64792
29618
90071
77966
24356
74041
36549
87360
12929
92234
22561
73095
43976
72580
35561
63419
69039
81599
22458
55944
3751
19861
22136
93923
9650
89150
34747
19480
23807
96769
24558
81947
91606
87116
53873
97357
15668
40976
13156
63455
98447
77122
23070
54576
58191
6591
11004
91748
56607
72226
91021
60341
22403
79560
23598
69079
72039
23193
95535
83824
23733
59450
18414
50901
46113
50961
33863
38512
35358
83719
8049
14687
19061
16465
8306
27613
33967
28234
86245
64639
1029
3210
19304
30819
45637
87513
11831
98114
45836
67989
41752
84618
92408
6991
65193
29066
2124
35717
26606
32040
64913
38532
99202
44335
45052
31804
54646
1922
16263
42434
56627
47221
35612
96908
1935
92438
13947
49529
22732
9975
33181
51989
75152
32577
14177
82764
42217
16989
28037
21523
79464
78672
33796
74916
44607
11504
76154
41100
63189
87496
81394
50219
39727
19875
76545
52944
52704
70945
72471
9801
49418
59672
48034
19450
55850
40699
95718
60873
21448
35457
78416
98549
41364
48859
53387
10330
65546
78945
496
61845
16812
55148
43266
6475
94952
31332
55686
77437
5471
97214
81329
23341
65714
50190
59213
73032
29901
78384
55770
64396
82776
70752
10471
61604
71138
58054
63744
19303
36804
31416
12312
72978
85583
6137
8262
95069
89063
99947
82846
86423
71317
23938
31632
35323
10582
59640
33330
83060
11811
41357
55862
47632
39254
61967
15068
11372
79860
3946
90742
94311
58554
99061
48759
81298
42199
25713
81223
10441
98346
87521
13530
92462
51484
99075
11420
55191
87554
81360
12497
15143
34279
34413
98454
12317
37726
13737
90719
37072
25583
19792
57814
66389
24552
19401
56033
19638
50384
867
19317
98502
5351
23681
23059
25253
46328
13209
96081
33011
58356
39291
84717
17328
57715
11044
89543
61193
12316
17242
62186
25537
76007
45271
61522
94417
53336
85055
23983
70477
40754
58187
55063
68682
37000
9400
77982
66437
84890
76183
62331
52958
12758
30285
92316
76627
36582
34122
20568
30617
27494
64147
84041
48594
89451
31244
44386
44607
66483
20719
90555
69893
43461
86436
97795
68657
14429
51674
62223
51866
25505
2282
41592
8783
63991
4173
13298
43916
25697
4177
86977
31165
7014
39989
20241
62112
5887
85805
6417
56388
41302
44494
29169
43003
23918
8462
60912
32526
75937
66016
25522
12829
10032
85599
4380
83371
25667
67226
71590
30975
65952
71442
47889
74583
66576
46297
15109
1757
89222
84538
6061
50673
44204
39204
9902
75362
70094
20572
3559
33984
11162
6256
24417
57767
44576
88771
96156
27955
7419
62857
29864
60806
41759
47368
20279
69093
16275
75454
77768
66228
16987
28416
45757
98393
92550
37980
69670
38092
21979
13085
65689
18671
78671
12334
41697
50874
17864
42542
44779
18927
7942
37503
43452
84816
43080
6207
84699
84716
48398
60007
50857
51178
95506
18484
35039
72534
31523
22750
68942
40654
56174
57587
76619
2878
70766
1184
9012
63663
46857
11944
61476
18401
4284
20888
23943
67374
38908
84478
76043
57203
6083
18225
56701
86968
10747
82627
30739
58608
54545
95836
82756
84036
5735
47731
13848
50710
5650
53025
81022
54613
25430
62993
36757
28045
89059
77006
2056
51174
73195
55359
92881
82477
47005
72979
8271
11713
54112
98795
65600
31166
95034
70311
43654
82764
59073
43364
72673
17277
29442
88503
31221
8744
20601
29653
74041
37319
39814
73634
38967
5415
16821
36958
87587
23871
56456
65659
91971
42638
64968
10094
55380
84468
77305
70715
82615
89012
37060
71943
5180
93088
21763
3434
45226
49840
41035
31500
85164
722
85540
69455
24026
63871
83174
22198
60563
15063
70221
17537
80150
12566
92351
58477
88537
59696
3700
97878
4464
16687
86666
86582
47683
9404
77768
88282
1694
15269
38688
98563
68378
27168
47238
15246
61963
60480
60046
92473
39646
93706
35962
90129
49067
14954
26835
3465
69042
36190
48633
49972
97781
53133
60913
1103
94194
29522
8184
75424
46396
72691
32465
58611
26168
32920
20113
17076
43418
54833
14004
56530
63457
37947
15775
74611
10685
99233
55444
58823
75985
59648
50788
88065
51273
19098
90047
61863
34396
7041
43624
29924
55019
32687
61255
9060
94069
78737
85579
14294
11593
49342
62576
2656
32478
294
67158
85419
5172
49352
27694
48300
2433
19687
9992
40935
17480
24044
51391
17566
87760
76527
3971
24526
1577
3335
67449
76225
65349
15572
93758
73966
29640
77518
10781
40100
70906
888
4488
24589
70797
41542
40431
91063
54079
33421
53139
73783
74298
78270
58501
9142
41676
55818
32333
75161
36963
87860
27842
86484
59721
72800
49524
75614
11598
55242
24848
76431
44357
334
92252
81354
52737
31758
60459
38298
65344
1067
65394
38910
64441
18233
21663
98266
91889
30946
36858
11915
89575
84929
35564
44460
7976
48092
16441
76426
62049
79244
45434
65083
96697
3001
33552
85186
42956
16093
83793
59753
10896
74716
41617
17771
88971
81281
25144
50098
37525
16271
53009
71252
60211
98281
98076
56915
36758
91804
51109
52837
40734
87577
87
70355
93999
60560
43214
77214
46785
87519
4644
25587
34913
28845
82629
85753
71103
41774
99901
91485
95152
62031
87030
1661
47298
32664
81306
21815
45701
13419
96492
84822
40784
694
19353
50075
69927
43641
97066
77734
85022
24058
77282
97319
2468
61290
11789
67433
17639
49223
31054
93927
97136
21453
40100
20673
1422
10988
96755
1868
21443
72635
80216
82760
36807
31771
13804
90730
11938
6062
73868
66084
95022
29082
53763
78305
25923
88195
84927
6507
87592
24475
57114
30963
91341
74301
55583
57882
14841
43027
57471
17231
75536
17907
67858
60751
38100
17584
55953
60170
82558
55373
11236
59406
33469
32724
92770
95675
66388
46546
98510
35896
79468
73948
69861
23336
64747
94779
63744
64513
40383
7804
84470
51805
77705
18722
62095
73710
25619
41150
89125
30452
4590
35560
85006
96887
94244
35063
9418
65662
15448
63813
56926
2343
78129
58913
67762
16277
7155
6834
21492
97967
68726
18107
42266
34852
24928
36804
90604
96541
54177
13722
44797
14879
53976
43550
27660
7838
40652
70120
30711
11182
29339
29562
76605
91072
28554
13456
35675
36739
65854
22883
72485
59307
52919
4770
70626
8767
65359
23803
78060
45745
30189
58198
57788
82813
12067
11687
21133
72569
93832
273
66376
96790
33044
18262
17180
16711
76819
20779
23076
86397
83237
33565
50365
29124
1531
50524
9967
86207
1760
92132
42691
80935
63951
24543
47698
31137
66820
73525
77440
37908
12197
32959
19452
58992
30238
24467
64300
92352
4201
75654
96551
66448
22097
44497
20721
38194
4399
18028
89582
2222
94470
77567
4500
85303
50260
3538
47973
23717
42413
65180
56834
8062
27446
9318
76115
78546
74190
76901
56149
76649
28383
81128
93645
51185
66103
69997
94727
24960
4663
82135
80814
95315
24649
46181
13220
46967
79034
92148
4981
72055
81235
89838
37895
86014
12010
89868
35352
12919
35689
56990
67437
59978
79141
96288
44000
91706
2672
21070
57060
17261
50462
35692
63337
73838
42489
58959
20752
87357
82921
90058
33582
58406
2796
6784
5146
24613
23959
76885
35578
4381
7226
20763
35828
83422
97274
60647
83159
62688
97721
67119
38461
9493
23797
86509
35530
9345
97228
37747
41316
94216
69880
86004
46548
49084
39285
65077
54595
31327
65974
28289
46572
95319
14362
70145
51531
72489
6093
89083
90133
74585
26651
41739
32399
5549
90198
86113
67621
87012
1112
71315
65783
5272
32781
3690
60848
72743
55850
30173
43813
1072
74898
690
12891
10732
17447
55718
46909
29563
18580
12894
11360
62663
58678
37879
32236
40878
72037
8038
3534
9437
27982
35166
41009
79629
96330
55261
17661
92860
53941
28332
2101
74769
18489
12883
75232
35025
23259
95388
62785
23851
37981
38720
79464
71102
79336
43066
38090
23428
12494
48780
13654
32500
44599
30170
72348
66084
30332
48919
94897
40863
31596
78149
59317
12394
23032
34023
88039
38169
70346
83986
74458
58890
14165
62335
77881
47821
1782
74054
62634
53033
12524
40578
35115
20712
67489
61636
89236
15971
5164
74447
13043
84732
13547
67670
26795
20605
710
81591
13356
10889
26588
68987
58875
37945
41536
11418
19993
47433
45117
13695
33204
21601
76746
42017
12242
77739
74692
30856
75842
94648
23579
89537
65658
52733
11512
76176
4852
30107
21320
61212
50741
10182
98958
55385
65685
8397
55711
7428
94644
92369
80956
1073
26517
94194
87281
99058
6745
38178
60107
784
22153
79065
16467
75141
17855
12506
99066
73868
94046
55597
43662
2207
43747
40264
76536
8980
74014
32439
82698
75419
19943
92502
53177
45213
33751
12270
16346
52834
26810
96360
3329
5713
29478
20689
79679
94257
35401
93826
30171
71057
26792
18379
56977
54232
69035
21697
5753
20232
42690
28019
97076
91041
10583
83877
71725
99650
53377
16497
1742
61051
15776
83378
61056
97355
56522
6479
15454
91379
15078
57921
17409
31440
6362
4067
28825
86281
93907
16964
32895
47568
11270
98276
48762
15383
36715
5136
49525
44123
75046
7365
1097
90594
1785
56028
49439
60025
96753
68821
21920
27156
70664
18312
39728
68242
87556
91795
20144
99196
14034
10102
69172
51093
8529
23969
58053
45861
15615
88388
95869
31603
70703
5444
30847
76954
6305
94501
93851
92794
99143
62281
79387
98641
19478
72773
16908
17460
88884
21533
33601
24789
85178
68652
61008
78834
92325
22606
87142
42434
24589
78217
8022
79221
48596
89027
48321
25333
64012
22555
711
5209
40970
19619
71715
54242
29330
47371
46884
14319
62297
53051
30307
58748
92975
23109
71352
15696
49516
47859
61396
21103
98507
23929
66585
57393
207
2533
43413
66012
37960
46198
64513
83067
14133
352
33567
41660
68322
17152
16358
87381
76168
797
67887
70485
32822
35950
92783
80016
87027
71506
36404
55220
28405
5879
97152
68376
92267
52602
95104
54184
61170
31966
23086
24212
37956
61773
39896
23999
32349
64845
50694
65715
52531
32131
32291
5457
63570
66045
2156
36083
36207
14492
95504
66928
46799
86970
88553
59307
68560
58589
11524
20304
59547
73055
14322
90575
36474
49502
64625
37153
79151
86454
82453
9089
92987
69436
95381
53063
10039
70444
40367
13496
10009
56487
93875
74309
42468
90715
94965
52095
39044
34307
13135
22307
89927
51819
92569
75500
66890
91411
68939
62414
85013
94360
43938
90416
87325
13776
40499
46920
25913
54594
58618
19948
89833
85906
85373
94650
23086
49124
69517
4991
85135
9069
45443
11114
98051
54892
50111
82327
67531
23539
51135
72127
75011
34399
94527
63493
49100
42476
58674
544
93622
98082
65343
20293
62402
80886
70893
28923
9345
51863
63096
11464
76945
64717
2091
77978
36737
92748
85809
79483
45571
93176
53438
86734
69862
51099
25618
63861
7887
87281
61538
31810
95540
99232
9329
84020
86457
14339
203
5370
13327
47363
87471
91321
44821
98968
86067
22329
85189
70405
42892
60946
28779
32588
69462
40117
13400
98355
70824
85844
14955
74835
49350
44666
4788
58052
73985
52898
81850
80621
95049
25609
69570
78061
17436
70299
42316
39442
5565
52355
70520
14230
34073
78355
96737
67464
76738
2704
53318
28574
93758
25677
5458
29134
21088
59185
56537
45746
91703
38028
54580
58777
77398
69745
48696
17996
51752
97335
15216
25762
34250
75884
63306
96925
39764
55553
77964
75518
27853
54929
75327
98485
77369
19062
8965
77518
56039
15541
73215
24887
63985
62604
58632
48446
27390
63714
3510
2168
99287
31973
7431
75874
56495
57453
33173
53795
69210
38588
43985
79265
60430
13825
82311
53296
5515
57530
58364
68900
8810
53413
52093
75945
60623
16436
92978
81948
13009
23293
88901
95319
18122
54574
96744
24213
2456
2325
54710
58645
53330
59757
89188
26922
93083
54638
73129
78292
19629
42079
49819
73175
13186
52421
80338
13811
32492
39163
48029
95688
18774
72190
50800
32680
40830
89644
37145
74406
11017
60804
30333
24391
67275
9796
7133
99732
