api2_id
30933
63514
48919
74982
85259
39439
55157
77849
90867
37459
73514
42043
61807
83838
96013
84688
7249
96741
17833
2992
48331
2955
2807
30358
38882
7504
10419
44845
24005
99596
19288
76071
87666
20148
85028
85212
51157
65145
32165
24694
67221
94612
32184
63017
34182
42807
71679
17119
97708
63846
69721
14074
20317
29752
63212
34951
18354
13684
8320
67319
91444
80780
75733
47873
19843
47174
6170
69123
3983
7006
12909
30210
56510
71802
27439
89256
4256
57854
8005
13816
15456
54109
56809
696
23702
21277
48643
63409
26189
74174
48690
54993
74571
28642
50286
42225
74565
34798
83167
38866
19200
93975
93463
60383
32775
62043
20510
86584
29528
75142
98688
18524
23272
21980
48952
29980
78069
34760
55644
95927
16470
35276
65660
76388
56754
7546
11947
71164
12391
30558
69839
33429
14974
4610
99325
76160
64764
72069
6473
40927
83823
66212
19350
20679
88053
15655
45084
57836
94007
29902
62207
36590
39961
22700
63209
19151
82351
11737
39829
78068
26694
79655
99644
37770
8429
71256
34588
21658
73691
29136
59648
94907
74249
1046
83516
94686
90659
75587
89314
12157
68111
14325
41969
99209
17582
96939
50064
77076
61195
65888
97619
71762
10538
3660
51443
37844
79964
68925
76295
34974
81587
39965
86108
92643
58449
23613
89879
5853
58024
33774
99243
58534
36699
47019
13881
90998
60153
8891
47116
11945
3390
15793
77080
70690
87039
52182
47660
24505
86690
41651
68491
6628
85867
24329
47464
48598
73423
96094
19664
38169
98197
77136
67684
64735
32444
38165
77827
45
63046
20462
97483
29902
21345
26666
48133
75535
7646
29383
60613
30811
37750
24184
65256
26999
30096
18771
99926
34979
44292
76631
99949
28782
31145
58710
83333
65906
75883
48905
43999
15918
26030
91025
27671
67119
64397
42651
76593
72993
19046
95270
7505
33524
30634
8878
74539
89983
4430
57949
72366
42738
99909
31889
12272
76055
38137
96132
70880
2622
21161
32495
64482
84544
48482
39037
68889
16587
73895
62149
32649
36100
90284
67424
16295
49844
1533
42123
72199
73444
20456
63752
47769
15578
64243
28901
98802
80776
21608
98154
67019
48675
37196
78936
35968
23809
69238
42372
41624
2364
56165
77470
51331
24435
41262
50290
25747
35598
85134
32776
77182
58566
12613
81742
97184
84688
25356
23510
86979
76812
85124
32305
54871
17053
2892
99261
34494
34024
72377
21478
94388
42300
23311
34565
94814
21571
42591
60
6051
7718
68763
89630
36451
18477
91982
18484
26264
57139
90153
35812
31433
53346
57083
74144
23947
80557
96136
10924
52116
17922
2818
15591
98332
39037
82403
91219
89731
86004
37177
43426
11248
3998
73139
36890
54210
4901
22666
73112
4420
943
53625
77459
87446
60586
72508
83711
23927
24359
68445
77607
6097
93399
35255
59308
82229
40758
82301
55714
20819
40872
1549
52686
95263
25349
99250
28967
94072
60879
6450
4605
28620
67844
43462
89581
18881
56270
67470
10527
84470
17397
32821
84695
59458
7407
41876
42328
28410
45064
38305
20795
99933
31911
29011
99587
97284
10820
21380
1816
8212
94925
31591
4971
8816
18429
50198
32190
95894
41607
34605
10413
4867
28000
86393
29297
78965
38815
32703
95270
84054
55268
98917
44973
32028
2793
19624
22663
60407
5559
41171
46019
21793
40218
76309
52066
23544
86002
98240
9713
30142
97177
48100
93794
95756
164
77931
76125
73788
68915
69936
42945
15925
7418
64406
9382
71337
85652
21184
51454
32961
53245
47275
81154
99737
72673
55854
34868
49438
61834
64636
89891
31373
16422
96044
24903
1121
35080
93090
43803
12629
77698
82514
6434
54494
66780
59758
21370
91616
11200
98910
83416
54905
72651
55839
57229
62306
64278
45360
86772
72274
39154
89552
87583
54052
37088
76325
38768
42577
11244
94740
3844
76843
27370
56424
90760
38804
28290
1322
91584
19089
96416
9279
47428
10815
85304
5406
31224
84852
45869
35156
20329
2731
79088
44947
44373
90790
73542
451
10398
39200
1080
10385
785
53395
97231
77294
98391
84390
80892
90328
16426
23859
36929
37684
35947
15920
24915
66025
81311
34257
22941
91544
37812
70057
20006
42805
38453
61725
91021
3184
82435
47600
67201
54443
72801
55357
51610
36519
52422
92121
98241
47745
30107
37387
86982
14586
46681
46483
31897
70246
47493
61849
36419
56311
52342
45060
60477
42523
62868
96525
87095
76469
43443
92208
61020
14576
28677
68985
64745
32759
85621
61260
65130
39437
43207
12676
43786
31057
23
73322
8748
11922
5565
91708
64763
6562
76560
11590
89512
42147
51903
49660
53982
11508
29160
74412
22793
23199
90950
46273
25696
57581
74133
74426
54778
74716
46104
6766
54137
79802
87671
63388
85952
55658
38542
61273
71183
8181
98248
95193
94322
36886
17729
58532
71106
52037
74412
39429
21919
89926
35816
52786
74683
90398
50921
81602
55157
33150
69938
27339
77577
8366
91273
81973
23746
35223
30019
28989
54116
90431
28099
35388
64749
49220
48541
11535
18279
21383
81616
31384
59508
69212
95210
34928
8559
74893
48715
13340
58499
86153
20670
98262
77864
2653
99960
44334
67275
3595
68162
97515
49711
54704
14120
95420
78616
95190
72246
2226
24765
25241
82379
50301
81213
33280
2866
73755
87350
56490
15348
74588
1064
75584
83837
98821
32845
10530
99044
21422
72646
74609
62509
42351
43060
16276
30690
3754
29061
35272
85458
88225
33746
88522
30332
23061
89395
7020
73776
40445
65655
96523
26895
39831
81679
44300
23763
33191
2648
37848
6205
44149
70633
31217
85009
49187
27230
57055
23157
4164
67794
92310
45024
14766
75604
62845
85102
96965
81173
91881
41812
52695
3591
36758
151
1663
99250
41125
57456
99317
66812
74039
34639
39707
44686
57070
96589
44318
54950
89165
96717
93486
32799
35925
19888
55317
56463
17103
65730
56066
53084
22413
33543
13708
51269
68414
73083
47665
54990
38905
2317
17327
15861
70381
69207
66032
15339
52927
5317
72350
33845
42249
93457
37455
28151
62900
83237
67399
57248
21651
54460
96738
84852
8056
44427
87100
37503
75834
3728
2130
64613
10636
20599
77993
32852
13068
90448
24759
88428
48414
27718
29675
23230
52820
23241
97894
89718
23409
76675
93602
44183
13743
36995
37805
21656
72823
66977
18152
1436
49774
80215
53257
48435
8479
64254
4503
17149
29867
22557
38699
27289
44560
45573
77470
676
78570
37788
22033
12521
58557
22141
35485
98275
21152
76927
36994
77268
31837
51433
74598
31632
27844
88173
30452
51008
8194
11382
27550
32620
87003
10907
94393
14825
4822
52569
26012
67646
86342
23117
38073
42484
79420
19498
89291
28732
39488
40167
27110
17971
20775
33616
96965
92121
60883
38111
65075
76918
78235
83848
71529
80813
7359
8326
52899
73323
68653
55128
64692
15479
27488
56085
58299
68379
30912
79779
87755
64560
49105
19518
39317
76087
28893
72513
46705
14490
59958
22350
90027
93658
47498
81919
73947
19949
39182
61072
40031
45532
73755
85492
79411
15175
76782
18801
26199
98238
59991
59210
25646
28622
93255
4606
67489
25850
29895
74627
61522
9862
56916
90132
73308
13320
3018
63967
97510
53946
61928
94997
15433
96792
23390
95148
94492
13786
21515
95309
63114
43576
98135
10660
27383
35454
70758
27248
85818
19614
98223
34909
47135
62638
93883
22143
64929
38680
30021
78023
73479
687
30390
2940
24408
58574
77639
9080
35709
81447
18003
16288
25138
78251
33921
56981
34832
5287
55159
63168
13409
2267
98957
67657
92196
20906
45901
51628
40709
96118
33434
78126
13562
78154
68721
3133
8542
82669
35059
77760
3604
92234
13647
84326
5593
27687
22883
5493
90874
2247
86745
46740
93891
23164
10715
66408
23845
88824
13094
56081
33612
25230
35918
92777
93170
11012
562
44977
19555
76251
53503
7805
53926
4681
18400
53541
77409
46586
99845
24492
37330
25125
29475
60870
87973
12783
97238
6945
23121
32045
21238
8353
94147
73463
90266
3032
96853
47563
7775
68542
85502
16279
39566
39731
81186
68097
41197
7800
80503
32424
34042
13448
30381
23434
90118
13054
92997
91707
87144
31709
55187
47413
73874
57736
73249
41319
96335
39579
65350
89184
50749
63041
14375
86267
23796
24682
25344
87693
5665
31610
65604
67440
35320
15429
12005
74348
94424
80379
71299
99804
55040
26999
71009
40136
62852
99905
12064
49946
17220
6905
37444
34917
18944
17774
64467
64311
45063
85802
42473
84355
12351
59862
45663
77847
66407
22844
21176
54073
48120
80755
27676
3395
37915
61511
91813
71946
94285
14508
1695
24633
58444
57688
79525
47361
40142
18554
29424
90903
64101
77871
22413
40139
84891
8575
77413
87928
57802
9264
1033
86271
64415
2482
75787
25625
58953
77696
50752
16540
54783
84299
70131
5817
42894
41050
66858
73931
47738
36965
86830
99472
52900
56022
86556
47375
19054
76690
24378
30358
85571
7930
46901
32081
84191
55751
35804
47535
57750
28545
10452
77082
32716
14417
88102
24468
35616
45079
28001
58769
24860
88049
5220
90614
30273
14916
21500
41052
44293
44447
46059
49235
48303
93701
97321
64471
51032
63061
85079
6041
23135
49714
40820
4407
66632
71840
93466
71945
59801
70460
77182
30216
59739
54415
59233
33452
54552
52784
42447
54874
67389
59886
55327
84669
66339
76023
38158
84717
91964
25201
75873
6582
88729
15854
98936
3632
3187
69188
94845
76467
93651
78851
36584
92461
72078
58491
61811
19618
32136
98583
16009
89019
29334
32764
59974
58833
67594
72871
66817
37751
36716
78186
2750
66988
81011
93927
5601
15466
74145
65784
73110
13666
8072
18920
91570
83196
96734
62520
17659
68413
22008
69942
21451
30586
99365
47135
98076
28582
35275
19045
79833
97414
53732
83721
92723
44051
96968
48871
49833
12958
25771
81828
83930
42485
38103
47257
78536
88328
75990
20981
66332
5464
52396
1920
60244
22892
28579
3250
94128
53681
31651
69578
15009
31431
69956
57738
19872
76304
32215
97983
13533
97176
41929
93855
22428
98380
92564
67757
61319
29234
1782
92220
85631
82514
3004
25690
73276
73594
87553
80919
90096
23590
42851
13369
7797
6744
31358
71280
52546
37714
54857
99385
62363
46241
18172
4407
32080
58184
76166
84642
6912
74932
13725
23647
19328
8003
76544
67371
12265
28338
23439
83966
77827
59331
13805
21137
36849
75892
34779
92159
27224
22908
37629
16936
4679
97298
5140
73609
33149
55821
16468
74236
3784
94016
71675
65379
25626
56777
61145
63197
18555
28859
55007
72911
33124
51661
52370
28018
64764
27367
85362
5755
987
310
58498
48325
97535
30898
13510
43529
67706
47425
37053
90729
36199
57701
16052
49017
26186
44412
46521
78896
77873
82393
73567
16916
43114
26218
13600
4540
67221
97663
64973
37069
54371
41483
59675
50864
28966
94702
73736
93252
34667
5689
82982
59203
57969
62165
50509
95324
2134
28593
13490
89090
75204
94400
65405
1991
5233
92412
56327
33293
76784
48770
55656
45237
55054
5356
90068
27507
82095
39447
65032
82864
1512
70614
90733
30295
16459
60642
20255
69924
23000
23204
95500
92785
69857
9443
84047
64411
25039
36127
10706
32207
2155
93995
93692
93934
87631
35158
39401
84258
62009
24629
53092
75547
30409
70349
32516
54520
72901
67373
70887
43825
98606
58813
40582
59010
84760
40221
37006
79837
27114
16913
56308
81514
47502
70392
52261
34485
41043
25502
72007
41653
43597
292
69968
12723
69388
78598
39797
19468
85386
78954
4861
3361
28803
85160
20198
80836
96261
36115
9705
71486
24093
74310
36220
10747
23741
24616
89694
14399
15590
80155
41874
41418
29817
54139
21330
29095
76804
39240
79609
61581
70159
4794
51090
9216
9035
22229
89857
51833
82048
58399
30074
18727
38097
32018
75227
97875
20327
87266
80993
80962
74352
94145
66376
82437
91375
18342
46065
68893
12390
78411
75212
7365
17123
89605
35338
54474
2571
23794
75204
81386
26687
1849
13305
46269
99358
74406
62175
68231
36117
61709
9693
28065
49853
51320
54922
87534
11454
83116
42400
17258
64727
2778
40269
53636
96575
17040
28734
70361
11399
90387
63829
12658
29795
68755
3687
6032
3883
88425
79535
94086
2682
21221
65210
1848
88178
94202
39147
89092
38325
48308
55445
30594
46862
9872
94914
54721
37814
98241
29384
46479
8721
52004
61780
61320
33619
68362
65019
3395
69864
87206
7607
70929
69524
33630
10830
82201
51416
76247
59549
95521
7257
20031
49935
49200
56055
95824
45326
40924
48793
28304
68272
71758
45401
67895
4116
29371
18043
38163
18509
29645
18318
77065
62095
9488
84434
85792
52040
90844
20509
81620
29832
10222
75212
37227
37927
52443
21291
80500
73237
82596
15600
99344
60746
9915
42508
63548
94685
89903
21632
35663
20740
17701
99293
78927
47467
86902
79723
64374
45762
76913
4258
23082
61211
25923
43647
43857
65232
16485
50902
38280
82025
21320
4008
87161
89324
12572
49020
19414
9019
88838
66243
43780
3625
25104
81598
74200
73999
27421
65056
56834
47260
94307
45642
34507
70974
36960
77019
79447
18701
96211
60718
50351
44733
32803
1932
38029
73578
85215
44728
66963
32792
56424
45026
46050
84689
9939
13762
33801
88631
94437
19532
49765
43934
97564
59484
14747
61751
1577
1837
33681
75885
50056
86557
56596
53315
90412
44478
41969
1698
40945
77111
61354
38793
4570
88289
99822
48260
92488
11828
37317
91353
86693
27711
17902
10316
12461
37309
46130
1153
5338
28598
83971
6404
84000
91906
64780
87223
62480
11967
99936
70761
15102
66110
95594
95422
10048
99082
78280
4636
61485
43843
14308
95390
65411
80986
39394
92315
82462
1919
1830
92957
80565
57757
63120
63837
10582
51027
63525
82925
18912
2948
69294
92459
61795
79472
46693
83894
60271
9965
89916
82953
69277
94912
67602
98413
84837
39685
55858
45974
12765
85152
99102
59920
84252
93414
57482
22673
90155
89647
13583
76812
33818
76302
95092
5361
1800
18555
47670
39214
51456
40739
60668
31992
19566
26905
40604
19434
2957
24350
73157
74214
42756
80432
19228
81326
93368
42193
13218
38373
87637
94361
86003
57343
55520
20167
79276
62608
68442
74692
42236
55447
19746
18149
1475
27412
40116
96995
67978
91196
77832
4171
5466
36700
56319
53650
13818
88031
10034
42441
73315
71146
83914
70964
28742
47030
64776
43467
89738
69351
81653
12193
38730
97022
82614
80979
70334
66436
2579
30766
58036
7470
15632
10774
46882
32836
81425
92240
53042
31624
90957
18548
35965
16612
22521
89647
63296
67753
91161
37048
31079
93241
6582
64205
60595
5396
44166
68965
31663
35260
28201
74945
41092
4864
12496
44007
41758
90332
78583
41511
67499
82485
80767
48722
63005
84820
70822
34055
50371
5652
83722
91094
46542
62142
87530
95117
77974
39635
36347
39575
48122
9684
57546
99962
7707
14608
27967
36687
18005
37201
5328
63751
50038
51240
79392
23892
13207
16009
55565
32689
75180
95096
68069
36669
15032
11475
75468
18661
86240
19708
39121
71759
34577
99994
70860
93318
54248
47424
20662
61111
64282
110
96298
53858
82819
80151
10142
13003
67955
36877
7740
402
49402
42597
16557
86528
28686
12510
59966
82578
3810
64246
64909
8129
88119
80736
96741
3640
56720
54797
82025
36727
15244
55211
22442
79863
86175
48415
45919
80294
94006
89346
3159
44904
19814
32385
66812
81086
16087
96666
95683
30554
46455
1223
34054
31677
49194
54128
94437
5461
76245
33838
68118
30191
83831
34121
21081
39451
19865
20483
12063
21781
94489
99690
45128
19544
26551
29533
62878
110
75357
77154
26469
46155
2306
89249
91476
95335
16302
78081
60627
83907
59757
88481
59559
34977
40626
974
80174
41607
16745
28629
50643
45791
98282
95571
32838
25579
9346
30453
76155
57937
17496
98216
49092
29706
43114
30164
79824
26243
83910
83196
6752
97176
51734
13729
49583
75704
1882
85762
13819
61656
44952
27032
63654
81020
79382
38675
78347
59641
90309
69578
64383
39142
35490
72987
89638
14151
98462
68463
50184
97140
49971
90911
23055
24936
38324
38970
44192
8623
23101
51209
49924
49263
51536
49990
44805
42736
21372
32290
64097
4607
86331
8051
13000
90343
28607
16042
66365
26777
89443
55020
87058
21655
38894
28779
81776
26777
28043
63766
66253
48726
86679
11741
79614
12833
89070
31156
65254
2056
17503
44022
10459
90824
65748
9690
2683
48939
39104
79277
63845
44456
72048
95815
8032
91011
29703
60990
17948
87941
43366
99108
92111
68695
26303
60888
6638
41444
34407
6947
82020
20969
68713
49524
10274
52108
47145
71095
78926
22013
52956
10808
6989
61957
73383
39365
76637
77997
95836
49584
33071
59386
66753
97238
23475
62177
82338
66709
64929
90200
54532
41611
88367
93492
39289
80448
27101
75421
10692
34328
52013
81777
94967
11097
31982
8178
56343
18836
16504
49086
71364
42002
87512
70215
26308
43604
62832
51377
17196
3921
17384
32454
46919
32303
34415
66462
30075
75203
86996
16447
46514
4862
94979
91281
69393
1931
1079
1819
11064
22059
43223
31896
60124
89462
20689
11138
8250
67559
54325
33367
15412
54541
23238
88254
31257
33034
706
88463
20762
91679
908
54419
41797
83454
45900
49995
77406
59308
93429
21145
12691
73041
16521
13822
59580
91399
72213
59574
53644
3246
53563
56320
3826
62704
2723
26622
15011
49714
42757
51332
38890
4812
29545
56489
23668
20998
7451
65165
52191
99568
76014
45275
40825
85363
52282
16930
97501
73435
86019
35964
29421
89920
5186
31525
10206
18424
32840
56569
86743
38541
34673
57851
16946
7490
65796
17778
68101
99481
1892
43057
38951
79693
98217
83851
61252
87539
89958
23859
68016
81394
34433
37086
92374
9944
30564
9434
78766
226
81659
17111
62306
18651
47403
54685
1600
84078
98120
96602
54125
98528
46031
1439
38712
47078
84537
23290
24600
42119
94351
72161
50767
36139
2853
17906
86572
51753
59570
95904
82403
1254
90961
17596
16503
1602
52329
90422
9997
16890
64162
19712
81332
35649
21731
69064
20306
58407
84860
47457
59304
3192
81967
59471
47566
61035
53170
73403
93829
23226
67170
76172
41444
30623
35113
23157
97843
36654
28178
7472
87795
44043
20274
7014
45265
83951
14868
64588
16733
82728
31717
4395
74095
62680
95812
72676
22142
61620
38226
13914
75606
60997
35139
14797
67820
46693
17309
53746
7134
16358
43260
88629
50233
12278
2483
47133
48754
4593
60801
82571
50582
47851
78257
14893
78017
23056
80695
28883
11993
9343
99964
94318
89774
11823
6525
52057
56736
78260
27623
76823
1848
49107
88761
68169
41496
64622
20457
55097
86723
30311
43480
58701
87629
66330
49720
26211
87950
4301
36219
85108
43833
21608
6107
16620
97056
81555
80024
79000
70331
56241
97229
16730
53875
63039
84987
71893
50565
34035
99016
4038
57246
45562
51056
9626
21197
29782
10578
10608
27611
75279
98452
48113
28901
37255
25053
94170
66563
19143
22510
66496
93751
76833
65079
81585
24178
39042
98327
43859
55044
28969
49138
55019
1779
79829
28457
30135
6776
83460
94484
89630
82454
12025
13429
29393
67221
39250
72559
95818
22957
7116
71603
67746
70276
84533
2000
77258
9167
67582
7014
530
21505
43637
54333
14161
67664
21507
39784
66552
1129
98566
79407
24383
57962
40420
31830
78715
57174
92925
84214
909
53135
21021
73854
69814
26449
35603
66627
64400
44595
53033
32459
4045
6598
61902
37977
30180
49921
9702
84199
36862
47010
35225
52789
91503
45871
53438
4984
38963
97994
21901
45548
1147
27809
77880
36512
49336
85953
53602
69156
72059
24421
45272
45734
95304
19262
97540
89080
53233
69983
27450
3453
58786
36150
84943
30712
6160
67684
64341
66188
26654
47020
44365
90123
6374
67296
33834
80094
26524
39897
33005
81035
6160
66051
32295
64866
23010
89953
79075
59356
32241
62775
99960
1269
70254
67247
18417
62128
96794
42262
91618
84754
18173
94793
65734
16664
34987
30629
18447
68250
47459
24742
27745
98444
17257
1865
88157
13361
78302
20908
74714
52118
12161
68436
76573
6247
16281
10012
7751
25274
64640
50043
19757
1120
23090
19116
56359
21710
94284
52224
29272
12409
79497
78911
13203
35126
11847
44205
35919
26637
26291
88747
87956
40069
67629
82294
4021
61719
75190
34524
81757
24774
58313
87117
94893
67580
86699
31736
5298
34151
94629
31503
94447
86041
51065
76707
87027
70918
27126
20265
47575
12728
99648
9480
90702
6909
52470
50112
56887
85487
61461
31412
59782
69088
92565
82432
89165
25235
35799
44396
77636
16044
78766
24389
61178
15457
26861
74012
53550
32673
10883
89111
14171
55431
97926
97865
8983
65591
41534
70519
21279
11172
8456
74852
28178
4028
52432
37501
85854
32
80901
80022
5663
83935
43459
14797
91147
66783
32503
29103
98979
67257
22987
49914
92748
78664
35342
17708
55322
46868
8720
7949
2844
38967
6743
90737
29219
72488
93358
81817
72615
56147
40290
11462
44238
61014
52369
45237
86626
37366
70891
50435
84836
51442
74089
37407
36564
92472
7568
54834
9984
37176
54459
34724
31967
61742
59287
71379
62586
5293
20127
65142
7748
76692
63706
86106
50763
99709
65471
65086
58233
61973
61250
89172
85541
54731
13970
69262
95604
51705
953
87951
82062
59676
39451
76709
48641
27282
98469
70449
80735
83311
47369
31297
83875
33423
90866
60545
28433
88746
55461
629
22061
23565
17778
65112
85325
22515
48992
80758
66800
58988
15094
54324
93198
71199
89544
69659
59530
18437
90362
18626
80096
89205
46659
64312
63649
68647
2416
91128
46106
84024
13437
93819
89600
1173
67463
28877
90636
26368
98561
44204
81700
68541
93548
85725
2564
44561
46308
42733
83789
14175
34511
14600
39815
67891
6288
96386
42006
11141
74240
3150
6744
1263
33586
38756
28270
6585
14134
70654
45697
33534
46943
33904
63763
47007
95949
25470
48272
58846
77657
48406
32376
955
99987
67141
58723
51076
15402
84230
77
17138
93229
50442
68425
37624
133
6522
82448
39823
82533
96900
67331
64995
62968
48771
33748
72922
12724
18428
16088
11621
27272
28343
86449
84972
14456
13964
31409
94619
36185
25539
33263
41308
80879
39002
78032
90189
99766
82668
45877
92947
74229
25578
91221
75012
56221
49861
83640
84153
8418
67950
24638
63445
46854
38239
5000
76393
74376
49180
72473
10928
3139
90149
62874
20786
98479
5181
9172
188
31137
73879
7599
92076
26505
58225
72617
22336
76354
17332
43614
16199
26062
12783
77241
63211
92230
82785
59770
23716
87012
42096
77709
75210
66185
51409
22234
36276
23756
92573
28934
67400
12998
86928
72609
96373
58532
48886
84605
25074
76413
65217
45300
3931
5069
58870
89081
43302
47012
35123
97100
18684
18247
38683
90170
61890
29834
85875
98886
5600
72749
45913
49899
75463
91882
57479
12959
44700
64545
49388
48420
63792
70213
32498
93141
67662
85962
93974
23532
34291
55272
80362
83935
86265
51210
61116
15669
95269
70230
84319
59767
98244
69018
37814
22506
2796
96940
28065
29191
23302
57703
92344
72285
1368
93801
69947
27479
61827
41995
62935
60863
84060
51201
14886
45591
91361
59943
67821
27738
13426
59360
78571
26976
18748
38515
89778
38969
21205
7954
16005
2325
99347
50621
65725
74474
7466
39501
31
93463
75243
51932
94293
62973
66614
96164
85086
11789
50696
37474
75601
8429
67367
73863
46075
84250
29769
14338
69774
20993
1283
40752
92187
97750
57496
13435
54861
8469
82608
17813
36362
69092
55948
97560
52552
51784
30478
48124
56923
60071
24646
76119
67445
14592
84792
8936
84109
78059
36605
8447
27645
96681
18351
41111
25808
36299
85952
36625
34356
35958
80032
64556
72126
13882
83272
79159
76325
91326
88804
84494
2677
93393
50109
70531
79313
53269
85222
19150
37461
29519
53141
66342
17880
6263
44703
91890
24195
61149
59899
78862
34276
99721
27275
14593
2566
22362
85848
117
59731
61497
40105
50676
83503
394
61727
3125
28535
15399
68363
30662
62105
2084
92714
74963
67779
89327
99140
37878
87663
68680
99202
53741
88202
68295
61004
42609
11311
23819
69474
72428
50595
21710
74401
48766
24206
10707
64708
23114
5823
32894
96887
12215
46446
84571
64000
37425
28580
1966
51207
76457
10012
20836
7281
80209
75216
5615
89977
91356
73520
25299
91418
89244
24489
4096
23721
71986
23712
90621
73756
54928
5700
63675
37594
97421
46396
49907
48119
31897
42026
86131
1808
31779
21836
75215
54887
15493
18235
55510
26479
7809
77039
84401
75282
66439
73856
34406
6438
51311
12960
86152
19864
5950
94737
78497
20552
51663
92136
48119
33368
47788
39328
71118
27670
6619
80617
51769
44198
34860
28678
29636
97787
9602
74084
56193
63445
24860
31004
86955
94097
52507
45107
26473
37762
27049
42491
74740
64806
86165
63988
37731
67421
9291
64833
52137
59731
84448
41054
86931
2824
97976
17240
90440
14757
44953
20224
93860
43844
15744
32663
53403
41846
93615
48781
50074
27648
4001
20912
22482
34616
63598
54354
67903
29614
96297
67356
44473
73153
90570
94203
5372
41069
20774
84272
23349
54443
67361
89487
93067
8971
50914
5319
82663
72884
30555
48866
18549
50866
35937
56241
39774
91361
99717
76195
78819
14329
36010
80652
69689
96320
17968
41667
49875
86795
11361
53672
95061
2719
96257
74569
72526
4150
14562
48684
6423
30798
14405
41407
64198
59185
53041
78051
38318
68214
96303
43308
87377
76502
46404
61231
39633
61311
8727
41059
35583
10777
65903
34566
41139
10422
25626
34732
50148
91313
50511
96996
78679
8607
23825
58863
7127
86883
45783
42645
6198
19129
13793
91304
44201
65525
8145
50471
98905
14566
10839
75307
4393
97721
79799
73279
46365
1928
38600
70145
43733
71184
50941
66797
3728
29293
18871
11458
35900
11822
98585
9851
50916
6766
42868
52384
30270
48679
91089
60352
13918
81876
26654
76789
37186
49585
26587
47729
41211
56414
44862
45008
83535
18297
73947
930
89851
14231
75041
71236
82142
75160
73236
97462
46574
17902
80282
88962
29155
64426
34358
27511
29612
65639
22386
35577
77789
31411
86875
32448
52273
58613
84129
51243
64370
85053
2411
75230
76208
41396
62975
64903
96344
13629
34869
75854
98800
80101
34061
21573
89007
64971
93364
64414
952
26954
73651
50522
43856
76837
86773
88063
50107
69038
20405
35230
70148
71418
794
95971
94163
38855
47113
87758
39881
60320
56372
79293
40776
29956
42410
48125
6930
52959
22321
47581
27975
64276
7623
61290
39573
2384
65636
21243
58286
59438
60802
5053
26002
93686
33380
15643
99298
6304
18585
97894
32748
17249
17757
19204
57183
1677
52714
3685
88613
72292
2830
43749
11498
56483
66310
99586
54950
75308
14068
31270
89813
70596
61744
99310
96755
64976
94319
55414
40377
80585
51640
12208
18440
95992
67089
49123
6084
1448
25907
6998
4661
79980
77486
97030
17181
12631
97228
27954
73355
63399
54594
282
36755
20419
81355
62965
59556
60442
1472
40219
67756
24033
86787
14454
9904
42976
36660
14605
15838
64334
47652
31802
17197
39913
56399
12200
28136
64795
4230
34928
64663
56085
46846
98141
4618
4942
13917
71080
99253
6887
63871
64680
59267
94471
55217
2641
76071
20734
8804
13551
67932
24916
9074
98426
43532
76299
73667
49345
10570
97453
85568
45969
81284
16738
98649
21010
19827
23975
97111
13774
2647
22542
96369
31688
97263
1170
26188
76301
34304
71764
46483
34919
53206
60022
62063
75903
51618
57389
16677
92329
87404
96985
59853
450
57738
55679
49000
71599
59836
41830
471
15741
75696
72476
4939
93647
35008
95205
9647
4523
53463
16139
37601
72229
98865
79089
77191
34495
74356
88359
36751
68523
67794
34252
48441
31904
97688
58262
38723
31419
36178
3838
70460
27852
25267
49846
62819
95612
26624
10216
9160
83924
48588
97433
74496
95125
3392
54972
43244
28279
79933
35999
30241
68726
7579
86185
69853
35145
63635
70357
44979
73382
94721
99567
4559
86154
45559
8479
89603
59988
91152
67680
88398
76916
39640
53163
49700
73811
73173
69938
50381
64942
24282
48504
87031
61287
83143
92543
66944
18740
20446
47059
23100
81878
63009
80708
97098
76502
15893
54143
67302
97707
82384
58832
99790
23760
51230
83800
58039
96184
23674
73222
78914
62715
60407
19956
53420
12682
1181
18220
72869
52542
83850
68611
8536
88134
15309
31559
61613
88208
43966
63927
49091
62100
87564
97091
87517
98181
17422
68486
11562
27074
88420
21639
52136
60651
34515
4572
64874
73328
13678
95100
47944
41535
80431
95670
77881
65655
66125
82501
83288
3165
82532
49204
58829
45579
82758
2042
35384
97317
73316
30242
52802
23362
43265
17537
1976
26587
76874
64575
15054
99402
9268
36799
15861
47379
21268
91289
27286
67118
22963
91637
21270
19419
458
51239
38235
37999
23581
10626
91097
94884
34275
68629
12597
69105
17909
13233
75979
66
46334
90469
19370
97526
82158
85590
59050
39001
72151
92740
25223
27786
57452
3569
20462
16949
2872
50269
98433
67030
33937
69996
79222
98663
12462
22540
60362
4172
52364
171
78294
56476
86394
22967
96485
42605
46594
72348
48154
83935
86931
15889
25833
16836
9974
58763
76506
55154
53614
45502
46851
23535
33374
32732
73107
60833
36642
95903
82708
8486
3053
56565
12999
89529
81345
6103
90858
22971
2437
28682
29484
3805
77459
84140
15418
49211
24386
14442
86784
20598
82253
75665
20350
37011
19195
9715
79215
66095
11825
4383
452
18188
87704
39403
73698
4685
32197
85078
23676
44469
4740
73368
20287
97124
27096
81295
17061
72974
38184
46737
32271
60155
73178
44751
2194
99557
13220
65902
12686
52534
59207
45742
79274
74369
64874
8591
21378
85606
72482
70990
89365
59832
71617
61954
25409
38441
51837
42346
23968
70625
94873
61495
8571
40736
13467
61265
75283
64589
53886
75150
86370
92097
36011
83913
96713
81106
69704
23676
10929
18789
11939
6013
50231
31519
2966
66507
23803
27050
35993
682
39588
12012
45675
44772
71976
16366
15366
39342
69976
79852
18701
25303
8796
52344
90351
48937
8216
92342
83179
96229
27532
42373
23658
93920
16655
55363
9470
32871
41633
27016
42351
3951
80112
92022
2739
42531
27812
21862
29562
4794
28847
36179
24577
35290
73719
77045
94776
83920
62337
68312
99343
41513
1037
15373
77399
94705
10993
96578
13784
14150
44284
6451
44770
14637
77610
7223
59075
85436
27195
97844
23237
99548
19419
36374
42336
14643
70874
32225
79097
41839
50077
88742
74146
64840
19517
35858
59474
28059
50032
5514
10951
41337
70711
29915
47916
26820
38531
40055
7576
976
77733
54745
37934
8048
94628
83053
10047
61966
60361
71566
1210
10992
70495
1474
76277
15482
45290
79177
87115
5222
21362
44653
88371
57
72156
15801
51667
96007
32979
71154
30233
12640
37001
5844
26389
10114
89350
86749
43874
86215
793
37163
29499
65565
52734
52051
72768
53730
4626
20592
67794
7115
8750
45264
29080
97372
69117
85512
84468
40157
39857
18028
27120
60442
42754
57124
63331
37217
35200
67512
91986
8559
7716
59853
22969
50695
82075
38962
70317
20644
82255
79828
4312
11409
72585
44055
58829
66521
57588
1254
18436
55420
15218
79091
77280
51823
58409
16554
87222
93862
4740
46359
59938
71551
74051
97038
64932
12364
19729
94955
36674
12641
81107
18162
2145
14957
58464
45375
58224
69420
89214
16376
12171
59162
34798
48452
59566
96554
19540
314
4116
21315
27012
93760
71484
27063
65461
77494
22182
68304
23398
52532
69088
15736
53102
77683
72528
46447
18598
57391
51784
7680
37858
76916
42004
58222
45076
59596
12798
49370
95724
88698
85265
87828
72267
16240
94147
68508
79279
66426
1446
39013
55415
36500
43278
86182
4576
54676
30181
36262
43058
72679
93156
19745
92058
58410
64933
79200
81564
88949
88054
63598
77507
99471
48939
53233
46570
90560
99695
22875
73419
42226
20473
7255
21354
57689
25183
64281
76182
69444
88542
25736
88816
24007
54567
48400
67173
82102
69307
14698
71992
68061
34153
83534
68648
36260
72529
37591
12978
55115
80089
81690
86379
89340
68418
38015
36706
49921
13579
21331
49144
32862
63086
75056
25114
49882
35315
74631
23133
89011
65384
46576
58701
45513
89175
70041
11115
66396
91584
55373
77367
10518
11779
54112
93941
90944
86498
75267
17850
11815
96428
60094
16089
62535
7937
86896
35309
21767
48611
15788
9360
42207
18996
8253
81024
24265
44083
85692
33526
30790
9166
38702
64209
95742
11077
17936
30820
95035
83883
27425
45764
25370
71901
60330
21041
3030
34927
41625
75730
62341
47430
73598
79887
17002
25784
10468
42501
10453
38260
35778
95444
67399
14377
28055
12750
88270
90387
46685
54222
85546
82016
49116
63915
97542
9644
9458
26498
10563
76420
81303
19717
27881
36358
93918
48851
40316
77856
4569
59554
26655
18441
11174
84065
35251
75525
67533
97792
95279
96809
84939
43353
72375
44382
10211
63904
73021
62321
13961
18443
62350
93646
55302
47593
41263
64371
3245
97119
77568
75378
8626
38605
59809
93945
30242
4130
58543
48599
42500
94024
35018
90877
75729
41708
42712
88219
68652
93215
95421
31381
41372
85175
84212
36442
89857
3485
11623
60257
26506
76126
27644
11119
61993
43135
28320
60574
26867
38303
685
3567
39301
17626
51632
66509
54327
8846
78338
70581
36666
17328
27048
52272
86270
73304
32487
39733
95088
6232
88799
3072
89470
70268
39868
91711
16875
77013
65667
35508
87568
63361
88433
66427
72438
29568
25718
11980
29262
85291
75227
53858
38161
28601
80276
83525
73530
42427
16598
59679
42928
66708
91515
84639
48821
71059
2499
4402
45200
71014
20411
98392
75882
73542
24169
51776
48918
95914
21949
10353
77893
54415
90491
66125
19114
33485
35477
34724
65975
87355
51007
31720
74096
51515
69903
54019
64905
68577
33813
72810
9135
43378
14945
89067
93121
27775
35193
34749
14651
42403
41211
27852
99669
68762
24721
53070
43990
4583
37315
85565
42099
16845
20935
35198
80256
29108
21657
33186
9176
31608
90276
62414
98048
58482
46969
94572
34565
13211
8668
69282
90872
36648
65436
64796
20436
81923
287
26166
84686
99601
31026
94771
67900
851
73240
67678
70626
49703
84178
43530
56969
16650
56053
61096
64986
86329
69712
88036
43884
22741
37518
93907
90760
98599
93240
5901
59237
17962
149
843
74720
66266
58979
12739
22675
96718
51963
77914
29091
10136
78070
7686
86064
64636
2271
51503
46790
63122
8764
50317
17953
49993
23091
54852
99879
2730
22168
66162
31622
29298
72331
73438
82479
65368
84727
43699
81241
25299
86130
22967
53984
28839
94880
48010
86898
60937
98741
33986
9101
33144
24867
53200
61104
31176
58972
82120
94962
85899
94162
36217
17224
43231
37900
32895
84014
79612
23205
15548
4073
9469
18499
5390
79947
4408
47427
44825
88916
82946
86210
17060
76594
6039
17945
4832
58109
63063
66184
11545
76012
6722
14820
77348
79339
2533
83235
35265
72083
50822
99906
54437
53971
42975
23210
2407
47855
71914
77277
42
95509
74490
24295
38451
94058
54211
83816
43807
34283
317
28918
71394
2393
2678
29114
95580
4373
74978
61815
469
67090
27650
51843
36956
45017
35141
18241
96798
58951
41812
75199
74922
49573
11355
97625
15129
11949
43819
19438
14467
28291
37370
91664
25707
6865
72552
17770
38545
22448
84275
57478
41210
92956
70499
29883
30563
79753
93782
54536
10372
29500
35105
72507
75916
77818
85072
91565
86768
1034
71264
80231
97464
23494
42272
33742
57311
31376
58906
82036
38033
70080
66705
93534
30342
57363
97936
23197
72659
18266
89956
76187
24160
54376
13698
82374
95847
6403
23291
38115
15635
57813
99472
45006
75014
88477
34190
2235
62664
18531
50662
94376
89293
55048
93088
23778
63609
17489
27405
82446
29179
69335
17211
92630
65140
44780
83212
51936
68133
66787
97243
42909
47440
40887
22978
67272
58476
19606
29674
66826
68764
22570
53449
85863
96512
7195
90430
76736
12888
80206
79487
65488
65953
77869
14427
89795
81170
82418
13330
40796
73209
60276
32089
86141
40868
18118
51831
46641
94594
91831
11381
68443
61608
70492
18382
33753
88887
32737
93968
48162
97705
87662
85444
22625
88
6936
28238
84750
9843
89728
27001
71205
12579
15426
16979
68171
74951
37659
7491
14693
45995
99252
46014
20273
51672
98616
23865
26400
84691
25522
64548
96754
5027
33973
26934
64853
21559
61257
26002
63240
66252
45379
79138
30945
12342
86637
83295
8461
83400
31850
43814
14385
50047
92863
62176
82890
78695
39894
52921
10915
33460
52890
38224
84777
5654
28511
76646
97044
7707
8419
72767
58923
8936
61020
45166
40596
30644
88581
91850
4235
12183
33089
27239
38648
68190
86299
49476
15562
21949
86085
60272
89969
21077
87760
12850
22968
66191
75569
15108
8125
3620
68627
15230
70377
5513
36176
72592
99191
67761
4550
30835
29981
82667
1892
74377
73035
7293
20810
38269
48258
27446
4524
93729
61664
89930
45180
39020
67774
14493
34504
64946
17902
20336
38798
98006
92387
8634
99783
47683
92672
595
73865
12989
86195
41115
84481
59504
50048
33908
65995
94392
24084
54016
17452
36664
27833
67907
16479
16151
43453
19400
9907
21794
76333
85544
17149
84139
89312
77466
96437
42890
46345
90325
70865
13754
12151
89980
83512
45362
79381
82897
94767
82655
18290
74834
9584
3683
42062
29077
78007
68009
91955
72030
87837
27964
58038
99051
83158
72018
78653
81552
61697
13359
51015
92738
15992
38388
48194
7250
16221
44638
93197
51752
98504
11695
61154
6336
44630
33119
88661
82802
88924
58221
63954
94895
81539
66404
98647
93595
53843
24361
26628
29889
33292
10154
16542
3894
97370
50569
33586
33181
51288
67332
41894
86183
84225
8476
73470
41653
18235
31737
9019
21665
20694
81783
41078
51556
83414
56357
30098
94230
75444
45339
54024
68717
74585
92237
19317
67284
18699
83400
48307
10331
88746
82871
14266
2890
11551
47243
62192
32400
25868
50668
18530
95337
99073
77505
93358
23734
38904
496
78309
16177
12564
8284
144
86131
57504
99114
60824
24072
32399
93547
55508
39442
57682
876
55450
49729
51428
76585
98269
69181
64471
30350
55438
66058
79664
72199
43034
48263
22787
88022
54416
17627
53910
38740
12802
69154
98791
50526
78950
37642
64172
73514
33889
58739
9093
39347
6916
44519
61515
78405
18874
11005
57708
55966
36288
79853
42848
53615
142
33846
9417
81229
10752
18285
98960
38754
42938
41824
99899
30631
5588
40600
14251
85908
53150
1242
64812
83025
3997
24698
18404
41314
27602
49442
39913
66020
56899
79853
98842
51174
68386
87233
14784
43269
35284
63081
22264
55849
59586
88539
9499
42789
15725
83128
66019
23858
45365
70711
55134
75344
33067
11309
37164
61567
43383
17923
3103
68511
13531
64102
65058
5020
86736
59635
5645
15613
97629
96846
13329
47819
31433
8160
87805
35902
21461
83715
43242
26584
72367
89163
56091
44406
85338
96699
79752
56637
21997
31461
17403
37072
71528
92746
59320
27208
51156
15706
80319
62125
27129
50172
97689
91102
29483
62542
50317
65150
10807
84328
54590
5244
74145
10078
13776
39259
13156
81154
20587
11357
38535
95592
21091
75819
75776
39938
5961
28346
29358
27530
2533
60138
82922
58742
69846
72009
10169
7702
36274
31691
45069
60225
80969
51828
89705
29464
65165
6690
57308
84632
54988
46695
72163
23388
75681
31786
16735
41887
97430
50641
49303
5162
59356
44317
48491
31860
99436
32446
11900
57027
60124
13659
85872
80371
23202
99413
24623
5299
38302
61934
62336
46234
30029
33634
86697
24012
29510
22169
91122
4214
92343
75489
91624
40567
67420
20443
88885
37115
63150
84543
7366
54164
58295
85738
63132
70451
54383
82697
11802
51540
83674
63573
39905
40019
70022
1888
33835
76548
3900
28679
34718
33803
77917
52868
76701
89034
75154
87774
24007
52766
54916
99701
99315
41314
37754
84958
83205
17750
93498
25270
72355
8872
38660
83878
40391
79835
51120
55840
87348
84311
16167
55428
98631
8628
1904
11995
69916
53243
42674
40009
27879
50818
60164
11432
47933
69143
8972
22274
8006
48248
75138
76373
59263
4278
50281
50639
78251
29548
1397
60336
59192
94633
61674
22206
94219
22940
19617
72110
98074
42720
54559
76088
15690
48285
11920
419
74015
50351
79348
24185
32335
39613
85282
44728
29637
29090
28305
11089
90545
76955
79582
29722
2633
30830
76128
33407
81682
75938
72968
14782
12578
56178
93528
18470
43743
34519
40681
11670
21799
45143
19356
68710
41011
30074
61640
78928
52190
77460
97300
13894
27818
19464
4580
95587
32279
95305
95712
1515
19734
99111
89397
76200
76202
50329
20105
28679
31506
62436
1426
56298
86853
40650
93383
76979
51620
10614
98007
28608
65180
18676
33588
57422
83266
86361
22843
99497
68667
48004
96310
66814
22401
56504
82769
90224
35674
94815
8379
78311
85675
64388
55321
34265
21617
2541
34229
61026
72708
77761
11419
87189
31021
84211
59576
34630
73807
60376
22259
2466
43683
19440
7207
44961
6229
93289
91465
82820
26044
41594
33437
17012
64610
23687
66578
24945
65434
8704
86473
60075
74707
22252
3676
74296
2488
59085
83972
98939
474
18339
22701
85293
80532
24743
68871
4063
47909
17385
11699
86594
19128
65076
27653
68051
96732
15303
4303
30848
60906
48115
2980
52726
67154
45429
68876
49348
25324
99872
53696
23938
60944
15483
72252
29545
18669
27309
37085
36390
88165
16345
22027
24082
18581
23232
79246
29699
25212
75374
17960
51170
89450
84294
54256
51757
22351
85762
63589
64391
27464
78241
11558
39130
53479
52136
20431
92589
51873
78016
10014
10882
95810
15977
20530
6130
14125
6007
7916
96560
15715
25136
66318
85044
41147
8923
8276
1338
38923
71779
10117
55520
60850
42904
93589
66988
23552
87519
3045
71581
6488
43906
41612
60129
84377
64253
31187
21592
7122
91187
41674
63262
99074
91081
55361
8948
42939
70622
72512
45994
53657
93508
48210
48699
43985
5495
52545
57751
93823
66857
80658
96699
80158
10104
45348
5586
59121
23077
7916
87568
19216
78033
60187
48089
59048
48621
24401
25601
52819
90203
12660
7468
42724
19668
8331
14811
30105
93224
24566
77106
27757
93107
72728
50769
92255
46949
41887
2356
51369
32232
84329
41462
77839
55801
66375
28256
93389
19306
88049
95448
99066
53099
46153
85160
6565
11026
38286
49458
88921
4686
94719
52442
6181
23465
26450
52124
56375
89151
59076
46038
32071
81564
32790
40526
69486
85261
13295
29209
588
92281
29366
16943
19503
6327
63546
46643
88875
67213
977
92583
94414
67724
7315
36326
70807
61373
74928
74820
95045
2821
29855
14174
6735
60834
29812
87938
28512
18045
28512
8551
70091
28812
40928
49899
36309
15954
67627
36619
29349
93882
4097
79960
72142
92334
70243
99661
86729
26003
41309
64949
12851
34978
71782
13762
58032
97800
11574
72185
49917
96181
84990
32479
15684
21090
16083
36395
61622
20889
58554
421
878
30790
1233
82327
56565
4651
77602
34307
20908
79882
68594
48762
39370
78025
69536
8412
66249
53417
3233
50380
70253
76523
86113
43696
30667
73049
84144
741
67630
89027
70110
87919
32974
45774
26635
1401
43513
43174
42963
56350
19769
82395
63032
33932
11910
98465
91141
52855
82835
61952
20611
47926
77990
78340
43260
306
91628
74840
16335
41371
45272
63938
88079
42442
12997
17926
11352
62214
68370
36082
73111
72525
41635
61586
67889
10298
48469
50269
21475
66334
40218
10965
50826
12178
72280
72365
7659
82238
81355
47402
50534
92757
75898
64424
66751
25580
77768
6461
40321
5201
13866
56693
98777
83569
58828
92428
75692
43617
96694
26816
20892
26965
94707
94160
25227
1249
8338
60109
71922
22568
32942
12096
9717
99014
22257
19599
48867
35539
37273
24582
76629
86012
49416
60381
32848
89076
11998
83151
26862
61167
21332
33815
21861
43193
50381
48509
75259
38258
49757
70191
48819
77552
77727
86058
29835
99340
68747
16026
26143
71691
77995
13342
47559
55953
70895
84533
40333
65008
75125
79733
8544
46798
72102
71975
68371
4074
12403
93004
85438
26235
42181
11304
9466
75028
67262
73347
71114
82290
74174
59262
67065
28704
19102
20527
80063
36503
56170
4416
87256
12147
31992
39738
50654
88544
54904
50867
3505
36718
40223
65652
48940
5471
8255
62716
66755
18083
61191
5715
45814
58669
92130
2930
23559
97430
9198
91918
79037
47002
94792
29590
83090
73007
52911
10330
98340
14261
45936
8749
18556
3881
25470
82550
65499
80844
85849
69149
40613
72463
87719
22689
39969
61498
9889
44008
26552
1581
88079
29612
91337
17500
63920
48074
72584
3062
48762
66845
8933
34132
23032
194
17505
82839
53108
83565
87272
38262
86330
23063
61500
87892
89496
96719
63394
28859
49172
21439
56098
95850
65030
74638
93183
43291
24637
12201
30462
41230
81756
63890
18150
5618
22106
85424
21596
18883
70751
95248
14121
12676
96093
85762
83073
88615
2983
32448
51065
73033
9685
13497
32449
56387
9553
47399
96469
23546
79185
85682
91982
54080
90593
12013
74265
29426
71933
66931
61934
36265
31429
52111
62464
51980
92812
8557
64002
46415
24258
63411
89289
32863
2682
31524
4311
65316
34330
90987
53893
63040
83633
12391
16085
52946
68689
52402
29192
5522
55382
36966
92215
72446
79939
22503
27404
62711
16499
30803
91606
17691
25720
55475
82117
13944
58707
54035
15758
18825
61373
51815
6339
80702
62308
96561
22807
29755
23229
59570
5435
40954
70821
23073
45608
44953
95860
36792
72557
73094
12075
6503
39361
66479
50936
93357
69098
61918
83143
23138
628
6663
95533
42598
34369
1183
31194
8710
10082
32649
81692
48853
78293
13897
32170
10112
60857
75812
65530
39917
87754
46091
69147
29976
51177
670
39068
50303
92332
21062
44908
17558
85612
31096
37397
53835
15938
22227
25106
64581
38868
9275
35509
18571
76571
43087
46707
33615
89279
38186
19869
91130
48543
6567
18404
81251
26163
69206
83768
92794
18554
88694
63648
93235
69341
77503
98747
5083
43932
67110
48741
89273
43636
74435
12546
48583
18281
82450
14193
830
26760
62312
92845
14943
80941
41108
3463
7649
55809
85411
51863
8747
97283
63646
95322
85271
2401
79539
65036
77311
27823
87225
20604
16069
76713
17458
89065
46493
29821
81166
82505
30034
98650
86617
74825
82404
30984
28442
45942
17731
5550
72228
78782
5275
48184
33049
37526
62183
23313
6863
73929
29437
30233
87505
52936
89820
55414
17086
7524
56973
27908
82013
52783
62013
92434
60692
67075
16623
66752
41529
48081
51851
60030
96936
34294
52171
72730
46182
16039
49886
22458
33912
41756
16515
39396
52184
14210
29557
35137
76351
98244
85818
54418
15520
22626
96353
19455
64612
36618
16996
62374
87181
8747
50734
94438
72883
4045
45565
1538
15147
87529
9606
10600
76349
86395
9679
88380
91540
92470
95361
70345
80691
77919
23123
38295
96511
15898
96532
38840
34843
16566
11189
70368
15220
88545
84982
50870
39802
9005
91443
56687
28378
97478
33223
5303
45999
78143
25124
33721
9502
85326
64449
89428
5145
28673
37872
15097
66355
16960
46424
11262
79604
7989
32628
11322
15065
95970
52210
23043
84655
58166
64104
99495
3609
73956
10621
6218
30691
11081
86010
28544
49727
31182
32102
50837
91443
65711
85272
53234
10112
91053
63337
61363
84969
85268
74150
26867
89220
53828
59144
96778
1246
37974
22319
11651
69038
43550
55086
38996
26392
98686
76441
93065
57761
33596
87140
11612
5434
13401
22763
57210
87940
54792
21216
36533
25771
23459
45846
89512
3784
82458
2649
23467
75296
89842
96181
86996
11899
72416
63621
46235
2297
3644
77184
27448
51285
77643
49495
74059
97441
90868
61425
89194
54139
94953
32604
10136
6966
12259
6840
52809
9165
58088
13077
59197
4429
38647
52901
91348
83383
54628
92002
63918
81756
4868
97057
15862
78770
9634
8928
76550
42416
19031
38901
47776
85424
23037
24265
47284
66288
42319
98878
77334
69342
36819
25363
51248
68233
29767
60675
78864
4398
69142
82189
82306
17348
75391
58958
10930
52480
29073
76318
82621
80654
70719
4334
57445
97916
29923
32055
23217
63148
81192
95588
45396
42627
87214
27330
99574
79304
54296
61321
2557
34438
13499
75640
18757
28459
28886
59740
53143
57920
44555
45508
9284
59232
76542
32420
71250
97545
58775
32188
43939
57817
5103
34610
51705
29281
44856
43030
96064
57274
26543
89301
96261
54177
89118
3874
49969
99882
64999
13269
85068
14245
74535
75424
92776
68769
1845
48884
82397
91383
94533
90930
43003
88820
53330
61803
59255
4288
217
17677
23010
24143
3204
37200
88262
19131
42018
86598
48623
91329
74095
20162
12529
33207
80340
60113
63331
41684
23637
6255
18977
92925
1888
36397
73931
80507
51630
69572
32394
52956
81862
32187
17507
5280
10586
98868
60405
71236
16023
98756
33584
89073
31473
68418
67536
28449
1035
65835
76522
91827
98909
97841
29268
6043
37648
58891
15183
94897
49725
7572
3368
15583
21372
99133
29464
753
62318
50853
91072
24950
21301
95843
11064
91461
33990
74610
72955
24123
40692
34448
93814
29493
49326
9902
69561
39284
79386
74094
2776
54407
56134
1839
36607
50618
21572
97376
92318
10220
16122
10132
53571
51755
26938
44854
77119
44945
27840
14271
73837
61404
21960
6452
24037
12230
91886
94064
19009
27030
6887
3870
85984
26916
40118
42164
5249
15153
18731
96276
12589
86550
73550
99726
67176
91461
37151
40699
6068
54437
70034
52150
85702
99279
80012
89498
51493
64340
98928
32174
35744
74280
81333
7938
10473
21920
73353
31258
1189
45250
37539
98465
41849
89373
72713
56276
20335
12345
3856
78790
59747
221
91411
47756
46145
90262
48861
75251
73004
57901
66263
13947
15023
33132
25213
88808
30620
40522
6787
31441
97676
7161
53143
79334
99271
43388
4640
88975
83136
5719
74622
1758
16008
29698
58499
98081
76288
28337
95906
93267
50361
9496
88980
5587
56494
71835
16159
51868
32369
50181
85491
98709
64042
12555
53373
7754
44396
43503
52086
17643
78281
20835
83277
75935
6048
92974
34705
58279
34496
40862
84804
14467
95262
55793
49459
49432
24426
90997
95265
18901
8383
19999
48670
3800
56492
8662
23297
17126
60577
97538
80533
81538
80062
82700
78746
66710
75343
12166
55420
32040
86622
35777
33391
92885
65879
39470
86350
71805
88066
52838
64650
62834
95124
29772
59092
81571
8222
62388
40636
82676
10364
72988
61377
90049
8819
70498
59728
6557
22856
93081
5413
7949
55420
38374
87324
28884
96835
82438
65153
54221
1780
6002
70604
45683
21453
81737
47806
80675
24973
9603
41353
94880
93958
61186
26648
78436
10847
7699
46321
17066
20675
2050
28696
24438
884
38974
60088
57600
56062
53479
48977
10006
51348
25457
19854
67071
62391
98011
30353
10357
70745
16212
77836
60615
11787
78306
35085
22900
60537
9608
31994
14397
7842
43370
48628
15792
22389
68849
96783
830
6600
86959
65546
59823
28236
15082
14211
45466
31255
75578
59670
4425
89458
3049
80362
9261
73702
46634
20307
83871
98300
96117
29315
73615
96199
63604
35197
66618
70299
72985
49050
85963
94744
87230
91339
30868
35296
30450
62049
29691
28766
18974
61864
58356
55036
84507
35265
58670
10041
86603
96677
99704
21723
12041
82103
37981
18386
4718
34
95522
8011
60941
62396
55546
88213
135
19962
64124
76326
63548
88355
53140
41172
17567
8013
8480
5891
75
17243
59949
54854
2673
74898
27235
83466
94559
92992
96062
48808
77917
82239
32781
27136
82216
44960
4254
87155
83543
49690
25881
26876
47733
68145
11298
65851
38970
18176
3149
89275
86412
19582
37371
2116
39076
613
38029
75165
31390
25968
45442
3905
96064
32396
73324
74351
52829
6413
955
80097
59251
35709
91329
40279
99940
2289
25312
13396
71394
84779
39985
28252
48458
5174
20750
9055
66282
99588
29749
68653
53010
79844
54304
71940
93319
17409
96948
28731
22894
60518
60661
27613
10174
37500
43585
85380
48286
99965
58708
71322
43244
33730
545
34879
68004
79078
18197
72385
44404
82435
72462
89910
83735
83475
83802
99215
51596
7456
72337
99429
9176
24991
9259
21567
24520
76878
6500
591
91068
94268
28129
71741
53870
86182
77592
63736
12552
30630
20665
84875
24174
73583
54300
73500
78200
32343
51870
40139
78824
59578
89668
42834
27095
58343
45934
65425
35669
83207
74055
25493
61902
36219
66982
86823
94207
4116
3878
32277
26668
33710
49502
99392
26234
58858
75660
23343
7882
75881
48385
99326
19187
65322
11949
1328
9057
20019
39683
21642
77244
31645
60073
86244
9276
87543
42444
31834
93771
56676
48098
44839
74241
81970
43965
93364
65223
32749
75243
96992
67329
70324
44925
82441
87116
31758
62023
88489
1435
91004
33286
84841
45505
35902
58511
80636
49030
93230
49855
27436
15287
9695
34255
77723
37333
99396
97459
74474
17486
57473
24276
42119
2851
25245
75476
9570
546
92018
42338
76887
52378
94423
42844
5206
85120
58111
95257
54910
41918
39305
96477
89492
5634
4611
989
94135
44531
63068
36467
53023
18145
10385
50259
94663
45197
97926
59356
7091
49115
91996
58066
60606
15434
52281
4521
83118
62698
54619
9345
61905
41669
62568
85720
55324
95324
25185
90459
76274
15859
86474
68184
25436
73217
40637
4275
89593
92931
14397
9779
20490
17050
48051
57229
26172
93850
5210
77258
12733
93096
85659
81394
58973
21970
83579
36104
29512
98815
54796
28503
90580
99860
3445
96209
51543
56858
18112
63630
32191
55313
1651
63240
49562
8926
59754
83495
24663
47884
25354
57026
66660
10723
71610
61131
17509
6043
66406
26602
66653
55380
12880
46310
30086
11890
3468
98069
73620
33888
89942
43149
50957
30322
47025
65345
71647
28902
72228
96807
38273
94254
34136
69884
41712
66601
27073
71084
57829
86137
46379
82461
11208
3355
8635
64691
98573
27034
50346
79989
65218
34727
81366
81758
67532
22128
33590
71311
25068
24604
81584
72628
47083
25152
48151
38669
7632
59950
97113
48941
38177
52191
84676
77944
72865
46616
98208
1631
72147
17705
82201
33700
84615
91816
87219
75762
71101
40737
15627
16157
20781
24764
25566
38810
29491
10329
73918
20234
41853
1988
41171
56018
74990
8145
10025
65558
33366
59564
83290
14312
66640
32275
8165
64532
47535
94963
35717
58699
24025
81142
5957
32392
22867
87110
46223
63060
55755
13477
26209
15304
61271
59514
3455
16340
423
57439
70409
58989
80815
32041
70018
3953
75606
20727
44011
89625
1806
63434
68644
44055
42840
68589
35044
16283
16222
26914
11503
71980
84369
23315
36352
13302
27207
43077
35264
29986
94112
61455
54222
67525
95440
9310
13047
78724
18654
52016
2230
39077
91877
47650
17877
71597
45256
39388
73510
36956
12572
38147
55893
94909
58027
34659
60476
66037
71483
18205
55203
3284
72326
84723
9398
41373
19789
39103
42414
49756
64322
45662
73859
52931
21728
87025
71689
2802
49763
7147
92460
4789
96072
21686
43105
20625
533
46394
23823
85755
63144
42980
61199
19693
77433
20212
40520
75478
46617
7697
18626
16027
91270
96973
74188
47179
74539
19480
17505
50363
13053
2802
9972
36148
38717
98106
21680
68635
30914
1689
94851
66093
55351
40392
15016
27836
96795
10285
70846
85187
20370
69149
51015
8750
93716
33645
54539
41472
94195
18691
31082
34847
27051
92558
80290
34221
65707
49060
17837
92564
84970
1980
1036
51078
61957
5388
67347
88278
39414
54228
20368
64316
40127
72757
81651
65547
56080
76773
50482
44969
58982
61119
34796
9745
40114
23246
70814
22780
15063
29155
83870
19470
66371
83780
43050
80678
34104
56632
56329
70436
27192
85311
57485
17810
67026
56562
3258
98612
43992
39821
61196
93162
66466
31723
63875
75641
64910
58911
98441
91140
13945
11799
45515
95515
58600
21517
1696
85642
79552
54971
16777
51975
63329
78227
83816
5188
34724
95671
78719
7132
49234
94470
41545
98383
17549
53253
26626
76366
6777
96729
98125
55561
32687
12083
34739
72274
79445
46087
14017
24708
37410
56776
6930
73723
62785
6159
92230
21394
14004
77715
30863
11625
78605
52837
56876
21054
82969
61307
45903
99315
12875
52215
5266
48957
16010
60415
8731
2500
46124
50393
73985
67024
70317
4822
7070
26967
95420
54639
22430
42500
35286
17174
51771
12653
86073
17702
75215
5841
27017
81845
82165
4525
67361
99963
60742
54149
43746
72737
16384
62181
84874
886
38645
19563
8552
76417
20821
18565
53466
86432
7557
97992
90326
71624
24581
35176
59179
68422
36720
56803
79401
9840
31506
89826
50850
1703
12014
36278
95924
14764
31424
63940
88133
28822
33685
7916
91722
53659
66987
94497
67060
87359
40180
14270
99969
35441
88269
26810
65261
85706
83405
72757
43772
20751
82086
45762
74798
22383
38854
98367
45664
28321
74873
30112
15781
48426
70216
93828
56315
30132
35328
83
17315
48944
12900
28868
12865
2597
23592
94871
15638
7502
83242
9556
89903
57547
55631
84425
90668
27805
4786
51917
67031
38115
60767
50533
27049
4054
38438
4892
60128
47196
56579
2584
8557
67996
20756
1454
96367
57457
94559
32548
97624
52176
31974
74735
62698
46064
95597
1909
32150
26882
23686
13612
46031
86224
63176
50928
76360
41532
90777
38723
14253
70425
91791
53463
58833
35215
50156
2751
76820
68867
60037
7369
69704
96747
12005
87102
19990
47145
16382
87472
13109
10016
32946
75576
30650
68251
20551
43156
63196
56097
27357
96062
95952
58109
16647
28193
97612
80303
36298
44101
99995
3215
1617
27885
1705
81652
96939
50155
10876
8647
75031
83504
16835
80353
81007
61005
60990
11130
64237
73724
93189
20193
69408
45466
93127
66340
96323
37172
75776
26259
26049
54367
30144
82587
9525
95723
57807
28240
80448
60443
93331
38631
41621
96889
84883
24444
32532
37906
75606
89705
26303
13920
36050
90333
88060
40524
88908
15054
84115
35564
48733
25375
8475
65056
53804
17435
4264
10699
66411
84664
51829
50892
19303
79478
80767
9016
82665
50110
26969
58799
67863
33156
85025
9885
9029
29296
16437
86758
60789
56898
93819
96862
31073
10353
1270
10701
98616
86275
42588
12868
46340
59679
25672
71459
34981
1354
79652
75475
11581
51172
74364
57719
63512
79210
53157
37053
96366
67341
72303
59505
7189
46283
75729
8450
16401
68102
97869
56396
46975
61505
31747
24463
47289
42321
66176
86754
2197
14989
48240
53659
4092
41238
13677
24020
10361
65615
25265
31570
31828
414
75809
64562
89141
48370
50401
2047
28668
32082
53319
97873
80289
88622
95735
8033
92121
53871
1417
30832
18317
90480
57516
11779
14047
68210
72676
70733
93906
96099
41355
31473
79806
24786
60798
18360
62218
61146
84613
72905
40525
20771
1189
27481
75345
1975
55259
2327
38701
42075
25574
57542
58791
9322
84649
86206
48373
88067
95893
34131
16865
21412
67853
83471
32198
61614
86162
94790
29143
10848
99429
68899
7082
31841
16897
77038
96187
49994
40402
20056
96113
92452
37774
28156
72094
22073
9848
96962
81106
67954
96652
26026
82896
52222
2663
89171
61858
32750
5065
89965
62165
9593
53898
41527
37548
94613
39554
19079
20410
36831
90550
389
6903
13494
25084
21489
86741
66585
89804
12333
31469
41500
25922
8552
7192
49819
52258
61451
23380
36787
93179
63929
8786
11895
50886
45459
4167
20802
61161
1759
37859
40641
58968
55429
68810
49551
15860
40675
98851
75492
25046
4663
25318
187
14886
44818
76306
45718
18317
98369
3677
54034
82872
90000
60195
86284
11316
40588
69931
34434
83103
59341
86642
76790
14696
56994
46387
54130
51148
68567
66812
79391
68306
24083
95380
54741
76632
59371
10440
21580
73258
94343
73309
26379
98103
94427
5818
2997
63273
63497
12854
10942
83577
62248
25202
37834
90621
20199
82816
75388
84410
84885
97247
47436
27235
80574
14492
94101
26134
583
59681
75280
1791
56184
40513
83225
31463
35872
32409
23476
65627
64516
25566
8500
21315
65419
81679
86429
64685
43064
34907
72652
11768
337
63862
98767
67043
33407
9736
58384
21791
63352
71262
87554
15783
1172
91655
8214
27455
95195
50123
27260
18565
35520
63777
56614
26965
19463
13014
29682
44264
7328
27260
52926
9613
63191
15974
41105
58305
81422
70374
30708
60253
66930
81949
95710
14707
67502
78659
38087
67103
77923
90656
52301
32554
77992
97815
83988
87765
10424
28581
78568
12670
16206
94445
52930
86784
26860
7939
89081
47243
48063
34324
57616
97873
22620
55392
10656
63076
57496
6636
35373
93814
8614
11513
78032
5808
71915
47651
15972
92663
71603
81595
43623
79876
26397
97050
61699
50971
32083
46793
50667
69503
44379
86034
88469
82738
19303
7809
42037
17992
89465
61264
74092
5717
17087
25932
42960
75467
11603
72822
19659
91578
28021
16358
10241
36942
25656
70812
27779
53699
63397
61260
76871
11711
39074
98957
82510
8484
27652
64844
12161
37545
75625
68371
78067
44114
4257
1071
32484
95492
72556
10415
51719
14802
47663
87265
96397
25244
88590
67951
71585
1207
1532
39300
23261
27967
99076
23484
15409
33680
71312
69703
9516
14274
16877
70465
26734
25332
18233
93001
12551
55187
5247
79232
26057
50999
9794
11403
32558
46992
49671
10569
6354
6403
29196
51713
70764
82030
95625
97634
58845
28654
33664
34407
66846
96269
35402
93060
23871
60412
2822
44301
32095
13199
40933
811
49406
8988
97278
12940
7293
75178
35221
99863
46131
66659
20317
20464
80913
32200
92106
93963
8938
23577
31417
10112
50195
28151
88634
21968
7522
80586
90864
65491
25230
28542
71338
10546
30457
47011
67677
64089
81459
85283
31918
77878
24405
58465
9149
72175
46207
20731
836
54952
57005
1187
61110
37801
1862
44821
15532
38232
43012
72928
62398
19575
90427
21516
65089
20493
93093
82817
74175
87213
17936
78657
8665
37722
70409
4635
91011
16142
91311
42012
61777
13340
94862
57704
99792
97164
83946
65557
2153
13413
13331
55913
32623
62883
72740
9686
53698
32216
93249
42643
86280
35653
52053
85213
46512
85643
8052
62022
27746
46031
14457
70137
96839
87278
53028
74468
22695
10469
24596
81053
79782
7459
43445
63476
82757
73676
16367
42263
90501
33580
72931
45140
67757
79631
53919
24069
93016
57947
29646
32933
58279
8617
28006
50422
5401
25106
78076
37819
19010
19285
30979
18520
49086
88422
36468
45708
6028
31228
82599
44357
60993
19863
53797
7484
55092
46485
81312
54419
86269
14510
68296
90403
59140
98370
88696
36756
1163
84156
67415
96229
62019
5338
2171
28354
55455
91173
61534
27530
88456
23999
44233
64268
98399
92265
85409
957
44403
46524
81021
43914
441
74544
49964
48103
10249
25219
62487
46958
84026
10501
90756
38847
68529
59778
10735
43782
96577
76656
88318
59263
25026
29154
36418
44137
8149
72047
26239
49778
58756
24581
32404
23760
98028
45989
51924
37160
35489
54446
49764
7990
46538
69855
84184
98863
59684
37948
2235
94641
55189
38943
85145
76668
53518
44395
24265
68700
62326
20930
93151
34147
40731
42896
85501
92351
13605
96285
83602
48783
82959
18908
68352
25841
99886
29089
61990
45567
48485
571
57929
18265
88931
533
59276
19720
16894
36898
54000
22867
89875
82992
76916
88810
57127
17568
88095
12419
55448
15583
74013
32198
33125
46303
67125
44553
48818
5381
60070
90145
44116
43871
61507
90514
91898
18951
64246
88645
5177
62822
12574
84905
9768
73021
83158
47898
79807
52540
73558
82655
97510
91735
89127
50684
60893
21692
56291
2463
22505
92520
1942
48513
81235
84684
69519
11506
34936
42862
55353
9591
85949
85593
61269
56026
21353
39718
46559
6071
1561
1235
7586
73956
63430
17405
10152
47044
43257
97945
94122
16860
41611
23648
32324
29967
75196
16285
2256
5905
22421
36514
86341
82281
30716
41210
82537
66579
