api2_id
86351
10976
71667
68947
43945
77774
61481
30525
56214
67440
37524
72358
37611
33761
8142
24352
1905
47401
24934
1980
98760
42748
16918
88382
80086
67932
76718
58213
64648
75001
64040
35783
29452
53020
65117
63846
505
25083
9855
95311
39901
27119
58730
3007
91386
33209
7455
79371
74971
67570
59874
94316
61436
32645
2838
17549
94165
76606
97727
55660
78493
62427
19676
99336
22246
5533
29468
97572
95310
15942
3576
11911
56729
22475
35063
25475
51086
40373
85076
61739
14704
4038
53723
62529
72111
63287
3393
82784
17423
17759
80887
76633
30656
44618
92611
59352
15373
5223
68037
65574
14298
80447
86378
74843
20980
97716
69554
29549
38972
57821
76925
29752
85279
6493
11437
14844
17946
13887
46606
57287
12384
73876
98132
23628
31379
18044
74819
60526
41129
49874
30715
70578
85869
57695
6615
11904
83842
61902
61361
79458
70353
62195
77963
87186
93855
86581
50830
59029
68380
45405
39059
15714
69439
8697
21275
73577
80314
29995
13150
34266
52510
7163
44244
66183
63467
92810
80576
19298
39684
84391
15690
29041
57020
55367
58693
38703
82976
97532
34287
21433
89416
85569
39660
18151
63412
84628
83947
65686
55700
20881
75193
74597
74991
33544
81666
5962
98607
98351
78976
61512
73587
73814
72
4075
71897
22638
90506
70840
33690
74148
20119
59307
2423
61408
24557
15702
5801
34308
85581
55622
10708
18814
22435
1449
99430
70598
33454
41058
29480
56768
20369
8992
18095
85668
18949
31474
17985
20848
22041
90944
79978
67696
20551
75538
89149
80255
47644
11872
3954
88915
5979
9455
91606
92103
18333
59396
17941
77774
48132
75165
31601
72006
95114
48916
41928
75070
53445
25833
9128
16137
41559
78101
20190
32838
78913
98148
58165
69607
1875
7946
98438
87145
65238
84901
56550
41437
6048
98029
67800
56297
49854
4478
94116
64053
41838
59230
11169
9299
7240
89296
51937
93456
43082
25501
53612
1158
36676
97070
74305
10089
15622
7362
44699
84789
43668
36064
6118
13462
77226
23925
9494
97252
70578
86241
82695
21863
88126
30937
26136
81857
15766
71844
41531
21069
73518
73392
56161
11557
84219
26441
46380
97825
81466
84266
19714
76700
86637
62602
56911
25988
96506
87990
11016
65961
6551
52833
51060
40519
7116
78801
68779
34428
18899
21311
11339
76968
9764
94894
45815
94718
97078
60938
30803
37250
75156
3049
65360
92380
55084
9137
59290
4090
82868
30597
92564
60491
54801
83435
60777
39937
98714
9222
28240
5619
16181
67367
21987
48657
9221
46505
95211
11737
96841
41813
38987
54578
94702
36452
58934
46593
11241
97489
71677
30313
3220
79860
74336
56144
58540
95744
49667
78779
51703
21331
40858
93515
3838
46889
27535
97116
9311
68276
9158
99404
2106
29908
44406
54314
8942
45099
57138
66897
98108
78658
60418
73796
79332
51113
10037
37218
66811
32812
74940
9309
6280
49761
11812
580
39266
44721
54145
68664
6966
381
28737
51367
23258
93064
98789
41192
16015
65531
80059
98877
77335
17866
59898
75057
80737
74680
14364
52506
14688
64084
88107
95691
16193
60051
15557
67318
34890
86926
55036
47841
33946
21617
16860
1098
6407
76335
3269
5450
53029
52641
73407
30762
86949
7466
54809
25632
30068
47151
66865
86861
60694
51673
40049
909
44334
71962
49183
73631
95374
56578
78352
73795
74816
42416
75034
47145
68929
9393
75478
59668
22585
83491
98924
12485
73081
45929
97898
6975
310
53083
55698
51
93941
66789
2979
31055
20590
76489
43475
45880
14038
72665
53440
84441
59710
42935
76028
85401
15590
5433
15957
46700
5748
99084
26033
87797
17105
24434
27994
10470
13178
19697
42734
4375
64248
77753
61588
88717
731
54736
38038
92158
90770
49715
5276
56860
73243
94984
83839
20279
18702
78468
19515
44119
48270
44557
85140
37208
92430
1937
5929
78901
94672
74230
54365
82286
57686
13343
52006
86979
18030
71228
74848
40875
78748
52985
19845
40891
37278
16694
45238
27257
70662
36081
78729
84937
63083
8584
2599
15502
9402
97065
17470
22007
30625
53947
35937
74202
48550
53389
45184
60408
54251
81714
52104
66418
92848
56753
35397
49151
5422
71798
83390
54076
5788
52354
96620
67152
5266
25682
36124
49446
67407
86858
11183
62194
17091
95588
30720
78237
99164
57734
54792
77686
3206
13211
88437
50215
94132
73933
65300
17506
85689
86492
32876
44294
21186
52305
18206
67533
57969
24907
71587
90945
76433
31551
32368
32414
81227
13633
26802
82887
49297
10470
67465
45480
66921
84402
40343
16523
10341
75565
16816
48610
88536
79829
9149
51588
41513
82115
67661
40777
37466
83114
33751
25609
94761
25057
63356
92162
60378
21014
83656
42387
2893
13034
17511
97003
87893
33988
88725
12879
5101
2824
5581
81181
33234
23047
85600
64595
66875
18510
92904
17742
78013
46302
68840
24158
31028
33099
4399
5427
43255
19701
46129
60217
38011
97981
42872
88350
10518
10588
18347
14325
81344
16463
15835
11359
42877
31688
4801
12699
74665
9430
82322
54159
14504
50412
15480
47744
18851
28883
51534
9141
20800
9812
79489
26093
26049
41211
55577
26984
84558
89653
45229
50782
22863
96480
3917
71755
65390
67208
28343
24600
13249
96321
75910
78079
25275
98912
19423
63971
36205
29544
33312
55391
96278
79601
4868
35484
60449
59162
62724
85138
10990
25963
50212
3569
90382
58098
80752
52750
26410
18886
6639
77531
71430
35106
43263
26758
11913
44882
5712
72989
16919
72265
94325
70477
81154
42271
33731
85220
82950
79311
99980
86104
12566
85991
59741
54571
53144
79478
31232
78182
35746
32533
98340
94233
23676
87953
93896
15164
53869
24435
64764
29157
70446
75399
371
54335
63317
61385
66870
72127
76545
23216
34213
131
35787
83982
80458
41182
37089
96800
9981
79009
85855
86740
90610
19588
58662
83875
40020
71950
32555
21534
19751
78440
82826
39567
15738
6070
60408
49090
21918
8096
81917
47202
76534
73818
95766
34014
38195
9722
90093
46861
83208
10358
38038
79663
61496
96725
54971
98730
48754
39003
30615
75605
16256
35428
85841
2059
21477
85530
88806
75165
2759
70153
73209
57814
37999
94049
99848
33916
2536
1995
4474
47946
86600
29684
55967
65937
77689
54044
76487
39539
39472
58825
44130
97013
86316
23769
95438
19607
69805
30527
39773
70458
64970
73991
74459
98000
58765
72762
51315
1852
19000
74819
46528
42645
14340
79312
70829
14942
23186
51414
32044
9350
4326
35346
84490
70183
46542
537
92149
64416
35530
99655
74299
99557
58495
79534
62718
24556
88420
88994
11279
54600
65398
41991
8338
69588
27274
15902
6445
57310
94325
63079
47294
68456
25709
55651
18848
22775
94492
4817
49692
5808
14663
88678
41123
95594
41390
9469
36222
94926
20404
11354
82036
31595
34506
5256
32592
33243
85815
33225
30478
85214
50020
77027
7697
86590
8841
16829
19347
11822
51928
71299
88797
48964
84025
80108
34506
20566
28027
38431
2857
6721
5927
59976
94842
85013
38716
2494
17480
60856
34694
63145
2760
5042
40584
26579
92593
17762
97366
17068
68435
35793
79045
49752
59669
20254
72085
16642
33085
44614
13454
5566
739
70541
28979
54841
62277
98962
25971
80995
49155
89491
76790
3973
13126
56082
68929
44938
45865
37124
60954
41877
76787
64690
26046
6350
42590
60476
62600
21365
77038
63944
47614
48880
77818
66978
30369
3919
14682
7730
79799
85903
46806
38755
1167
74304
32899
13795
39061
39453
99991
41292
46476
13554
16414
78088
25949
95560
23479
43591
67230
62491
61389
14921
82156
29575
86691
1803
29285
44804
63562
30375
8786
64767
85632
12448
39673
85572
16028
25438
7898
38362
37680
27607
81321
66961
79434
66490
64636
68193
10003
62714
73913
33281
83157
83638
22998
15621
1914
24633
65177
97997
72008
53207
27807
62206
31423
87410
97688
11298
66218
40238
90703
26389
77196
97679
60192
71852
3060
50121
90482
22791
23836
7017
26412
43798
27212
28127
49230
22676
55991
45713
20173
89749
59642
66357
59359
1972
90468
29711
60264
34108
69144
83011
74947
96357
31956
35177
2001
32959
33773
844
47868
69442
1977
68950
17475
11550
72116
15385
20453
32104
30835
6309
23234
39524
22974
62166
76032
91905
46445
94681
86140
1352
5577
31
70955
38032
9544
49650
93413
70627
28645
92565
33722
93077
52235
57940
12945
80109
51678
13462
88047
41919
73384
54741
70457
55777
61374
61670
20499
48744
77881
63254
55031
63473
70932
34888
71449
19403
82033
88682
29899
52948
31723
73233
97752
5190
2572
35359
62868
6965
57603
36306
5462
16875
23735
98613
1978
99635
22471
87700
17064
96416
49993
75986
35032
83824
20964
46585
51899
86782
92112
13187
10603
16068
81389
658
86216
60864
31662
86930
77583
82936
49090
56450
22808
15212
75699
22204
96525
11945
82629
39110
47387
54119
30855
15937
66153
47198
9619
19075
57793
6482
94786
82104
90353
81346
83046
32870
40965
84403
38475
41101
57025
28242
11242
58260
94151
7880
81800
32749
9858
7741
33640
42900
60498
68483
77944
51739
86226
3185
73088
67356
32982
50813
7346
62378
10702
86737
22138
29254
48092
78477
54308
96715
3177
75005
6407
81790
61446
38619
46825
84963
15722
72088
91969
65664
74798
46971
61601
87278
70494
32954
16308
82418
49384
56469
76111
47901
33668
85910
62099
29082
43341
93336
9905
36740
13432
97357
79439
43464
77966
53384
50445
14727
53448
95932
88894
21449
88069
11984
44040
57373
60214
41325
5831
88791
63610
47668
20555
28340
47111
73104
87327
70907
7432
35975
41286
72575
53944
26475
64695
90907
6315
35595
44524
65927
80658
1437
89668
24511
28816
17407
54927
36357
30021
22452
79145
12883
82189
53093
13004
91275
34669
81384
84609
26570
72384
84536
34177
49321
27758
66427
96562
42519
99888
82583
40985
38535
26386
42056
59152
77956
60858
44455
16114
77465
13814
54480
29484
1271
66994
26248
19995
69862
8190
34696
23869
3970
58407
37982
85347
67761
56492
15393
41793
93545
14438
56173
5371
10098
10718
34245
67227
97936
29119
48739
28216
20229
13490
19473
36062
24063
30957
45780
1226
56898
92121
10820
35149
43944
95513
19433
22680
81118
13025
80053
79618
91501
93503
80284
81488
95625
87056
18449
72328
1376
51683
70560
21109
45867
15768
24250
46642
9086
46214
597
4455
90460
57142
83945
99548
34767
31864
18305
84304
25121
4119
61055
2407
18739
77406
6580
64120
4613
12314
39741
58634
41527
49008
90908
41544
10579
60168
52031
17327
5503
31449
60263
60344
29719
52662
39020
24067
86120
77003
75448
3236
63553
57811
62853
3931
13991
12727
19447
78494
10132
48084
63949
29980
77741
57644
2316
13580
93726
4295
89334
31165
515
80379
27949
41733
76703
19156
5361
7971
83506
57040
29160
20838
97420
17840
23255
44966
84737
35141
46422
42563
72138
51506
96103
99719
21097
43459
54573
44911
35036
9432
48274
5323
1045
85013
52187
13617
4362
42692
88909
55306
78307
34418
28769
28683
46390
61822
33005
26372
12679
79216
51081
83791
29116
23947
32934
52216
62559
81035
24469
9126
49578
47678
51334
85380
25270
10555
1266
98003
1670
75073
27237
75467
61726
71605
14707
14070
80627
25862
57136
24330
30932
13033
91668
5471
33703
16308
64070
10169
21771
4733
72069
42790
44990
45751
94220
44281
6296
58649
42293
27567
83495
46920
87732
46045
88307
6257
95617
82684
26727
72294
39312
49351
76443
49468
38079
87576
91372
23713
25658
35534
27671
9363
5565
40023
89497
23865
48544
51949
93112
76540
36433
28215
51300
6277
46299
47412
88937
59781
29115
70643
17373
25215
70798
67012
20336
21068
65094
80182
15580
20716
90125
46648
16533
67929
42995
61574
43670
86147
34177
10162
32387
55798
89639
45399
27284
39913
87021
37216
92270
90533
5398
23729
12436
17115
9297
3432
15199
41809
60931
94917
39030
38562
79055
83729
54555
22580
80308
3041
45041
2745
58970
56103
18926
64917
95774
4154
8355
65191
59711
50154
37642
50485
71036
99921
80326
73640
17561
21255
94941
62185
79988
82476
74373
44500
29722
39352
88814
35607
62697
3639
9836
71821
18718
82406
38799
35415
77201
59075
54466
43630
96935
97396
8000
48605
25029
29548
58696
21479
8506
24911
34115
3322
99182
6267
88504
81219
36952
46384
33236
85961
13498
35597
13150
54641
26699
23766
63794
71699
47217
47167
61794
2851
67399
70320
21720
55627
9823
79267
73342
1518
47256
68923
67629
75288
90973
53059
81896
94798
55197
37385
67701
47164
14644
94909
58642
47781
12896
12003
17742
8797
20313
40106
75148
22577
24574
6538
91611
83343
59248
58331
76638
58623
54879
45117
21636
3946
40539
66976
68179
25519
41085
19099
16542
1262
80387
48179
72692
70047
38844
35247
75994
23408
4141
50590
4348
29871
87374
5465
93447
68433
42980
59787
34320
69972
22376
89092
20218
41836
51346
34215
77680
93864
83125
96465
62306
52962
53981
92231
35229
78554
24597
42025
60227
19467
36090
26295
96758
96138
98569
83854
86712
41391
15903
26783
90327
27054
30325
74090
58442
64845
82032
50341
48633
78619
30447
73395
55043
42362
88071
53748
77999
51469
73765
41710
22964
33615
63747
36835
46509
76146
19731
76518
35776
27979
70944
11811
38946
61154
8256
26592
85061
77948
40860
9312
44033
30482
28511
16201
33701
41078
50531
22427
22396
61762
1379
48562
1687
55400
52751
60639
93576
62941
96424
39558
50395
29927
72871
57496
54929
28184
83501
7112
87041
64120
62045
26257
40841
76836
70203
80110
13578
62326
59201
64310
2296
76011
68024
3946
7696
67992
94078
47347
37539
72386
35599
78946
7493
67392
34750
9920
4248
82586
40765
61387
54182
2968
27111
8344
5594
30338
63757
58728
64906
63655
15605
60485
33646
59066
6668
38494
10040
79094
4391
58456
32473
46369
58131
34690
3379
90992
49194
94620
79079
13015
2182
65015
82360
42268
3763
49621
1768
12005
35556
34044
90626
4613
91674
81209
87588
5519
70833
62962
90789
56505
97121
66067
35671
33614
17556
92481
64868
90676
5447
61391
98571
18028
40646
42457
75716
5343
7925
87820
4841
20846
46873
56868
67692
47598
12538
77242
65484
93007
38914
89366
22435
3079
83415
88623
90719
92409
59470
67130
90046
82615
86946
21306
17499
78545
55881
31100
14735
17086
22620
71427
56167
87677
49252
3811
8495
35645
79410
31192
27065
36417
49944
27759
9237
39538
52586
86012
97838
38264
74328
11418
11536
68298
52211
88007
34408
24109
96331
16227
86972
10450
37680
65417
46543
24462
55022
66864
19912
98148
68599
9857
91822
2576
45547
21494
98387
49573
25781
38466
30515
62682
13711
44115
62776
48370
30800
68417
89494
5752
54699
40050
85322
53642
12064
73433
41906
6180
54243
76334
34132
80285
44202
43737
14634
60669
44616
21233
83968
59996
2691
50088
49212
6384
92644
3368
36325
88704
46886
28666
59342
4810
74527
20312
71787
8763
39027
11574
81058
47369
92284
10273
56906
95585
44580
49770
2548
21245
64559
61650
38803
82276
8223
15073
85172
49985
93952
4404
85527
6343
36029
65108
89534
94422
7970
22832
31370
34170
57448
56844
71950
79346
98400
82916
73427
51686
41875
11279
62144
3550
21024
65812
37242
15167
23281
57256
45
64051
99464
38045
54705
48357
39553
70529
10915
23422
1138
67984
30897
56921
34764
69097
37905
95950
77958
88138
79959
66610
40268
51263
52008
44417
65876
93019
38796
45283
63636
8157
9980
40933
66728
42659
6634
15012
10696
97197
49399
62653
72331
98226
51929
26885
78299
50662
42936
96887
5128
23627
29783
86110
10823
19963
19139
75665
333
80309
39531
92835
78078
44776
24301
76541
6101
82307
49741
43686
38178
91883
29866
42836
8261
11131
70972
68179
62946
38542
89434
30515
95985
57667
41959
5347
56702
90956
60803
88065
90930
31144
71631
25035
49793
81507
51336
35809
35386
84360
45639
72069
38680
92252
15753
90075
35637
45169
65960
67926
72167
52664
60024
17272
42034
19696
80703
99514
56593
11848
41169
33772
62016
2191
94705
96443
62843
97314
99139
25124
62719
88106
58521
91638
94653
51197
97266
95145
10916
36196
37522
75836
54033
46557
89274
44872
7872
69746
68740
16187
81733
62171
73098
44302
67475
6544
38394
63101
91358
20101
43976
36910
48615
30439
63182
85437
45051
41561
2115
75064
8706
41164
60199
15610
80911
32755
35076
39703
36172
15411
20291
82061
22801
59997
32404
16302
12773
2665
59433
16891
46430
25952
28044
34589
46357
4093
70895
58174
43461
19819
78189
78189
14886
90536
34767
90582
78258
6344
46038
16623
91855
57092
92086
36995
4550
37783
12085
39210
65143
61009
82815
74652
87605
86220
21735
940
29650
93153
28817
4183
54409
13345
51800
49987
26500
64697
83118
9030
11989
61482
25193
64543
95766
17956
69783
41406
67520
15697
63640
50619
61156
78538
91190
25615
62592
956
70855
95027
95429
76393
2930
81218
99690
65638
80516
77920
77260
99432
47026
12851
73039
56169
78108
93788
7909
15177
64305
1331
91832
51434
34774
64756
4885
3159
68358
21340
26328
82971
55185
46225
65761
77782
10386
51188
39266
76648
15407
53596
11026
2519
96868
72046
30601
77142
20462
8801
40867
77113
56784
70122
9863
59003
53419
62004
90276
6062
41677
23311
49423
91398
80302
19643
12234
49557
7076
86332
46120
48918
12670
10341
85724
78486
54065
51524
95746
17681
3689
47380
56509
609
79877
2633
58717
39289
54681
36052
12313
32818
34056
16986
78677
86874
8644
44484
48977
81538
8855
84613
67120
31068
8160
83440
23235
12311
7636
83453
44275
22392
96784
97829
73888
29386
21041
54830
13315
5393
72042
93862
10601
35532
54310
29008
55024
94481
78042
22246
98812
65797
62015
93113
79923
47440
53762
50830
91263
12490
20797
51431
47354
26595
34296
5420
22404
92066
95917
27557
11285
53489
39515
15961
70895
1193
8789
89837
50459
56924
43267
71211
77274
26465
52656
93155
49671
51844
6618
9808
74327
4292
68229
8592
43324
95687
51173
42641
20347
65296
10066
37275
26835
41783
21760
11240
84692
33405
68184
5714
52527
61117
6511
28839
87343
93425
27759
73250
15255
73323
61968
84995
18842
36119
95689
7344
33845
14668
71730
12365
9041
29409
42259
92190
41764
29942
80111
20095
76866
19941
70568
80244
2495
31140
31940
93125
94601
22392
91553
99234
46205
79050
22606
88152
45864
51550
5224
52506
26422
47715
93333
22658
95995
18538
95059
7403
17431
64632
83213
46837
68079
87646
32196
74298
34877
9395
55387
30320
28439
35854
13249
55544
86983
1332
4862
82412
31061
36729
11769
44675
8924
56016
91167
30044
49008
32297
77084
61139
4897
79334
31803
49829
44490
45488
79269
44212
57834
82726
85113
6573
72565
53529
64774
3087
41150
62479
8605
89467
62031
88708
5126
17570
38952
62191
57506
8436
15592
20611
11916
96459
1210
73705
6868
35527
92396
42082
74788
1912
63975
6096
92960
91140
82068
61033
16919
47764
18903
98816
28919
6525
49759
36986
93723
35621
58260
37935
82896
95418
47005
24794
92643
17506
55813
60950
50857
39394
88281
27952
54293
56685
94571
92087
19191
10008
61015
74501
16642
15778
85453
85267
91054
7858
5546
15902
99186
24914
30136
55440
94895
31961
45330
32963
65225
13407
23520
47658
23360
76906
40421
86830
83438
36426
49365
27259
51182
18798
75539
98138
29554
54746
87401
99373
37264
39383
42465
26148
71772
67929
28113
60481
92566
96866
28374
81381
62376
47802
53545
51052
6528
30697
54902
20509
30440
70639
68466
87923
72470
45882
74574
45557
63561
19839
22519
77881
8182
95610
34269
68445
11648
7404
64464
54974
32170
29245
33261
30696
49129
65117
8319
2972
58453
56560
82192
21707
81494
7513
34454
1841
55803
41472
14633
7769
51239
39395
56239
1203
56101
85126
23286
74429
39094
5970
65387
29770
46945
23796
33766
69796
33991
69505
18203
83913
20272
88220
2265
20425
63696
3912
37720
43356
365
92289
447
38241
76961
10676
65154
71556
52022
91977
5417
32830
74366
60060
8807
66296
29504
70837
91914
19607
54330
90007
44971
50949
15123
68704
99890
48352
54004
44518
93088
23218
24370
66389
25995
51451
29331
6692
73495
72172
93971
88256
48380
23913
85206
71068
47873
27938
60294
18106
66733
94353
69754
94038
25171
86401
95699
63603
938
99779
20533
62848
10332
470
86268
13827
23227
37307
27558
93328
38374
6662
47973
11731
70916
15691
39430
39527
61254
65107
94346
16913
2020
51753
70962
69461
81497
26478
93146
43441
34919
89117
58845
55576
2207
69957
91382
69370
39958
77142
9662
101
80041
1278
11638
78463
1171
30788
48836
36137
38371
42660
86356
87720
69662
3345
96523
46209
39339
843
33371
76088
99241
6666
84707
41227
3647
36582
95781
82077
59676
23625
54428
46812
77527
78487
24666
19780
88728
90137
30535
21434
7958
66825
479
96197
85239
73314
63352
80927
89348
96537
88165
44212
94851
41674
96453
84296
43386
72382
94646
72985
13225
35039
47617
9451
58918
49963
51922
40884
474
50212
96899
49957
3884
93065
71913
61407
56267
52509
67065
57649
94441
25231
67855
43300
40324
37228
7934
9339
8131
9841
86476
85133
98606
84441
26435
28186
63580
60383
86051
72435
21223
65732
78336
88381
46679
65663
95150
53505
48295
89532
98860
55188
51453
86360
46327
64567
38587
24965
4434
77562
78565
89693
63102
35970
32135
41737
50064
27408
28882
57621
47339
5386
93753
79379
28336
61589
61701
65647
77508
8503
52095
4288
59127
85336
54744
91374
1922
79646
84699
93336
62080
16639
79537
79666
25662
32024
59928
36502
71084
30078
3583
52985
65071
87018
45636
5563
94929
43799
27481
59927
91225
76612
67517
54316
51704
9376
61805
27208
31202
89060
80672
72201
43411
88258
11306
48385
12558
33139
11762
73108
80258
65859
72789
35248
72498
26445
45107
55344
77004
76438
49190
709
51207
99609
31023
13971
55087
17799
8106
10434
39071
94377
46379
23540
30895
3001
17680
53596
5092
75847
73790
14455
59539
75997
77179
86877
10870
26887
42957
75766
30425
600
4632
35524
14243
58552
50535
50418
12221
45775
9198
18723
64457
64351
93270
61615
30215
40871
27765
50059
86618
46860
54936
4687
92701
56902
26012
49105
7825
66478
21436
41584
5355
29200
53814
67578
73485
30241
56710
83142
13332
29962
149
43686
28147
9701
84682
41351
976
38116
6571
81810
10827
23963
63290
54512
66101
63480
1384
32001
78330
98417
4055
33191
10641
85568
24936
13554
19529
16488
89112
40009
91808
89523
5047
82943
9550
75899
16606
79767
21228
37661
90752
1810
9467
62370
26839
33768
80634
23661
70182
39290
74272
64329
42147
12227
70842
91842
92272
11559
89349
15911
59812
89822
70948
31207
79996
40330
8583
60050
66870
9325
94564
23265
58208
70480
76918
19150
22148
91140
84839
59194
48156
41271
88636
56357
23066
2885
92147
19424
52706
63290
99096
97848
26182
18224
76244
92106
35232
79228
73948
23750
34980
82444
97583
76086
56721
36798
38558
68644
97599
74661
87058
16951
46420
39091
64676
72422
82941
5165
77032
86357
45640
16164
95649
54292
14523
86353
57176
80084
8051
67184
73629
50965
26272
12171
17215
242
20548
78873
83478
62706
36787
41671
88411
64578
23418
91653
13599
49782
6376
47074
2503
62113
47156
25338
87795
50341
92313
46037
85035
36180
55948
81071
1513
96819
55722
49647
12414
18873
96735
33542
37941
85735
86290
58027
84319
70788
40169
4594
9799
16599
80254
52621
37755
64351
79530
28901
60765
66184
17446
85183
80943
49755
13502
48396
67546
36771
54507
10393
99045
19455
44998
2033
93683
83226
90867
54543
71412
58227
51656
42901
19335
88820
9187
96882
22935
57630
48037
14527
47345
90108
14658
31813
10624
95907
66557
91742
14538
18981
7564
92711
65382
97957
83117
72232
6701
23359
71103
83612
35871
22271
65143
67299
10938
34058
51664
67358
65604
61309
51244
87870
33608
53579
41497
67583
78622
91335
33606
93728
13407
25940
25966
87185
31729
30228
52725
21805
24092
37447
64672
16313
32838
5566
62167
51759
81312
72357
38532
22741
98169
37735
42224
61916
92124
45464
42846
33399
77064
85727
74718
13335
6455
26100
6113
10802
34681
1631
20808
84841
38801
48623
58234
51553
11794
16721
17421
83568
3397
10314
29351
86728
65694
83040
86676
94681
82583
63444
38708
62115
83120
97193
22228
99136
34258
51744
27324
54904
98607
88046
84729
42151
75417
66925
77182
57149
73263
93937
70818
60437
23850
84592
88149
2118
63095
85735
33345
44639
13748
50362
447
33225
52289
64934
89959
38182
95117
9927
27101
28723
64613
15902
22596
20448
57956
78621
62141
60475
2957
27871
11401
43042
1389
55779
2265
22259
23085
82098
41036
23436
19144
38170
87536
75019
16695
31429
9520
14780
87176
90890
33708
19725
68840
65453
43895
47493
93901
12715
2022
83317
39563
70515
62526
81069
98815
70950
45460
48363
10668
73849
33344
91119
41056
24761
79993
17771
81438
19048
46290
18869
10100
90360
41161
55084
64588
6471
3305
6880
98620
90573
66456
99976
55193
14296
76978
69868
93957
23204
84782
25469
68933
86832
95663
91561
34081
22570
77197
23080
62713
80450
84380
6652
77044
29671
42834
79093
46255
86164
89119
44661
7115
44230
51590
14565
71403
5924
92301
13792
92834
56666
25908
2893
12428
48413
92582
38861
95940
79904
93021
87124
79695
58930
20514
7142
34593
17402
81692
9829
72354
15836
52119
70033
50294
38872
93188
43501
15982
32294
97100
5140
35209
67553
67937
34862
48900
54383
97445
49271
34198
64249
71092
15995
55929
28537
77480
66747
72239
27729
84143
69610
36973
23990
91904
9351
78870
54322
52177
3458
70519
11371
40190
12266
45286
95854
3094
11098
43698
6953
80263
95948
73900
99446
92135
46075
32192
89415
65829
72233
20671
79011
77487
88871
88912
15741
11146
2890
96974
43830
63320
73160
29590
10322
63237
15682
52950
4372
17617
11277
87586
40285
44662
97781
42051
81566
36702
96930
81108
95576
14345
36682
80702
78591
83378
78951
71937
48455
15375
16846
39114
11106
78305
33460
4006
36145
74141
57254
4697
32885
66239
4632
93158
94862
41421
30224
70966
18507
14973
14498
7209
97108
2781
24026
47797
71627
86965
66050
25447
30784
87973
46142
65682
16613
14397
70196
10807
31105
67012
18248
92741
31891
96098
53749
97671
65429
19395
13969
74851
89920
71130
19772
43129
88661
95922
98909
40324
59445
61376
50339
98484
40372
91074
10816
46959
18588
50944
10882
76862
29806
31862
15350
48189
52613
94505
12970
84362
4711
8114
80279
8933
30262
35784
1538
41138
33729
44249
75130
19469
17975
63700
14694
99485
40173
22914
60386
44283
33787
28400
78149
42460
60202
10550
65146
42494
73620
10230
29929
18249
65504
65163
6383
27501
97490
77895
605
24989
99851
4100
14678
20493
76456
74984
20258
41030
97986
65183
83469
51360
8596
53137
33652
95000
45764
85511
45592
689
79031
81152
51359
38539
74652
13664
10429
85484
39262
72614
63845
92629
39127
62377
45194
28455
87606
7980
19440
21639
48890
87052
27594
85946
44250
73634
21083
90543
51855
60479
65881
6784
64585
84457
53903
62866
37444
67307
82575
42022
94199
16802
40557
99952
1972
34630
48544
46509
13357
19456
60906
14778
28711
49451
13681
68356
9831
94112
37329
28492
73794
33504
77380
80036
54447
90247
21116
30526
36209
45137
76781
64623
57851
55561
10596
53528
7087
55081
22038
47483
46835
43347
42779
96432
72704
25729
22250
23980
52997
75271
71030
86695
86149
45176
9497
28202
37606
11122
18839
30017
87167
59322
95091
48142
94652
4275
40139
99633
40244
5532
21441
36321
22015
62453
19131
78361
98586
89086
42943
14527
13260
85540
81385
37671
43931
41560
32982
70618
33972
70225
45866
96055
5223
1899
28988
43400
14146
21476
32014
88201
10
76834
20350
3653
33705
4122
43803
90844
66220
51931
23372
44610
11734
96451
72592
78510
34046
23673
78197
41771
13004
48304
92192
17572
79106
98301
23671
31741
12362
25177
17260
36392
63385
36750
56799
4827
41374
95937
22315
73765
78211
40901
36784
72289
47494
89958
62993
80515
9197
36610
97640
84862
11053
33658
61239
85984
76548
93354
9361
6530
70588
58631
16369
9246
46245
95542
60421
64987
24393
78306
48129
74649
32687
160
57800
75455
73552
96140
13922
68542
920
64361
1922
13973
25630
85697
40534
85953
19300
92245
87548
43523
31392
31101
33350
35105
83945
78756
47523
86551
4297
85497
53825
69626
28098
9970
18738
32639
38555
88881
42009
27309
73131
11236
12633
19955
43228
72686
43198
74250
76818
85863
78140
71663
97335
40492
24268
16671
70298
73938
74307
65699
53317
74669
10972
32203
42238
81825
51874
84259
99821
2693
1904
81564
92291
70026
82427
53359
4443
9280
87513
43880
65212
25791
36775
29777
32567
19928
67299
93078
14544
95826
91756
13094
9144
54832
66789
13287
13109
3832
10620
46308
54521
51529
16375
17581
31966
85245
55303
63476
25796
88272
55962
5882
97329
86814
8607
58327
21485
7492
36998
7155
92456
74702
48390
40426
85629
45876
15943
55549
26985
87262
31326
99518
22215
5804
20958
37128
65235
66698
25688
50841
35259
25649
79965
341
3000
85583
51292
56141
60122
83705
73026
43838
79051
43637
94023
63351
96674
91000
50106
66015
46434
25661
65228
13857
94135
91437
32956
68269
18114
71666
39352
14600
60895
28226
97533
19312
50518
80264
71921
67098
7390
72575
39374
97633
97037
42820
29670
24990
44911
72102
57743
23708
53790
23521
88494
76561
63714
14988
7747
68917
79162
8707
75206
5247
26510
11751
58977
80214
51048
98451
76336
32081
7245
21662
61408
39340
79195
29726
54145
75381
52783
93687
4362
56345
14600
43498
68020
39405
88593
36181
87354
67804
4093
20932
43471
82949
97404
24390
23582
59255
83095
91499
64144
91082
91286
54764
60561
15445
67316
50298
3360
63360
14754
37761
74969
73845
93676
29638
8587
7731
65309
60383
71701
13500
88551
19059
58510
90971
18620
91148
55524
93808
25269
25275
41991
7595
47713
93760
24407
47879
84889
4192
90473
48998
48115
98794
14104
66834
99827
65082
11898
71782
46995
4115
77092
36582
20549
51536
48896
8294
88422
57501
19177
11688
81102
44803
61127
15891
26239
1220
7361
24794
86613
21082
76974
1183
4318
30027
66975
84505
54459
37760
55411
2561
95688
51559
80525
73938
66494
18864
19107
15460
92110
41590
53092
91236
72532
44897
27976
42688
30781
69957
50195
71268
86959
92894
59287
29349
14133
54244
23015
74874
26496
4191
3047
5792
56459
4748
38757
55943
5394
27812
56969
30360
87041
14706
40120
74683
49733
42050
92474
86258
92040
85878
30225
61661
28613
81567
29863
11172
13128
11573
33695
76989
48957
56156
71335
43230
35921
74204
87765
22254
73095
27416
16734
65002
58396
63731
70933
90240
49430
22676
43410
56873
99456
53387
24187
94838
56077
73112
53266
21351
33646
52699
62356
50849
94588
41858
56393
27166
98768
58439
18880
59849
37392
19194
74943
74052
11059
89850
37138
84211
56126
47761
49141
90211
84047
72500
8328
90184
21515
45696
56587
63116
61167
30086
84299
28436
1300
50756
84946
25182
77515
45608
53427
27958
45916
72809
68233
31954
43479
75210
33283
4401
53470
5690
77648
10893
94035
21992
54606
27864
36644
35780
73971
73315
81192
31220
62072
54120
42180
88466
46739
64649
83138
73351
52565
94493
98034
34585
27379
47135
73210
3029
6557
68320
80866
22441
21688
28654
93006
81286
5338
68493
10423
97885
54090
77160
26903
93862
40510
7272
59716
49459
28082
37750
70815
28484
26256
94868
38528
10022
52537
29253
13800
97781
7522
21407
29576
54693
16380
27443
66348
31565
77224
2628
8160
1394
70634
3132
75717
42117
88062
74721
5351
63573
37617
69265
40132
17163
27020
52725
18179
10512
71971
51307
41522
4489
29377
72582
62573
18666
57785
66500
38097
52181
98215
16298
34346
22130
15874
72159
97926
10870
60347
35499
64536
36664
28785
34480
8149
50606
90541
34354
59922
94423
70618
77274
83801
12345
49966
75636
73821
34344
27377
12535
59047
32990
55994
25905
31963
51083
81632
48521
10664
80047
80982
67216
6710
69147
2939
68397
64253
60306
38884
23487
14394
13038
34158
13511
89952
68629
19686
26254
28987
33983
91796
56772
63383
44298
80021
2404
92566
49883
20771
77537
652
6234
84058
40095
37463
11358
22241
36515
91483
96575
55199
29151
3473
92615
93099
23400
18866
39554
39016
32177
66415
43320
5696
21978
56151
44507
27227
71460
50521
82356
73374
31992
70020
68522
27597
16704
26922
34175
46827
70689
94162
27331
11924
22431
26901
96608
92904
94656
74693
70952
2491
11900
27044
24071
68493
62439
33522
72176
9237
72383
94511
66452
68288
96362
90303
13694
66610
98573
28228
20300
63924
5618
42082
8372
59722
89920
11838
69381
38265
26033
74943
51453
52570
30872
32938
42426
16655
97224
79196
65419
38778
16423
36236
28193
48347
22060
4046
24973
29306
96727
6300
71058
72521
17631
24815
45983
59779
29255
89544
29945
38768
67946
33181
25773
41473
15049
5934
11370
20031
647
86724
4409
32172
65625
37427
63929
58322
53275
59268
86385
26508
25627
12908
3614
57920
33898
57528
64984
97995
92197
37035
97020
94431
34942
62964
41543
81779
93655
10823
42624
93397
19782
84993
79441
23788
44091
55430
4728
80391
34466
76746
10466
11828
73804
2581
60853
76559
26271
53175
86213
82695
84063
27810
94749
8392
38733
92908
58147
1815
98857
84728
57920
18210
18863
29551
5859
30929
83080
10012
59089
80605
18123
14155
54879
88429
88604
12418
25479
11276
67996
34416
87570
60891
81530
92518
92703
28246
51393
43046
4466
85244
37184
54969
41430
9543
20128
98174
85365
93749
20922
34581
85852
89623
71260
39221
25307
3643
93059
54492
96828
87526
74491
55018
69732
11967
14732
51601
42472
503
21898
92047
51324
58958
70495
47142
89762
23446
44962
4179
3781
47740
66208
42530
522
5953
94069
94170
95773
82380
11055
79450
29975
5370
10553
35693
57253
69067
18168
88434
75114
13216
50101
61667
19916
9767
22794
82704
13716
74064
54697
17984
20663
34524
79970
33044
11630
14113
56667
99842
76652
96598
75957
6890
33922
10624
74254
95377
55893
4408
12774
48800
15867
78402
84345
70658
8130
93868
34384
8286
44140
68528
5095
20854
25683
85759
98561
57400
78211
31932
51707
45847
19752
87781
39415
97138
25527
75650
42943
67394
61381
19618
88912
99609
88607
35758
62619
54328
24330
21728
66236
90006
23005
48326
61279
79504
89087
77484
91605
29289
53109
16483
37320
35670
25522
44149
99159
92595
84490
2196
75951
837
52855
18221
19752
37770
89981
81695
98283
43739
67106
56192
69670
23247
71742
52008
5538
1564
49104
87769
63011
43636
93790
65336
23640
44706
75571
53844
59740
83269
45346
65530
45826
76002
4395
87170
65205
9032
14227
81097
38604
5493
39107
24766
24535
18530
87281
89006
65079
22245
92751
72555
38283
47631
86327
87077
33374
32052
11080
50729
7756
64371
22505
57081
28534
34700
42177
85692
35873
37668
8028
61943
51304
57165
94320
18978
53797
36862
46270
80071
99601
26400
35328
84880
65047
60464
30568
40285
7859
917
54374
99797
62789
6136
98952
79984
29181
69985
9185
49501
12955
3799
34063
90464
11765
24819
47615
75587
3543
77142
34126
43860
83800
66597
74529
89618
38320
86388
76858
31303
47810
53324
41483
1434
40458
54258
93377
51163
72841
37574
10001
35113
12720
15698
84277
97053
30437
71011
86218
25714
41255
36550
45711
15525
53371
52517
51593
44219
90583
68966
57783
80892
62004
50146
25519
86306
2788
45550
17520
8546
21203
30432
18736
13293
2176
32038
65612
19629
80795
29021
3353
29020
66415
27726
93295
87692
15165
71434
96265
5088
95533
91598
34087
37535
31588
74834
5400
88819
5854
5172
45730
36783
80924
7059
96255
22986
11396
69976
81794
86927
4194
68578
49822
33684
40080
72027
46768
40751
36641
26292
62248
80463
72598
5971
78339
26538
57811
18315
86083
6739
4065
39914
46885
75162
2349
53141
39349
52368
42315
39822
9010
66514
9428
31104
56808
73078
67121
81860
59149
30599
65421
4492
17749
36448
28368
43181
13104
52868
33361
89482
35786
28374
67395
56299
79090
63037
51601
88110
87152
12065
7475
9522
43369
82135
30577
93018
80351
71001
92277
35657
93412
59765
50062
51463
27139
69927
26112
45656
54880
74833
87351
53918
10508
2053
99930
87496
52895
74126
55317
91033
75698
93218
76942
29928
28129
63347
44185
13667
95381
22504
60513
45176
65483
20665
22857
39286
76568
65654
6557
69368
31106
51194
42048
82170
22523
50836
2650
34592
86790
61617
71626
67827
6248
20454
45094
44218
31556
91684
71164
44798
38054
39126
42541
9989
3727
18167
19624
30699
94980
50245
41891
82435
46271
68336
93813
5244
4535
42282
40083
97263
48708
87274
4842
13018
76244
538
75336
65719
71842
72990
75568
36670
8017
42798
94591
76632
10258
76518
56902
94748
89630
27395
15937
56529
99834
60102
84717
637
94220
35875
62622
83241
15309
94657
58940
11126
59241
28298
44617
23762
36076
79043
84269
99214
85140
7846
73201
42258
50512
50016
93295
94547
89390
38396
10099
43655
63228
75225
39595
33145
13904
72092
22890
9541
32735
54948
80527
48410
87770
95989
66627
40817
90659
29686
11428
86676
24514
98946
25610
52364
84195
76049
58007
18319
19626
81198
30554
6359
77870
33089
87112
78705
31856
49691
34954
60204
94198
49542
40974
8607
69405
76646
61939
59281
50925
81424
29003
32185
98863
83078
15691
32922
74607
11495
16169
30607
58929
25783
66703
89774
5580
34180
6589
39959
9163
95088
44567
20079
29431
97183
66254
49936
69098
22085
94460
1354
42986
18097
42811
84164
63346
96922
12707
40995
99218
49664
35916
24471
17561
23772
38291
77176
91995
4981
40796
11605
28364
73035
55633
53417
52607
46828
55693
71216
69477
81824
95303
82239
15372
79960
34046
24855
49661
60764
4490
40233
60086
16850
4910
41168
88855
83368
84870
69320
92935
67261
69802
86910
37879
65432
37256
51562
3507
87422
53519
56654
2955
81972
98779
62921
45165
31368
30630
47408
43452
70516
62454
5918
59452
44729
33963
58162
19245
83743
17295
97560
54005
61197
30164
81363
13305
40181
20072
40553
88946
27185
43359
36404
72512
35846
98630
64886
42192
59647
16204
48830
83884
16683
89906
98862
8974
58435
34727
91486
63736
3303
23746
90601
86020
46271
27709
77276
65583
73294
22156
31317
64696
11213
24643
60140
13916
21614
5631
73255
22423
88655
50250
78599
37596
354
69590
22044
35521
38571
14950
23147
8377
10353
69405
48884
63777
37272
60987
34650
48416
72526
63785
86187
1527
74892
25659
62929
58401
70024
43428
13066
84768
86134
95273
25326
93819
7772
1838
54412
16321
42933
51862
2406
35545
68476
64373
24023
57992
28892
99955
83428
74614
45091
90793
20265
72888
8409
12121
37294
13023
72974
33992
12879
50178
80176
38374
41111
83791
75355
49349
44349
16709
78183
56704
90917
19769
62018
42789
70532
53942
47977
53108
12865
89236
49620
19357
57422
80492
97541
84774
67347
92756
35834
74455
75804
47532
15750
61246
26110
83755
16274
9318
95471
53171
55311
73226
97323
30302
78909
13752
47401
2864
81162
3553
90634
19015
47872
28790
41062
77278
73210
41997
22747
11429
24675
91799
36821
45206
23637
41512
14066
74412
38020
37904
26715
89845
66147
54895
23288
91974
59015
87888
68572
69557
62127
73364
71043
39012
10325
78525
75360
22229
84917
88146
11950
67483
61747
57799
45414
38743
63527
87106
7811
26194
96969
32663
34464
72501
28468
66972
42798
59750
54667
27690
73416
61025
2285
82303
24443
7042
69977
41860
11582
99639
67478
95181
74666
10927
37330
16231
53063
33124
31879
89970
57501
78977
41835
12346
28072
60073
60965
77703
45758
58340
26085
28737
3504
75230
25330
5993
71911
35042
13013
20008
67183
67914
29869
56277
78459
61950
49861
22516
16136
29559
85609
37556
10949
13589
13599
10980
50712
8062
63953
87841
3496
45754
93698
30724
82160
15000
94401
7004
99063
52317
37222
3551
94918
60772
23238
20529
50856
31589
85187
55610
59353
55770
79025
85331
97845
38708
32114
83330
42311
20993
57873
15419
14686
84168
66096
36580
68612
28600
90704
11126
49578
59964
56570
79396
89844
51777
73863
82593
41018
74777
68318
44369
85923
39599
87381
78889
77744
23000
51632
92090
64051
21805
2329
38859
14179
96486
5217
25610
2069
88840
32498
1790
46189
58967
30531
65219
33593
94189
15392
91465
59170
67150
13413
331
99337
28386
30102
76372
6864
76200
56124
67332
65635
19559
23566
46698
87922
2634
65906
61710
93307
2498
25363
12479
8577
58234
27207
99305
5987
89864
21202
14632
95786
31745
84938
63073
8983
9184
74630
79295
91453
97200
13157
61966
54537
99986
92557
95040
27823
7628
93081
31883
3900
41435
7525
93256
65236
61341
77591
88102
64878
56200
57106
88042
21026
23846
3287
49335
39179
72249
54815
82038
49359
25650
67563
15400
36289
99709
26922
61913
89603
11402
55334
61118
2388
77243
99611
82807
76522
68365
10959
85286
12980
42036
39255
31549
67691
63486
99243
99261
84935
68094
61354
71669
90298
59546
6144
29457
33371
1261
54182
51635
91255
32208
40895
31217
81385
71854
90699
17396
11003
98503
15626
10410
29499
97167
37122
12068
86090
35648
24319
5004
28986
37175
44888
75518
90867
42350
76227
46456
56221
48278
50513
95028
14887
69648
94814
29197
16667
27040
50361
7268
95324
84135
10383
83792
89533
86160
35270
47049
98344
95151
53196
79050
70529
51054
52583
87950
54739
6120
18544
95218
45805
34247
45888
39239
54644
89143
94277
54627
11696
17501
90829
60649
39704
74601
24322
5860
75342
39846
34766
4441
84126
59059
40585
43148
91741
26281
8059
32061
74759
66131
35736
2545
9379
59819
70274
11680
85543
91759
29748
58985
12786
45548
74979
1661
70093
84309
98253
74300
4272
24886
34067
24402
98217
32478
8114
40219
32436
90065
10615
47986
3117
15863
19348
29968
49666
17934
60668
38940
48715
59379
64403
85272
82350
12332
7024
4420
23660
82696
65977
58230
96754
10469
39815
87827
29961
24033
65651
42235
32917
74647
53447
71208
92544
39307
1557
2491
2660
98762
39911
36301
50741
39836
48508
91447
82157
20474
49416
85032
44400
77345
54560
56006
30660
71230
92065
61618
2111
75559
8630
32637
29642
72565
37706
48917
54698
78313
37622
56846
30544
53654
14066
16966
90104
39720
32833
77559
48492
12673
1489
28474
60445
88994
2177
18818
27026
13616
96810
26100
81777
97651
17641
87286
13713
64381
82264
75352
36070
29842
79247
76005
84483
27124
51773
46319
41070
73078
56877
2447
41756
90014
51466
77567
62011
81940
97112
10057
16487
60570
7940
85815
60625
54447
18089
71867
91282
77660
31338
1946
99604
81805
28371
12524
31005
78560
90841
33768
20204
69695
63780
20915
79161
26428
50573
20207
44733
59116
20950
9513
19093
26241
2410
10354
44097
85962
59968
77045
78261
47009
35522
53949
70202
25331
22356
19643
16059
33974
22259
36147
77303
30555
57219
6819
11574
4611
72988
70066
52414
73641
46097
26568
84045
84742
66934
53545
57664
89350
54860
37113
37552
68595
25364
82531
34221
83599
95720
56365
86021
20099
17947
13184
29829
94756
81174
44602
26813
67496
85768
28967
44737
95375
37084
81339
90762
19100
2712
18412
79175
66585
48224
74783
7460
78475
10258
29012
49176
78699
72347
32907
31442
12771
39960
19344
23531
68915
24601
88081
67712
1032
66028
40139
16684
32180
90337
71555
52398
39942
6189
47251
56963
26493
35013
77602
86200
11424
8254
82782
99731
14560
45876
63287
10334
41640
38231
74048
77720
76215
96721
27299
47492
44746
24251
74490
24378
69715
45613
3104
36409
92341
48745
37739
73957
2429
12804
68852
16166
60748
79520
77203
56837
82006
87115
9139
21347
77894
19407
17805
8229
49226
91960
11372
56764
58920
2465
43144
33790
15680
75663
84529
46289
99982
65617
63575
10180
23634
7967
29240
34336
53208
69827
76790
1699
96873
5034
88292
28414
80603
54377
46950
991
84126
1666
91664
4139
42924
83461
49323
16075
41474
14561
14117
90104
24927
1757
46521
95109
32126
47954
88713
11489
17433
2122
22316
14396
32097
20835
27651
77470
34110
64376
68947
52501
90784
89677
9765
74784
43828
1968
18094
7159
64484
24739
68425
56870
35158
72524
28134
83010
87020
35764
32865
75947
52348
68850
10830
94956
55906
92929
62550
48932
29904
60402
24720
10509
81996
52635
16008
20975
80817
55197
64844
82830
80813
62566
82550
86888
67975
11256
61946
55040
75320
76513
98772
88741
18802
74334
3849
94405
42784
59554
671
10111
84081
2233
66568
97557
37239
27161
41886
6538
57751
18918
53809
9188
27438
42676
22075
1294
41540
41168
82031
33476
64211
67797
23513
73498
12353
27875
54141
90669
62381
10745
8712
99657
44150
68508
68502
94203
3451
63844
43078
44030
7484
365
36310
99194
42485
68086
2290
99713
50481
67431
84691
60941
8075
70657
53120
15097
46804
93687
63032
45426
65633
12400
88420
53084
93241
80670
5328
51481
4087
47855
31878
41841
51865
22157
98471
55511
14203
31667
13455
62731
19456
74952
89965
75196
68412
92332
45636
28492
7273
46469
59407
50161
90363
49165
41125
51564
78231
21804
34502
98158
28326
79194
56974
94442
48908
28746
46232
71413
6602
56191
86582
6880
37512
65785
59085
96349
20093
89094
1015
75436
84713
43519
52549
48839
18441
5437
59529
22954
15283
4450
11397
16083
98775
41832
47491
92250
28639
55705
23478
28804
81514
62717
14195
27202
96183
65346
8247
93560
52647
39801
85539
91889
82041
78639
90010
71059
80772
49727
847
25028
96842
42601
8199
72151
42385
31803
15120
34562
5271
68642
88170
43920
49586
13560
30245
92160
72664
25038
40379
28024
94706
71979
39865
1476
32595
64309
24653
31496
66038
24826
81339
18350
72272
67355
96693
48709
6713
40990
99547
64899
13971
12350
23763
67293
8047
97987
47148
22134
27910
99390
13723
44871
84865
82937
80515
25818
43061
74103
21628
74597
45206
75209
84982
54482
83410
25347
41455
35930
50666
50960
40788
95247
38585
60678
42778
15354
34212
85559
8998
54448
1012
20136
92176
32052
59410
91989
42177
34465
29176
96780
81957
12461
10896
79500
37605
71262
9166
82406
49894
25423
6112
88767
34842
90248
9066
75715
74857
80669
6052
96818
26707
37633
17559
23803
38997
36449
3373
20195
65219
26238
53262
58557
81170
42857
35137
20581
56699
4827
77327
41943
66731
44733
713
88377
68161
22204
47719
11432
53688
4023
16890
94799
44772
93322
785
78620
42948
84008
21304
20703
34767
48643
30929
39985
72792
2605
18596
25290
74847
72056
94901
48314
74614
44567
96993
8859
65097
83456
25477
21680
14027
93433
10054
67766
80950
65224
22701
49380
25243
48721
21269
55410
18716
88361
90358
39160
63431
79070
83190
82122
31591
11991
56087
11557
44649
64882
2585
97636
17897
99858
70470
34553
44218
48401
28601
96376
73749
60821
94265
61968
23057
76591
54155
85399
39848
71237
5155
23558
66883
53288
16056
47976
63084
54425
67142
24475
30232
44820
40268
37185
78224
54003
21434
38789
75455
23214
42032
52831
18669
87456
9503
6739
14586
24493
81696
33745
2403
77240
34816
16799
16806
78611
21172
62521
19476
17227
12900
17479
63958
54828
20266
15713
67812
4968
51712
88437
96902
61547
60968
80586
48227
61486
48569
68792
80240
48354
29598
14906
76697
65092
16257
18952
33034
3714
84566
84519
11984
30031
78791
21698
15140
71276
68369
7204
20752
56207
8904
74336
40983
73849
10333
63504
32170
82864
61709
82353
8356
79839
68210
53346
80033
32440
87164
4660
68968
79266
60828
61571
35145
64549
28543
13985
89642
51449
16420
59649
20868
49747
34344
82234
72646
58501
18646
210
1038
56292
58858
57183
11542
79352
91244
9281
971
23304
76815
25584
27816
21417
95465
78708
34240
33161
20026
84206
36175
93027
83769
410
73978
35411
29142
88713
87780
34719
83167
24234
58289
43605
10740
53021
97967
55913
70528
41273
10573
13404
20789
83031
90091
82151
66005
15253
36837
67279
57515
40151
75668
50150
88095
93441
65855
88450
46113
98953
34649
54600
72861
85127
47824
64731
51606
50092
32138
65538
21290
77087
71661
86936
99646
60417
3686
92372
78884
4660
27566
88382
90988
98738
20204
32678
87791
93266
3774
82142
80475
11700
76140
32302
26591
35481
18878
4995
78512
34616
23795
14884
61024
76347
90776
677
36080
64394
40896
46429
38081
44410
92422
45785
95256
21263
63295
96660
28035
4645
47366
90892
72993
46794
65886
83663
54281
60334
35753
43145
23569
71147
82340
25053
16125
62680
79548
95387
83582
39909
3079
98976
16871
92216
39853
45576
91077
35190
86751
71967
22765
42782
70613
57699
38584
69469
95968
5331
26154
30762
65884
97995
4658
49405
6965
84504
1558
87083
85797
43394
45421
93685
1513
45732
20867
18087
25099
11643
42298
16904
48067
1820
604
43760
5593
96795
19691
85341
33266
34893
65159
75040
23333
75939
58088
70251
85910
76640
89172
5889
10461
2609
14769
82739
13460
79373
50003
75767
55304
65745
54360
15913
82622
95799
79920
33417
9131
69666
75178
87067
69876
95675
59524
17369
43581
89703
96742
76786
28249
12145
7876
11766
32050
25509
61822
34976
2737
9866
42939
3495
22777
48450
33529
20207
17689
8091
13372
11737
96270
31996
18476
49550
6350
20018
87055
56180
80339
16312
65531
62745
23614
51684
68792
8032
90313
46158
4921
60926
57602
47588
12036
86804
95360
80569
37360
43392
96049
18520
54525
19986
22959
10698
87231
18559
9036
35256
12663
45205
59308
68688
90788
68040
57194
58789
59677
60524
59856
63024
23996
97322
58905
56999
68647
19528
52049
69211
29044
81558
12684
27881
10783
15448
81567
32978
89600
47588
41744
61571
29038
37116
42170
49078
87757
31209
73666
75904
77022
44904
79524
16588
4028
37698
341
36182
5419
25820
91014
22568
83084
97117
7100
3532
96940
95968
22390
67514
38900
12670
82533
67903
2070
67529
34316
79367
49215
85454
63973
98640
73520
76069
55423
73175
64510
8601
9192
93565
31195
88457
3686
44347
7082
26025
869
93774
78593
83253
83642
13788
93295
24429
75243
35316
44648
17191
66127
11687
3851
96297
87018
12980
26111
32790
70787
9324
23061
65472
68622
21265
6394
3078
87531
45170
15913
92099
24577
95944
93690
64888
98027
92899
92946
82570
25267
33845
73327
45209
84356
35738
98477
64540
83656
98165
90006
62274
73560
51480
4456
89043
2629
20549
26984
13244
37592
92971
47961
40989
37148
74841
75386
93628
20880
31137
53659
86067
23822
36637
13250
33886
82500
45906
41549
73347
30374
83164
15904
25318
38637
40579
63490
88495
59465
78009
46763
69287
16614
87547
56708
16567
34568
79162
11509
61290
19805
61376
71149
40497
62386
81856
93134
55418
9877
73760
26618
44524
32714
35961
87483
96487
7317
15081
87540
21079
39313
95634
16959
2006
24567
8783
398
51960
45690
5247
29258
17462
37813
16525
98810
8213
2435
76317
95011
97252
60135
21175
9441
53917
55430
19570
91978
49061
59525
45617
36828
69001
66030
26479
72215
18960
24806
85011
20959
51166
37614
88171
67561
66826
48915
80598
64583
81077
462
83364
23172
27558
82031
40290
35737
18299
36837
73231
49925
85324
52819
74579
73033
74672
65051
52262
11738
39289
92211
35450
77510
22047
48197
30612
52973
11478
60047
91393
66462
53928
92991
97812
48194
45494
10319
51956
73748
2340
72427
92196
80284
93702
2597
18349
14246
74581
49223
77293
88990
68612
23378
56736
22630
20843
9364
73748
31274
59385
29029
70881
94256
52238
917
43338
77331
49420
39923
3965
76268
97422
28375
37756
57879
60283
98017
48481
60848
53528
89642
17357
87321
59176
18921
44778
64752
25823
54542
9178
15025
36958
30754
21756
67501
33624
53913
32002
15586
18476
86788
10367
96688
45350
8142
27870
8029
33410
960
59618
47668
41446
784
79232
2211
79166
82011
51287
27353
40771
24399
87080
66722
50635
93679
80266
51064
12367
22404
64265
78695
71324
70760
57471
236
1331
9238
24909
73128
19501
67833
54648
95952
86486
23056
40994
1796
49025
80558
76501
9692
91260
52760
18356
65518
30886
6312
19589
90103
74197
20824
3426
8524
35430
95878
74555
22149
4759
49819
32730
7546
1790
11731
55444
64631
31611
87852
63721
32306
8562
32341
38571
45244
6767
96103
52839
2165
12130
16778
84788
561
58696
85341
3538
99529
3816
8680
90456
91502
60011
96883
11237
76545
2146
12110
45784
96967
29404
12338
96268
48265
37016
25993
54353
18351
71501
43669
78012
34117
82904
23163
57483
84217
30962
30165
4115
6588
76376
12771
40239
16194
91218
5454
31953
18803
94345
7785
30667
9334
46786
27631
82628
82887
97149
18522
22476
85894
12842
47349
87238
96335
20387
65146
30222
85768
26855
81550
62768
5783
34146
23030
37709
23404
47371
30541
8252
86409
10666
18574
70186
22893
45071
2101
4038
45416
35175
4058
66562
91657
9293
8962
52287
12593
77596
77224
20101
75278
98287
83745
30274
28939
85861
84150
82363
12252
74539
10596
72677
3462
68249
63376
26
94016
77396
97328
10620
85972
73853
28083
74854
80155
67243
33249
20031
80871
86920
94588
97347
80536
45000
69155
17047
69813
71200
97411
96636
40470
9421
93609
41132
32838
33695
97384
76514
48245
55171
45070
14613
71824
97933
71793
95666
45271
54868
67490
91994
34293
3210
5740
52026
6595
46428
13367
50194
2335
90932
34925
2133
93532
51762
14876
11010
61804
57484
15896
46135
59813
82042
24442
31842
33474
90714
57524
39971
92977
22784
93303
67955
51247
67484
81056
97841
66523
12534
52745
39137
88334
95839
63846
11567
92624
82296
20435
1866
92197
36026
51139
52845
47774
79341
61172
79152
98979
51369
30968
17973
37742
45510
33323
50914
55893
9174
36610
92210
95051
75736
7512
18593
37100
50703
74593
43582
41559
92678
95481
91980
26963
175
87464
20293
74367
3796
46484
14545
23555
57025
16532
9193
16968
21334
84893
12819
93139
45955
71974
25927
94775
76730
83204
5063
83421
56067
51546
48164
77473
77430
98056
93863
94395
56143
6647
67404
44976
2787
84500
37408
21130
26125
7659
14099
51909
63742
9660
77911
96631
91515
29568
98419
55171
11736
93161
62102
23126
22247
31365
28649
19630
18413
82421
88320
7185
9727
63847
84087
66785
50363
49492
96180
43751
88912
17031
39147
82217
57196
10877
65826
9075
74189
29008
9893
33784
36587
20489
25558
9199
25705
69229
33598
6598
77843
27330
79617
14485
62056
92318
24511
42153
56908
16612
75369
36737
75788
15232
75201
41557
6172
83185
7003
45391
7443
35225
76059
35254
59320
45833
82698
84907
61332
45161
7571
3598
5413
26954
2431
60964
40766
29647
93207
84038
29242
30941
40214
58101
64234
82001
59943
59590
47095
25408
298
7772
84704
68165
63414
97513
54889
31117
24501
6313
54187
98479
66250
96434
84754
91913
46045
29801
55262
44197
56365
42510
27595
27683
3991
67361
76689
76996
78566
4566
83984
85106
18504
13237
27771
93353
24692
26845
75952
95221
22734
26393
92614
60487
74922
53614
21309
36483
67505
52715
54537
90269
21867
17607
10337
21409
61085
51163
40101
63604
97177
18786
43996
53177
55140
87217
6892
6868
84690
11942
19519
17080
20523
32439
10906
37649
41261
89141
92733
26032
80324
1793
6448
78531
58405
91843
93773
41550
30813
30062
56382
18633
1315
11938
46969
5307
53721
95320
50032
66693
82810
38148
2317
64875
81389
86108
35528
4361
56625
80020
86467
85016
51458
13633
69682
60099
56935
85044
76628
90825
62928
92134
4302
27701
75063
79561
67282
94331
80023
45390
14528
45934
75129
28998
6865
26490
93107
17029
42534
93043
99674
31213
53300
8725
22424
69221
86936
42240
67804
43671
45213
47069
97751
87411
28454
75341
63040
85042
59916
33007
12217
20408
71656
20052
1948
35526
75159
91268
99384
27486
20470
1386
99467
2272
28484
93409
99703
64193
8107
2237
83848
88607
12924
71984
35932
61576
65379
27589
71907
28074
36926
78631
82167
83557
97727
31543
90322
36775
56528
30915
65154
11813
87374
14732
7270
27326
7934
23221
11118
9318
74536
78617
74276
38753
31261
55224
54408
49538
78064
94030
21127
83022
42609
85302
83583
5426
84174
49720
14919
58080
55359
91610
30920
76918
77236
62834
86402
83873
76730
44676
57088
91053
7828
42856
48443
90651
43610
82085
44382
27725
87810
7014
90360
81302
99398
44295
75420
88815
52975
65646
83589
12983
58890
44914
78597
71011
23594
67532
33313
76531
55941
61160
94964
56321
19156
25149
347
19635
98183
93790
14541
76064
35071
2763
97126
17174
32578
4448
22725
50716
34649
8373
14787
74854
72148
45374
81202
4191
94252
78317
81226
14760
33556
10714
15188
72129
51510
71018
88904
74558
44248
36756
68765
70375
50908
65879
7969
48870
86178
24014
36001
21180
36774
80882
49215
80210
55400
63781
57597
36361
2909
97438
31021
70007
74437
77027
79293
74629
1460
53923
62226
39929
44110
43890
68231
15999
22309
48954
22196
24133
94540
43104
24052
94630
39988
60171
25169
71438
5280
22178
24806
10593
86627
49764
44168
7554
14043
43181
55136
1405
53524
56042
79927
23999
90281
60800
56809
92657
86324
69229
96798
43890
96986
38948
88539
5609
97273
41377
24747
28674
70315
35675
88915
97323
15362
48316
40440
68911
12740
90115
4722
97045
5993
11741
1795
51466
26284
23356
79049
21564
21981
81862
63890
12547
43181
17257
93562
52579
7872
96331
2950
55341
9247
60231
34389
56142
62180
62999
60096
38601
74873
99141
61227
46761
65301
93297
73898
11690
49918
77435
83486
82527
41539
34293
58542
13035
29449
86939
12424
76784
24290
63676
39404
17689
2782
79731
55704
17128
7013
74969
812
47375
95538
95902
6937
65007
77865
774
17273
22005
18448
7926
99160
11578
90346
18949
15286
32039
70022
26332
68870
52258
67583
13855
17041
70259
54385
22678
97911
25421
75947
61634
79046
64985
35082
10505
98691
92151
76977
77420
77797
7046
9140
41603
95623
5342
41827
66485
38072
17727
2717
58677
60442
67723
12223
7416
11194
50247
17491
41225
56250
85071
39127
39190
5916
5707
47403
33396
77936
79416
1089
27625
79573
61595
49272
59638
76562
84465
70544
42316
9474
77512
26348
34803
11210
38308
20073
8647
81588
36676
35504
15889
18011
821
44871
46254
78839
65459
20856
75228
31225
82074
17054
5355
78772
99110
98500
9380
85167
39717
15116
33722
9315
9453
77699
89078
53022
76611
30237
39770
78230
77809
22719
47985
16442
37959
44673
21102
91151
89096
91679
21083
40339
75386
59708
6709
68250
34318
86703
32126
6491
18513
75043
89699
42861
97198
84966
96413
91857
93998
98072
76320
17422
75012
17927
76181
81976
38747
68148
29679
74877
12000
41707
56713
90437
16602
36709
66241
16000
87340
17627
9134
93678
18153
78617
38200
57948
42449
45112
53812
84036
22657
47744
72820
19826
37574
75650
92335
25666
1759
57254
57906
42485
51162
47531
35730
37137
61500
57358
76486
77081
8826
31109
81570
54974
40405
36545
43296
47852
3953
6076
42670
50054
40044
13094
27542
35125
19580
43547
31882
14162
25336
7147
46979
27098
90431
74735
91310
72715
89760
934
10367
31918
29921
47949
72248
7018
36904
96761
92448
25884
68312
38911
33963
89133
19673
61890
17891
39444
14675
47832
27413
73345
65194
5727
98978
68886
52267
24079
78402
13148
6872
1086
26144
7120
41163
36256
20469
62904
62325
99450
90745
63176
95772
76605
60089
25776
65682
28994
12101
65562
17886
72822
71010
60497
17544
41022
419
52961
1639
18267
89848
90141
21913
98715
50353
71792
99348
42813
92365
36427
51457
44506
80746
67998
61957
23487
45250
91013
11573
97385
94915
30455
59163
10231
51705
4159
48246
88694
28899
12493
56287
69508
68627
62558
8915
39256
43100
23869
72043
51702
784
88227
67154
29389
35372
16497
95889
46441
15447
71133
56455
21891
88474
383
50386
44951
43434
3702
63681
47883
30671
40312
48532
48210
5933
41716
33093
50971
58934
69794
49837
31988
56033
43878
17720
4874
29016
51261
90946
26786
62019
59777
86593
43563
87329
84318
78987
79733
49002
3055
38254
10432
84168
83877
15095
66317
23254
1864
19568
80901
97670
36529
47819
41596
68974
98957
88904
99540
44855
72726
43514
87519
75236
49379
37148
41179
76497
75820
339
65087
62650
68797
4085
98181
1019
61628
93658
47482
26403
53913
58091
87198
32645
48116
45807
41712
50956
89717
79905
97694
16459
40019
7024
48529
5712
61638
56863
32465
32217
27662
72418
67990
95198
74344
90430
90976
92821
59673
35470
25194
73177
95322
87450
74236
8056
50533
20631
35023
56850
59077
88242
56836
47449
13156
28713
92712
12008
9012
44351
96489
71140
94197
18874
71308
64851
86408
8047
71759
15580
84956
64002
82453
27960
35972
38728
509
75719
50269
32910
32425
40162
48796
63783
37732
90022
33761
68682
65996
40026
91907
62745
56570
45429
1016
86417
16840
31629
86001
58612
873
95287
86889
18424
21169
32779
54251
99630
5220
88086
33376
60963
45396
59900
87671
35991
38123
74992
11504
31346
33553
97887
51724
32536
15464
56629
27431
12919
12519
81813
21909
2349
95294
60320
11670
56808
95129
48294
9498
52138
88280
41904
86684
56369
19704
49576
135
59476
5236
15222
69405
36386
33400
78639
12506
18433
78457
86556
13162
84688
34015
36899
13499
64792
1400
12902
93200
77764
78568
17348
11812
13487
44005
49280
67163
35206
89515
89222
41676
53275
65353
99047
73537
83480
89867
25403
76018
69263
83847
91353
85826
86039
57731
17157
39800
75344
81380
76631
17227
57687
53918
95940
20779
28950
46593
88936
13479
63548
27854
73655
61625
26065
78488
5461
54789
96648
66451
29231
97373
95370
46263
79978
98870
31283
44558
27571
40107
96162
46950
64990
14116
23705
86568
37408
73844
85624
25217
11102
62285
80632
21936
29253
29298
22046
39741
28158
52854
68211
21821
55132
37816
64157
15422
45606
29045
3479
96615
67627
65027
44540
17772
69595
73923
77331
1626
4659
42817
77529
47958
15733
9555
60704
75098
66762
74362
16614
27552
64080
71959
46169
15351
74063
30570
46319
85256
46113
84409
73412
38342
39953
38564
95774
37324
7751
15856
61381
26954
58116
9429
96929
44745
59147
80935
96780
47967
27327
39394
64274
54687
72855
5881
47168
44345
35962
94546
8838
34018
81922
56404
56490
17820
46846
84892
33581
89553
46319
45609
50077
45556
76562
43588
22334
12545
34904
25765
90560
78801
12531
25096
76936
84152
11839
43603
89004
60229
94424
45203
80128
88349
23794
8398
6988
64144
97275
52845
9492
97728
37671
74573
41319
44663
58288
23928
30018
43237
11018
33472
70576
68451
56545
85125
20796
84812
28881
9025
10993
17794
83339
60467
86880
29698
38920
13288
25973
9283
95854
89728
8464
26102
13226
84181
74651
39952
18183
14138
90419
18474
65901
2431
83648
95178
5058
39357
42284
20087
52293
6240
4971
41824
31652
24217
89632
39200
33637
40170
59471
13017
90082
2667
53569
83582
62167
66302
15843
37971
29531
68132
53943
69336
73234
54364
2616
67952
51784
49262
93224
6385
35192
33616
98722
25987
97798
66206
85270
33514
33722
55817
9083
42239
492
85257
6578
83262
21412
97499
45371
62800
35179
51065
75938
79900
59139
95557
35812
66122
30282
35947
91305
80098
59200
79070
18548
89248
4472
38770
71815
77614
43126
78625
74246
32113
15076
44876
2328
1051
26135
87157
22743
81622
70171
59378
97120
49469
4812
4543
74142
74583
91726
2060
36980
96825
94802
31904
60343
62018
13801
46150
6118
14036
3103
83831
75042
11704
5043
51247
99240
66272
14277
