api2_id
34547
62831
48789
36193
374
21059
69857
66365
46405
68043
26640
43460
1684
90915
65012
52327
87252
10335
63025
97733
17192
41542
84693
68019
39180
97824
76485
51008
54826
36842
17836
88769
85927
85571
72668
28224
21603
76998
64177
49112
13994
55841
89969
56055
10000
14835
44147
4764
17590
53245
20155
86961
55611
6889
80214
10887
87706
37266
37701
55280
12979
14756
13049
67814
25579
18910
703
84591
61903
71916
74985
46256
29390
24702
88447
84042
59068
14900
95702
12039
88471
76977
81892
508
61142
50355
83132
36643
84368
94973
83715
54031
26768
50873
6826
54698
57191
17759
53707
34998
92636
14994
23196
28405
89503
57612
11628
26306
83913
38388
67021
34371
3479
20008
7871
32714
16707
614
85391
80798
82795
44073
52337
79475
67156
19506
18622
10132
20949
4894
56472
22367
60220
3733
96028
98384
66779
93455
21976
43835
51349
97271
99353
99345
52455
80025
97376
28750
4590
50614
45041
13109
39170
59207
44926
34657
229
78789
88044
91731
38773
8058
27135
77108
1755
84750
86017
59325
33905
6831
23508
65740
20797
93361
96026
36437
86972
11239
22649
78696
56710
89190
3744
44294
6727
33712
28687
72586
56929
21072
18399
19869
36380
45945
52309
10784
67646
83164
77067
21521
53838
11805
78390
4423
6603
9295
48795
50400
41430
49948
29793
64850
20832
73851
37915
37512
85000
73407
22689
56254
95544
18850
22376
20033
87208
85253
41857
92919
13806
92509
68459
17128
74903
52720
94558
70188
4961
10733
29322
17118
59370
16392
93567
24562
4908
57528
53442
90433
50084
47653
3305
15746
59507
87082
53536
4134
53474
70956
64674
27050
38041
76062
6498
86534
89024
67220
80571
27062
83554
84068
41715
26658
28050
1149
16623
26018
42114
26751
68941
95501
49257
88109
38833
66893
33724
55858
79372
34776
44481
81925
19903
94500
93202
17669
27452
49080
31513
28714
90113
79187
59146
13485
5786
56126
36425
96988
98548
61501
14329
61697
50030
26176
84330
38681
17856
49149
90120
52286
70812
81189
54471
42999
72360
98643
24319
47954
46592
66039
88029
28496
23212
82010
46603
47559
93444
48021
20537
78891
22639
289
68868
50888
72351
44509
70699
91706
20008
9729
9328
23689
97358
6952
39863
60468
85051
59008
95511
77934
61162
31940
41914
98862
30907
31090
57751
93235
41609
9445
93771
84051
87166
31837
72858
77090
64585
26709
60842
30443
65825
92283
71225
24298
1622
8052
25452
15841
19417
26197
68084
36008
46285
13660
61444
11262
39477
99818
32501
80735
70388
64438
56505
58365
58478
96915
14684
60512
62970
92394
30880
98307
67472
52120
5668
67727
66096
20333
32040
52860
14312
58713
76880
83650
67001
58906
741
12564
16153
305
86247
823
72447
98369
29489
47995
48262
57021
14842
96777
78993
98399
25271
7770
29391
35203
88668
75633
12623
93426
91072
42846
375
24317
13897
5380
22974
89886
12241
17352
95172
31733
71441
17930
1423
544
81344
10148
86537
42653
31015
48845
4717
84237
55058
26372
2934
68963
17607
12506
26241
6174
26658
77891
3165
53976
30840
51867
26417
96787
14420
42268
47122
3403
2944
14651
91162
54247
73821
7081
29384
31049
7418
66071
41657
66952
66695
23352
93086
13996
4661
39140
26714
83600
17296
39507
15033
80076
54578
91859
6117
50042
51081
47957
30350
46974
78981
11353
20634
21679
70218
93899
67426
84161
50334
81632
39119
76290
99279
63977
31205
75542
41103
54506
95522
19959
18022
24322
80923
63571
22101
33733
40742
30763
87903
33298
22489
62378
92679
7992
11263
39265
83196
5133
36153
15204
97800
53177
9940
23954
50400
73189
52678
73520
28076
93419
37018
10134
75129
74491
18152
21013
58372
67087
76255
56678
105
95458
97026
82835
10404
85621
27605
63121
57584
64696
7980
45499
33171
67125
65451
57408
9761
10230
854
50903
59838
73287
78293
24666
10087
68434
88132
67199
33385
18123
57957
70345
95934
97282
67191
58520
43953
85371
53521
85486
25442
26323
24182
46299
88720
99722
25321
38396
37500
28009
28918
12696
94354
96493
38915
20189
93535
33629
79468
5959
97680
40093
58029
75848
92147
9892
95699
7602
14312
8117
8968
16200
95004
17068
66614
76160
5276
34657
59756
51010
22012
27301
72002
16582
57242
36963
74286
30152
13108
67342
27390
95463
51009
88596
18919
46454
190
67335
87158
1330
59962
52608
51513
33020
26473
14713
85696
30497
35699
36801
33370
83897
60890
16155
88102
22872
52375
92177
20761
58905
60994
36683
49845
26329
21796
98404
12443
46816
38505
26369
74114
26510
53779
86164
71965
48929
78617
43219
29265
46699
37721
6884
30076
18259
20416
10702
59499
6785
91127
2519
72431
93144
68223
81653
34887
37890
63165
79081
55916
49206
47926
63794
35856
11265
39261
82949
17518
1855
55565
59007
82104
19483
51316
51509
34675
92827
94487
31769
81
63112
11666
17566
7812
79682
81434
23854
76962
23849
93956
62704
27233
54158
38288
61752
78512
11535
53513
24659
59983
14835
30128
22579
11673
45776
1339
30420
53623
57605
52232
32529
2404
69197
84358
10894
43527
58745
55857
57314
68793
90746
91645
93396
24908
25554
43150
53606
25404
3008
60859
72526
61120
82142
84364
78800
86872
36989
38356
55005
92846
41576
84331
40036
9569
2638
32103
56280
36623
14359
95836
65487
12296
39168
52041
83528
3886
418
36275
60364
52340
87584
87028
34450
26476
9580
80281
37504
4226
75903
26193
36390
57148
92693
73318
28082
30724
64564
14194
84369
10780
38734
19778
18244
6377
86403
99359
33642
45728
65108
5796
7874
99217
92638
31839
48564
33617
45475
35312
83348
64926
52485
54406
33831
38443
96397
7919
67149
18050
70316
60832
48407
40170
58525
50551
69527
28491
32090
33697
4814
62029
49505
97443
61181
15291
31539
170
73346
17248
97346
66201
38839
13812
21788
47131
95018
49404
55209
46716
27706
33667
18294
50335
81273
91209
3710
44698
35073
6826
49296
19068
22578
19856
33442
48823
94088
15951
45012
89500
35056
71643
9555
78439
55648
62082
26889
55094
62538
30783
81357
75482
39703
88046
6718
19028
42641
16801
81234
17194
97206
59430
63462
9522
61376
32608
1581
18046
64504
21998
43087
56286
52820
330
75802
17916
64192
53955
53278
72189
28146
47989
1232
77609
23448
90111
93113
1066
7957
18920
60121
44513
78729
94776
96300
94600
26423
70296
91775
62753
10344
72594
12928
80682
35866
50407
485
65724
6628
42598
31248
26627
96141
32493
71795
18215
44223
38333
11317
56857
78491
2825
97259
45416
44486
89550
18221
80844
46327
97364
24484
91391
69989
11209
45698
79918
98167
35317
80453
23777
99789
99774
61904
4050
40769
30391
89496
45178
37646
24401
25258
97760
7573
95406
74830
75986
64549
44016
47351
21260
16208
28524
49991
50444
64372
92015
11102
97973
83534
77657
53654
88816
97951
98211
13681
28170
60906
44309
75002
8569
65392
74849
58070
19986
63885
35014
14276
64469
80623
856
38404
88761
79322
62618
27198
28093
1264
53759
90147
60419
56748
32771
97363
57580
6302
85278
37576
24328
56487
52397
80960
67985
93200
20567
88470
21340
24594
32146
21180
13708
38420
10875
87189
4664
65354
54447
29473
16987
46754
8080
39803
14257
66142
44908
44738
31565
27230
34497
94163
1884
38079
78723
89957
57801
70122
40379
52337
85586
41924
52680
35165
31447
26339
51358
26438
33450
90478
80394
48712
87698
27155
49058
66031
41028
84176
99991
52398
23289
1129
3140
26332
60322
46838
16650
12241
65281
79900
49504
97761
57977
99623
94328
81983
73618
93013
49604
60430
88549
81337
73446
36000
96287
32725
53710
99949
71179
75829
72203
31257
47302
81816
77952
69428
12700
23032
54907
55775
73335
4702
15132
59272
97090
6064
25796
29186
45002
47936
60234
85229
64959
47382
86549
60005
10089
87027
47181
19448
86190
54536
64662
10320
2425
85678
76003
21934
47787
58794
91227
69009
23617
3059
22145
49319
924
7278
72537
4467
10072
73099
18688
4470
84519
7308
8474
13420
72753
12913
29355
25708
90257
1010
23727
69173
68312
31499
10776
33963
41754
4406
53325
95976
56939
30763
53340
76847
36689
62215
33796
45202
34305
51875
54478
14493
7731
24020
22134
53317
90594
83982
29548
42696
34657
98532
9066
78549
53718
16108
85568
93701
81076
29753
66982
37062
38245
87050
1023
87632
28773
14703
99797
28790
46236
49159
80180
26195
95048
29668
34002
98638
30586
71315
86899
6226
84084
39120
26786
97434
97361
44243
44688
92028
72786
9427
76096
36231
93873
38979
10646
28224
99826
50803
47803
27155
19417
54359
90298
55804
53832
8636
8428
26189
98165
28164
54326
51834
53804
93412
72733
85123
99681
41914
55653
53463
9918
13227
72067
55704
81645
48480
70110
72998
76112
48308
11426
81406
69960
69343
95652
6500
88383
44053
83574
82734
1279
51814
13280
43057
54901
90853
63163
18216
5573
49322
36879
65802
35702
44925
32133
16713
95236
11018
28906
69902
5712
65609
72329
98019
93729
92792
98552
83604
99442
23873
31366
37701
9032
40055
37116
1261
80680
37473
71578
58782
95036
99069
35423
42037
89022
43001
30898
11935
89375
15668
73604
13329
38424
98542
52200
49928
924
30176
86519
32478
24666
946
46152
14537
55656
97487
51059
77751
4880
30100
12845
92297
93076
49735
98385
98435
51645
15748
85915
34888
70857
48169
66057
71540
21368
39818
85583
8572
50705
27263
52803
10798
45392
23950
80009
39854
34127
37967
42536
51578
55417
66391
96317
4262
42878
48645
16079
35307
1852
87188
55815
74011
86377
38782
26979
77394
95653
76604
44720
1040
47934
11039
78474
40753
67120
58393
28673
63717
20461
56250
39358
56612
19139
63998
95694
76572
40117
12410
45321
39123
69720
97711
51150
17717
83575
3323
36435
58816
58988
15416
74252
21797
13444
83979
15332
85725
26238
44201
69982
28122
9068
856
52028
20350
96671
20245
38282
47039
93529
23736
43877
32804
24804
16952
4373
26679
23348
27200
32296
29363
1497
45392
6975
99398
33950
66437
44873
99780
85388
39161
79926
1749
32079
64059
54843
95997
56063
94607
65842
6132
16108
39689
55236
93653
42945
7145
86591
84004
19076
90336
8932
1849
14704
80337
14064
26989
68757
97002
25866
27158
79179
68794
23073
74754
29688
62626
72638
79617
75233
55085
75993
5361
79104
94413
28648
69286
93137
4668
41109
80666
69128
73832
65742
17464
70460
37639
33517
71337
76906
17607
50066
39936
91883
20974
55059
25727
96001
33616
93410
48788
5986
99404
77803
19865
31571
45073
10422
35729
76664
68425
38845
30153
22472
72965
56307
69406
69702
1914
61617
60350
97090
70333
23548
35465
33524
20959
76672
31928
90971
2910
5808
29442
60755
39611
15673
75753
79258
69545
33399
2983
59781
95059
57188
24960
43411
41073
12226
56934
88830
45683
99052
92737
10498
39546
29094
50129
64927
6304
73815
54801
18404
16119
14728
13235
4523
80299
1152
85250
58631
39535
81946
75651
93426
60098
88418
47552
67611
63968
26704
14258
49647
64070
13603
94597
28326
23857
45812
15838
87835
9809
82444
54629
67357
5669
41568
32707
7385
39973
89855
60198
61266
93358
67248
15707
39827
39762
60399
378
47590
71243
36748
71448
72898
31178
96480
87346
38925
12396
16238
74039
70429
93794
51109
61788
39918
10725
4291
83242
12362
49224
60726
69238
88971
94170
72900
40781
170
43663
93330
92242
77305
59803
39832
52414
98452
67138
78735
77659
75812
93250
45889
82502
3655
47184
78962
55098
96659
51003
9932
32331
16053
31144
80013
8944
68846
76405
40859
41316
64076
77311
36697
1378
31881
58201
31060
57012
74832
45716
67323
40628
30499
65011
18245
35094
44633
75549
37984
49635
53755
90636
59129
9385
18463
18914
75437
37475
43567
57428
29651
66815
66966
55684
50197
25063
98013
68102
20966
77718
51979
40733
98238
3051
77639
3804
6586
30423
64679
25112
140
26903
87197
61839
32383
72802
13434
6257
48874
48123
96992
45478
67657
88541
49650
16564
77571
65875
99824
6232
23454
5599
19603
68589
83019
65039
7080
2776
81981
89822
44514
60862
25463
15599
7708
91829
87135
70975
32129
13450
36919
59511
7
72182
51110
62173
40745
81433
27422
88643
79674
29668
6743
26657
91944
45513
10789
204
13757
56602
88621
12099
29343
4935
96280
25431
17243
81319
44078
2017
99001
92947
23999
28391
13634
77853
8801
89908
38801
51842
79354
84843
23931
80000
33453
50584
97887
15671
78095
45811
37421
17194
36188
79916
82870
84306
36426
7162
52109
77418
68884
37164
20325
57997
68465
24982
17367
23502
96735
84457
80884
65139
57245
25183
56684
87688
51000
61250
17665
89242
22925
28457
2391
62329
80419
27126
11439
18645
80951
56152
55678
47865
39577
3028
95517
87882
74320
1691
3213
85808
34751
81285
87265
17186
45586
85796
4699
76746
93973
3373
18779
796
78155
15063
82613
81864
11268
67904
63749
25961
38928
49710
29842
37129
78228
93119
70385
6112
93899
18658
5825
56494
94509
20682
98390
64179
74954
11831
58526
81941
57959
65321
90494
38875
93298
43966
63327
80861
28175
93987
28725
4556
93557
33354
9793
98633
87489
10546
36273
78224
17873
17375
6054
50710
96020
73475
14491
18462
45677
40592
2160
7497
8271
96059
61375
50640
63589
17832
21542
9706
56136
89612
36910
51167
95464
43064
71411
97083
91759
70374
89725
19205
5310
42500
42983
45074
62771
18646
99506
55941
42766
22510
79808
22902
31474
35989
36891
45691
50964
89980
62298
17010
8419
84064
52436
84846
52718
7221
3549
47165
80700
33913
78548
8934
8879
48379
64385
30536
12731
365
62443
87800
82403
55208
31446
41037
88442
82764
59752
48553
46221
53044
55090
22883
81042
93989
23634
40952
59769
16835
33516
33702
69607
78627
59013
88220
79151
33521
77784
69872
90927
9445
88022
39596
93254
89872
93147
91280
24532
5550
62134
88577
60025
94333
36668
20161
86277
86863
68957
41950
85658
55164
40938
342
70384
15806
47005
22809
98756
43281
65052
31257
37470
22558
46913
21309
47415
30572
81123
95180
52573
38855
36620
16469
34325
96208
60106
47477
9978
69040
24816
93893
50700
8679
47606
53925
1796
29975
15892
23236
32545
68901
85277
54777
8810
74653
9302
20224
44047
84089
79810
72657
9078
35850
58312
98060
30894
3877
77615
95511
37114
45571
3382
24332
35864
9889
21337
40305
57291
95255
95869
87315
57177
72291
35391
32252
73400
50129
64294
96908
6125
60366
40836
34619
28626
14698
95589
15477
39044
12472
37113
86843
27743
32388
83090
2931
10770
2916
32610
37729
24512
75301
61289
84683
2147
29162
5321
85507
47285
52613
66344
8667
3486
26845
46269
79486
63479
22634
30837
3502
6859
40024
62072
43102
15207
62368
22534
88498
71726
27923
17532
54397
51559
10528
74151
83658
58102
85436
57501
13457
19063
58191
12521
97929
57234
73183
91091
94496
12905
84342
9741
64086
79011
69140
17962
22226
33115
83775
1144
58584
10917
24279
65064
20539
37171
47237
58861
51639
23568
40755
67418
13353
13247
36128
27331
33124
206
8274
95507
18913
57768
68695
67877
41548
52833
42350
28644
85273
6150
46440
25090
69170
59314
41802
82810
29762
46390
80731
45749
32894
27165
52298
88755
64092
66071
60889
69476
20273
77505
80989
39993
50385
86362
56555
38323
59335
48606
60009
47330
55324
72955
18277
83573
58690
31461
282
36514
18756
29905
59628
24318
30937
7079
50931
38578
13479
38934
67401
18341
93636
65992
7851
71557
57089
39559
25368
25198
8243
11304
12953
40930
96285
55816
91125
99094
42635
48675
63816
76060
97320
36201
28630
83980
51789
31726
77196
69342
84270
23212
85386
53475
95592
429
53250
71216
89289
2965
58679
32534
45283
72932
47652
33340
72030
22401
7029
43312
1284
87370
9632
78511
96456
31111
96291
47783
90408
95910
69131
35810
60139
84689
20996
11899
43119
900
31961
8175
25048
4634
61553
4044
12423
59100
3737
51155
2992
72348
21403
89214
99146
44519
98167
36995
79707
79146
96105
68402
41424
31596
41407
8406
34170
22959
87131
90885
33687
45879
59452
1189
95554
99158
95640
87211
92102
33433
5066
76642
98924
61146
37938
2885
30968
97862
83723
73877
96718
71112
51961
99395
89260
75127
327
88371
41178
32681
10036
10294
55755
2876
59485
30564
89258
30647
18127
6598
17366
25121
60504
640
87900
86851
63671
31813
47866
2595
39646
53965
64110
47724
72112
4455
40221
2854
1942
37661
44886
24977
9236
12540
28739
75000
51198
24789
17718
35630
31224
46933
38791
33115
60519
38915
34587
37476
92582
5520
10115
8385
27983
77553
43853
95877
49439
62983
19491
66411
44264
81737
62596
23297
43981
91547
77901
97974
25183
42804
13674
70612
5287
22872
79777
5051
83141
21827
3490
39172
84579
72583
73975
56550
90143
80593
96303
71766
78822
84702
67930
94829
3967
9001
99800
90903
89818
30143
60460
82833
66288
36758
76670
93470
25382
52973
27328
39621
94060
81724
10563
49374
86349
39873
7165
43408
43002
70360
22585
78476
53722
67077
79521
75007
61500
26873
38213
56457
87746
84354
13289
78263
77887
83620
2328
46489
23298
92047
61271
16409
3679
18076
65288
78331
65769
53753
80709
45615
67150
50085
30512
12805
58338
11954
36442
35247
19622
90753
81192
42320
23880
15039
36298
37851
3444
74726
40479
78438
40431
86242
12228
62695
46831
52056
63811
12372
79560
35478
97978
92415
95739
29508
33742
66331
73563
59711
60016
99020
29289
38949
88365
17801
41237
9061
49396
84805
46971
48767
70519
11103
15503
32276
37482
32968
97965
8506
14800
71332
80405
91739
86890
47495
13584
87403
60717
23555
57740
79456
20590
90672
58813
57972
43807
38553
36432
62335
91011
67332
93253
60140
90954
52577
56954
78678
27354
58623
58656
47545
4579
67827
86763
75673
59065
4922
25416
17299
46130
9580
4259
74367
54759
3797
82791
96970
36686
39030
71397
78088
61134
25464
6677
11532
9891
68944
8110
39829
5139
73522
12032
45873
83831
80433
74127
80523
71629
58755
68269
14090
81402
14925
89889
74188
11823
61019
71280
91488
1944
11006
17360
77789
70608
17530
39348
60589
29653
31866
78084
38042
3060
72201
62872
86329
21736
84618
74877
8150
30868
97451
17983
67168
29022
42041
37337
59841
53219
57116
29175
1245
45215
99264
21371
42719
22756
99325
69818
91443
15693
68105
7654
61683
926
67707
43368
70354
25555
46260
90957
65986
44051
61948
70679
47457
41531
64829
20025
89474
51867
74623
24432
81512
86775
66007
95361
34523
91226
15755
89858
67944
52042
65799
40707
5128
68944
34180
19266
2907
68862
59081
96091
15400
90486
14044
41537
70189
65555
94382
59213
29716
2054
24507
96667
70662
38447
857
90206
5371
40038
8382
8753
58911
5605
83968
83392
95253
44422
96589
94448
41926
71583
56502
53670
26920
62535
7959
75259
19693
23276
1162
3898
45693
75041
47158
1842
32366
87972
30905
99808
23060
84860
20284
23427
12032
82172
44691
80441
47476
11592
45806
57991
84885
21320
7602
76314
84764
96971
22691
39605
82886
25076
33616
86922
60118
76520
58830
29355
86839
36251
77882
86703
36075
11235
2380
88972
75286
64398
11655
70418
57518
27973
33511
39185
77478
26126
11499
68593
59125
99244
47194
83692
31514
59050
95687
39624
34937
24930
62527
50952
90783
58548
28326
39079
8699
5107
75626
13984
53788
74463
95555
35427
83440
3539
75216
5239
71856
96232
7343
28612
74836
14504
62636
22554
60855
24657
54896
44872
83186
18279
66180
964
76382
47459
28554
19591
26068
74416
52479
34755
58940
76001
87235
56269
52070
4015
11368
82666
8510
54793
42300
85272
85705
41972
47142
54900
39032
48429
65980
24786
88359
15856
23368
34204
66239
75580
18109
1290
95480
94576
31833
83982
13012
2590
13782
98681
21855
17719
26487
5777
70905
91023
16833
76525
66868
93194
16777
68283
93871
63825
77280
58231
58467
87437
23971
27919
16322
5972
62281
63456
12827
95799
86070
54700
52604
81960
74328
24142
92514
14260
40815
72963
19244
86498
72933
61723
24970
78171
27561
4808
93087
10289
79887
87196
21187
73108
61797
54675
61533
76671
99306
82881
7539
20341
15293
64010
99301
58106
58110
74957
63910
16335
3757
63172
65
77041
49038
47525
25024
62327
220
69973
63394
99707
44819
77362
40556
69383
41887
64567
66447
63072
25616
63997
63390
94675
55791
84044
75920
35003
39917
49943
56565
55467
85740
5485
65269
82566
59360
45565
78736
17370
98029
55923
54111
45991
91361
36708
28870
60681
90105
21343
86852
39111
98520
67793
19924
33604
13054
20076
57993
75356
57789
35092
92658
6813
39759
53010
11778
3033
50202
71469
89548
43775
47874
41467
68069
56214
87198
62763
87496
38488
26748
22867
27522
53014
43456
57842
8990
34816
94241
76492
33081
55447
70427
35124
78453
48619
97678
13802
12309
82871
36448
83399
14657
7159
34540
62702
37562
63331
92425
17679
40014
12435
73235
26286
86121
78362
23712
50350
12379
39359
589
12774
97369
34511
38343
61465
58461
17786
33155
37724
21705
32169
68584
30322
61711
40238
6215
29284
73612
47383
49980
84689
19257
13437
21056
97909
66983
14877
65345
30265
99467
97257
80226
20908
37893
65950
57905
45093
85631
44662
62161
9553
51024
86689
55157
93311
12842
63888
9273
57091
47529
5652
14762
86445
63868
65308
24533
4960
70346
73115
25786
77956
37688
64133
916
55242
68744
42207
73875
78020
1306
70320
78444
1549
94392
28802
53745
84519
78742
369
86659
52290
92807
33536
1169
90127
60688
72706
4176
25950
92755
74573
18173
26003
53606
62019
29265
24102
35495
23366
77141
55230
66631
90150
89673
1944
64756
10950
42452
98258
31631
65146
51145
99600
71928
48311
78523
70837
59897
96729
45858
583
24500
25391
32685
34667
90482
59126
83399
75088
58226
88429
17247
34320
45456
82084
55881
33955
90071
19184
91326
4707
1171
55610
80627
52965
25351
82913
55610
49658
13141
68827
67423
62359
31591
86172
21931
11195
58171
78058
85957
10485
39271
54821
93879
1336
41801
6916
27460
78418
27926
58749
31333
47650
75775
1154
9269
96862
20577
33960
27210
15068
20747
24212
92549
93457
60853
31203
23645
46777
25858
8649
49759
91370
15397
99703
7723
5299
21440
93112
9439
1196
70504
97691
58889
73874
73688
97055
79402
79138
45239
67864
77304
43057
32875
63317
56695
95737
21719
25050
48930
64989
37145
27317
3627
37005
61615
71715
18955
65442
75285
87187
28807
38103
44440
94659
29378
54026
52055
68387
50270
75163
64306
91599
88471
70301
92640
43485
16329
57120
45266
58119
62896
41683
21977
22146
14257
4081
48766
52038
12950
76915
51485
53459
43123
39388
58634
43329
9297
96819
13650
34077
88009
35874
80560
7289
93532
66063
72569
74900
54554
70534
13237
92958
64597
96776
84028
22183
56079
23535
12433
70687
11750
16725
98201
26065
92210
13181
98428
21063
23085
9268
60575
4428
97092
42520
64055
9902
21265
29705
29867
83741
95606
26048
41929
40181
39120
49690
66421
21919
44042
46721
56942
91460
70958
87316
67004
57978
11156
2262
99052
73876
33549
47123
55240
74304
4339
24250
91916
90035
96068
93986
7908
53923
45589
13974
35576
99514
82796
4315
35814
91528
97479
93173
6159
50409
66132
50660
20387
46445
61861
93683
12837
680
34518
6118
87604
90208
42630
58400
49491
69718
77127
17497
63536
57702
78442
30315
45314
31509
8887
48543
42602
27251
27085
85568
34421
59127
71939
42686
30329
56974
93271
44065
83752
40620
17843
14596
58354
77309
42803
49161
84378
69272
28837
74008
74083
6018
74581
29103
91481
96944
61755
70490
91563
59165
67162
30892
29370
26622
74870
86787
62082
35089
13512
18503
26539
76838
72099
16925
19542
37614
63652
44348
53299
60760
23805
15315
75604
30550
83634
97510
84259
62336
93771
95588
69433
69646
43223
72297
65437
92733
97371
43782
48826
63596
82917
61670
5501
90409
22373
86456
95788
11616
69440
90555
72089
98646
3215
85840
58964
83867
69032
98531
91785
8627
15225
36476
34938
49422
52081
95265
85656
7767
98582
26049
66431
82719
35389
32271
51447
74541
93501
5618
98983
59369
62528
80383
91795
76085
5381
78738
96072
90368
49775
18917
93754
41782
81705
66587
66092
39073
63138
7366
28037
66832
1064
39628
55131
5365
1463
10027
63811
84130
24476
22606
80976
33697
11222
27932
37764
16992
39068
33348
81094
47344
79426
71579
91273
82138
95583
85511
29082
6063
37046
66452
29412
82535
55790
16498
77700
39423
64348
72238
93420
24061
98481
59367
94200
16397
50135
21915
41035
51523
75766
27877
56230
34206
68248
85952
95735
31746
7255
16960
87613
78615
14852
94969
16163
54098
1892
81110
635
1494
40074
60100
20775
81538
86094
57474
49274
61129
67691
62350
9688
62142
25132
32703
18575
73548
4177
95960
22120
12645
47351
95222
64115
22155
19796
3680
44315
48110
97754
17065
59716
63312
86471
27124
3256
8296
75152
67104
30085
75046
47634
23249
87066
10630
76713
91037
67830
38689
48105
73001
66963
83860
64971
18400
80586
60285
23855
23958
57420
72972
90199
52793
21837
16391
5186
32625
63200
18514
28190
89175
43624
60335
87567
60382
73021
23777
56987
51481
13216
29085
60017
43105
45334
53388
43329
56971
35672
50593
60392
79569
13005
70535
71557
37945
54358
99200
87587
74173
76474
51827
49523
70968
9460
41206
8750
44763
16886
86228
28630
81740
12419
54969
49013
52183
66608
31143
61219
42383
34038
82821
88115
28664
99948
31458
39097
52958
68673
4647
82439
77255
10494
42040
15218
42850
38892
91750
63009
71545
61991
49120
46378
73632
2722
71060
72290
6304
49517
72363
77239
11435
48402
88218
97872
20558
72560
32567
78772
47741
31304
87651
58345
69600
91936
82008
81124
70370
56511
61639
93833
59423
90266
44061
2740
12357
87109
55945
5018
19243
41569
19213
50260
38828
13196
43245
33620
76915
52343
4428
89781
82718
41418
3024
17547
5079
59719
2551
56687
17763
5391
36963
96600
50809
37084
75130
17629
99411
50484
80383
13886
94560
6803
35904
80327
59648
74290
51352
60419
33324
40961
82338
43257
70233
80226
8637
70008
12370
33965
22454
54471
91131
64480
9432
12578
59229
68879
76266
93394
5849
34675
82132
751
29499
34665
77968
55191
93069
74852
94828
19294
82349
77292
78969
28762
19362
30139
72561
82005
29576
31619
68290
49156
26311
58935
58545
74424
89003
21629
21406
43065
63814
99169
91033
90319
84894
39844
93580
24801
12
6619
92726
68412
66563
65426
64867
80522
48481
84498
86379
40318
41966
68019
80109
20815
72541
34537
66267
83892
96998
67943
4221
98187
9850
93488
58459
77106
7587
90224
51
79017
20441
98147
63502
15654
16352
81450
60318
27605
76154
23442
48874
89306
87934
79474
63176
53048
30153
19414
37520
99127
68561
32274
2686
56092
61883
51404
13316
59042
93632
12188
99115
96498
55208
64653
87660
98753
30417
8995
97646
58923
23184
61658
82284
89705
15454
49439
73086
45903
68945
70904
19399
96214
89729
16457
91433
32641
29175
30383
78210
30797
18977
4788
13802
30578
43915
82061
72431
74334
81803
66877
81966
98415
75608
79285
75335
18035
4732
27378
69514
9097
23640
2771
63842
12838
80898
83993
2342
78289
96502
41513
55670
91137
35879
57289
46971
34409
88159
93507
95466
34815
6274
99473
44249
97373
11300
13054
64773
95842
97881
90609
70316
47037
95407
64548
49824
13182
45901
23931
7686
92696
44618
68832
1791
69670
58744
48527
61150
88323
97880
38516
72167
26019
44071
55642
77745
96312
16341
66027
63270
44517
42900
42127
73403
34563
18943
76225
80652
69062
35485
48910
29720
25455
72241
14090
64449
22194
86969
86687
88045
46047
95201
35190
95893
87124
71992
1617
15920
75249
15134
24759
3679
46910
68285
78041
72031
59604
44580
95832
83193
52594
16535
10621
29550
6459
33999
81831
60322
88112
77820
63591
76835
18978
92035
65981
48385
46209
37953
85455
1385
83533
68402
91601
7934
83749
7791
17836
32130
60692
9200
45440
8388
95050
22496
56381
34151
82917
20197
16790
99860
97112
26668
9789
72348
57191
97841
5230
82149
33298
71673
32145
25843
68072
78391
2738
37379
41466
5819
98069
88386
30478
71811
91901
85375
3993
81725
40833
12391
46396
13249
81183
69513
98491
25562
36953
14725
73459
24869
3553
86108
33803
27118
17462
81542
91363
19891
54185
94200
77384
14049
28771
35256
642
8627
54440
78965
81579
39977
94023
11722
37313
76198
34195
70952
26589
24040
82166
22271
30236
58669
52748
65262
2343
8852
24725
59275
81643
12654
51818
98947
75442
50766
19732
98779
32812
25742
26350
45829
74566
39668
93598
13875
72386
81089
37292
57549
43508
57483
57660
2961
24337
47196
24468
8151
97141
39487
20333
80115
49119
58220
15939
46208
90020
41652
74940
44892
62684
86479
46770
56517
92114
12400
55248
81808
24885
83439
99773
21089
75554
72758
33432
82647
66724
23238
90466
32523
13192
57616
42693
80214
70078
18169
63107
79467
69719
69733
47428
29962
54009
79173
66301
71696
60738
1344
39604
13300
57780
20427
62632
65348
64482
5085
70139
15333
9267
24018
699
43933
4548
75123
85099
48076
45600
95207
62612
69111
74310
31077
8789
68414
33076
84677
40324
78349
90347
99420
94789
80083
19758
68462
96220
32449
26947
58939
57313
2736
23314
3597
72067
35708
28617
88982
28770
30160
47322
30694
70027
10811
31518
15999
41213
8812
54634
85175
11824
88693
16153
79957
26434
12980
87882
31419
38241
90614
99355
74560
89166
31657
50357
98573
52996
47541
14034
15589
42473
21662
84707
92388
89981
57945
87246
51428
59880
35446
42686
69206
84540
25625
35952
14777
29110
74745
86682
38615
92669
69435
55353
18469
33535
25344
64665
21523
76301
79987
27096
57399
9326
11631
34989
86523
45491
2344
3044
43925
64777
51168
91082
56510
24889
87880
69130
65760
6168
4395
78358
50764
71913
10002
66996
35375
85225
92435
37069
47034
57116
25251
7035
62259
49328
50368
18522
44406
11797
62158
4158
26568
9197
5731
60695
27243
93672
82955
27731
44824
21433
36296
69892
29041
38427
89493
84728
14322
22553
39443
29004
97556
71512
20973
8673
5625
93951
54042
51150
23980
52587
13806
57740
97109
87410
89821
2110
17389
52703
19929
46416
2754
87760
73117
96156
97978
57041
52706
11086
2605
73600
67416
119
82604
68279
47001
85882
51516
70957
74728
60667
19666
65686
52120
20149
89153
76615
50018
73038
74665
28000
64629
19554
93977
37206
14440
91086
714
47469
10165
64355
55365
3887
4394
5858
70874
63156
2337
62727
61875
19299
58316
10576
27317
81429
8310
34360
8226
82106
4942
23507
24248
9838
13998
25693
85661
85750
95323
88686
85687
75666
75160
98703
1271
3216
1459
39933
9565
21025
99980
76497
38643
78125
16789
23938
80699
80787
13839
47006
60539
11091
48716
71610
55566
64247
22273
80355
45992
27072
13870
29370
81517
75397
82033
53761
49793
30328
23758
79972
81289
7534
84386
7352
23059
52338
72501
3630
25767
70507
5163
6576
18949
93787
46744
22029
39814
16047
14683
74538
17535
86475
93400
97974
26011
202
19852
28394
16010
69476
4479
27640
11143
13456
22398
11575
15897
68290
31363
38885
65934
41853
82561
11895
32723
29112
50236
30718
94798
97875
4318
47940
69279
23890
83022
90921
62233
13962
60675
94507
58356
76604
67060
79901
78853
42187
52805
61630
841
74682
40392
39773
69967
34074
38478
12486
23099
10049
13961
70718
51645
32141
69670
86724
55664
86425
43323
74297
9982
60095
52148
97574
16347
98833
32128
54599
52279
57240
53910
12142
84010
48308
76521
34732
22242
91269
42762
29348
50075
95691
85973
66699
62825
45427
88205
59772
28515
46136
89078
5419
2684
47791
21158
86497
25635
5888
45225
76649
14038
32196
76048
493
94845
27675
72143
34508
77123
29817
97413
87865
46781
67205
35828
6566
98039
1536
93220
85483
83402
7079
90918
37303
50423
263
59094
39051
57738
93314
35368
29006
33722
24411
42856
69760
40708
63839
28966
41631
96301
99716
8147
82399
59587
4509
44595
80098
69648
28317
61862
83784
62667
57691
52173
7124
10749
55334
25150
21087
79813
87067
41393
36902
16142
3725
99117
10289
31484
92586
30061
37871
89486
39686
62803
49418
52286
13401
16949
41101
10017
43356
1607
70738
76060
26873
30746
50469
80064
75160
17182
6588
23452
24037
97456
90516
35682
36649
11920
57004
10361
63396
29424
33395
70669
65299
78180
88478
52948
93759
89645
77130
41607
54444
37564
49148
17520
3628
81729
4177
10491
67814
92156
18473
58934
77145
17469
87316
4663
88895
37596
345
41827
59919
98471
70956
12138
30653
67408
4906
27549
50071
37681
17127
29552
94173
41543
72121
94315
6593
43591
73818
58179
8409
7143
40173
31414
22175
61913
75614
20845
99323
37357
78936
72762
78866
98159
26095
58767
67998
5238
90383
53405
7127
22922
90914
33771
65319
52986
61753
41736
32533
60087
57713
59220
26754
77347
93002
60378
59285
66664
9541
38806
40724
20123
89093
17137
35663
82432
74226
69917
9746
95734
6909
41586
38106
58295
77541
91354
2886
67962
28383
82305
50045
86832
20441
34837
96927
93143
73476
39074
79487
92194
79939
17715
81753
41200
12655
49291
11914
94802
40797
39492
89642
31247
78913
28724
69839
59020
37379
56249
29774
19398
36325
21845
57149
20123
57271
94189
40748
46380
97604
79502
66519
75711
46783
62269
40538
58987
98379
86942
3417
33146
79989
36281
87975
71774
40652
63838
2526
82962
41615
56469
64550
36965
77353
79205
43367
42541
83202
85018
33007
55457
44985
44258
70895
68574
96550
54697
4193
48722
30871
53364
6805
75303
51944
19645
84271
50487
11304
10907
50482
45843
38743
20533
71053
90036
43554
40786
27031
72765
96529
17759
33148
29490
93792
36513
94335
32607
98717
8671
14472
11
3498
48422
10587
64585
57565
77845
70655
5812
94261
62907
33488
36534
48969
76807
70842
48650
58725
19705
19031
38808
78671
71847
17144
40111
13654
80730
18592
19643
80491
11721
25850
4793
60309
11164
55734
41849
77253
4527
94201
44071
30392
46755
47016
18548
62990
60521
17772
94188
77890
39924
7678
25047
75482
24792
95552
40798
7824
48126
60770
45851
36521
12563
41637
31705
97486
575
51331
34588
83878
6852
58504
71770
69419
88401
19188
14011
75611
21515
93312
24181
86984
60008
27018
54479
57787
32766
35710
91982
14257
19063
57438
19860
97149
22356
21806
40018
27458
85359
52633
74600
18663
428
25195
87533
47360
97590
38539
38965
32456
11401
19872
45603
66787
89087
75744
14094
77019
99423
40959
62505
40915
14523
38380
95681
25761
5088
32539
45446
1969
92217
23795
88635
68090
26900
2543
51654
67177
7689
62397
2932
4919
27834
18628
28839
84409
2584
42926
77299
63605
11395
85603
94121
34013
32179
74354
31291
85301
88781
17300
21127
30546
31239
73891
50328
17801
60400
22153
31050
41332
76100
76836
22809
10795
57122
56085
26203
14369
12581
99229
6970
49138
3951
66364
53078
49565
17156
50422
49110
59884
68903
38044
270
49794
35627
5323
66794
2760
10903
69003
38653
28744
47627
83919
38451
78856
84616
25684
82051
68443
63783
76557
66440
25694
17638
84046
78931
53996
2253
59706
78723
78809
12683
36558
23147
41143
1563
15746
25275
83132
18272
39038
341
60686
43341
30805
71745
13800
41324
90930
49437
57581
42929
58555
8677
86061
77984
61873
30084
15305
57894
66358
12743
40799
88863
43988
8634
44577
48107
68825
83356
81084
71454
5966
2257
406
7019
93106
53029
53022
76428
34582
33373
54622
10653
29947
40418
71962
40582
24710
20190
7548
52876
45301
12670
96303
85960
86923
65689
25248
77306
88645
61018
64796
78802
50873
33949
98763
24731
63014
65146
39294
69912
15516
13722
97660
65002
70867
44345
60897
71287
92152
46978
99197
79001
57246
33615
18129
71773
83650
43822
60043
35942
45300
72419
49180
52743
90006
67125
19561
5902
73419
77547
69180
30582
71485
25627
4782
30953
14649
95041
64341
62342
1626
86297
85823
74822
63224
33360
41439
94572
18045
55584
59631
10470
75955
63393
41433
31727
64732
3488
66400
85131
48301
26229
10436
14244
49165
57483
56894
88552
59561
21590
98233
67774
70787
12274
38997
33591
919
71372
16680
73092
13697
64440
15434
7208
77827
62124
88324
77826
70810
15197
88840
59206
9729
2998
26976
81187
69212
96740
31020
61134
60873
58104
92241
84614
32022
51137
77330
68619
25591
39046
24734
54982
13230
97088
76035
33344
10977
5091
71297
28504
583
74332
77031
82035
13491
80130
87479
27832
86155
5605
36965
79943
55449
52347
33043
35496
28920
92774
41442
16150
96791
80260
15580
5720
17935
39776
58922
75107
30892
19927
24923
5095
24222
65727
93172
16483
82785
18720
84622
45331
65902
63285
44765
37643
18956
10816
70900
8598
2541
98433
3507
12234
66164
54540
97896
4060
26856
93977
13177
20518
66649
53277
81784
24653
55946
4092
19399
11376
44890
43422
32018
40716
31752
6955
89861
39340
66773
47313
29727
87250
64205
15550
35011
86368
73155
43369
41017
6961
35636
96965
59202
23408
12441
96188
36012
56218
76643
9314
64475
56636
95079
77761
11513
78137
74903
39635
92829
2579
6662
22598
21326
27648
97460
99496
71976
10798
60501
49634
62874
93416
26712
10330
47941
93038
11696
92254
48430
61317
89221
77519
71913
10783
69954
27168
82307
98370
99516
1581
34220
93878
96411
72559
90638
18196
13543
17571
78408
97173
89597
13608
7794
61239
94226
51640
69410
48590
22745
11868
85325
78063
50942
70725
83177
45851
46589
95625
42195
97154
97352
7196
46053
94606
16168
33512
59263
22791
92421
68598
59531
68719
10468
83700
36797
45442
84946
63056
75680
31173
42008
74819
19131
5041
53018
49430
37605
31807
43247
27713
44146
40350
21071
12819
15205
32003
70010
79962
83332
5037
38137
74014
94616
28345
7571
73697
24214
19761
10109
64252
11122
56105
82023
94806
8727
31365
68512
13704
10659
40768
66369
55313
15208
47021
51484
90590
98397
15991
1560
84842
26392
1555
95606
52760
8809
19556
66814
5344
68568
98730
94847
84160
74951
25813
21156
40828
21580
83365
59176
24717
40521
62213
85308
10084
76220
26851
1441
26836
23097
77034
1712
24798
42943
77136
88319
81463
1285
17780
1560
3229
70345
86795
81051
65535
86579
81864
90218
9644
16354
83592
63922
10736
18175
44337
16390
47943
62950
98086
44711
92649
94535
37699
27963
67021
58973
27765
9573
76405
30049
21452
68032
57954
48410
85730
10630
3148
95142
86418
67191
29586
91582
835
92205
73546
51052
47591
25421
4578
48594
45175
91236
45905
43803
35067
48315
47945
74109
64173
47165
87828
395
15541
32998
94018
5999
92109
89136
96500
31502
72754
78119
65479
58976
78733
60550
602
88222
98446
69368
12711
53639
27625
12277
38032
46690
13632
72734
8863
42466
80097
51216
84078
21970
69724
45091
71153
45235
1390
94914
52963
82328
34842
68631
47304
46514
95169
58554
59624
82473
99502
1743
77255
3481
80509
1692
99750
75799
14660
13366
45266
2556
57777
60224
86761
16556
15645
36855
4597
25726
66749
67800
65068
77965
53413
42161
17745
26780
57934
73266
35961
75912
18469
87324
97411
49742
75552
75149
74642
98284
24304
47955
97298
85917
555
85804
70950
17462
68759
11036
22198
76934
93769
5980
66346
20299
97509
77383
56398
11884
15795
50751
53652
7436
77430
60201
43364
6140
5178
95991
84265
86717
31928
73263
17954
4598
21301
11422
83317
51955
35358
80057
53691
79988
39240
59784
66
48100
70339
72376
18264
98449
18642
38450
53965
62353
72476
56264
50141
38329
84310
49879
62721
53481
29233
87444
31626
98397
71602
18539
90074
23966
71285
51991
61006
41651
90133
10689
46108
97639
3451
39549
37935
43899
96440
41952
46862
72137
45065
62135
48658
51972
96165
17183
53674
77633
60281
92268
75897
24538
10860
35279
24779
64063
40645
15763
89170
19778
85863
76656
19632
55177
84852
40596
97130
15709
67018
25579
60861
22010
66010
66450
82313
37522
90652
38946
76684
83171
54603
94574
32096
66508
73304
3245
13976
62851
96577
27261
11293
59698
60098
96693
74943
6345
40505
60133
87642
69924
18664
52418
96100
21455
3357
64710
38132
68314
48114
44480
37311
9668
67354
72273
91965
60700
4398
20689
81011
8988
10975
36349
81047
98676
26827
71896
23969
54560
16919
46367
82362
75597
38634
48922
21185
10604
73742
33377
58322
49742
45846
63712
31063
13386
81631
76153
44171
37603
72561
85107
12381
26779
60926
73864
50858
69374
43574
93097
18910
19116
5310
11818
59888
16980
58463
79258
87618
10975
418
32139
80330
38599
78102
65868
1898
10609
78828
69999
85250
43093
28873
24552
35918
1767
25145
11262
41343
95139
86010
8406
89308
76703
5182
38596
99271
5053
35443
20837
33001
51412
63343
51003
5320
1079
7598
26626
82912
28967
18389
10987
63962
61127
348
74281
15775
45402
39111
98334
78453
58332
7091
6373
16507
68692
88919
19697
43895
55470
83006
90784
21463
75858
25741
99057
62687
87014
19505
60937
69297
89250
78259
33320
20889
34982
84946
17497
56153
25178
46993
66937
93735
28899
51671
65775
39031
58865
12648
68950
92218
37990
38642
28248
53025
31633
72456
95493
7677
2159
75914
39028
17564
62977
73808
11516
270
17216
15200
49290
46431
95870
65116
15685
73778
15383
63890
71484
35140
80310
92502
91408
98390
98045
65333
48081
28147
850
21939
34589
31817
27448
94170
55767
36312
29690
954
5929
96035
94646
92671
11533
93009
17622
87759
71570
58362
2249
55411
89167
57770
87304
80369
7376
18204
82572
49879
86251
23319
92905
58682
186
17255
47155
809
11806
23488
58725
18883
95404
97750
86558
3309
99721
54834
60953
64730
86299
96472
1259
63102
41078
5434
24193
81018
49698
89278
6971
78052
47421
10587
46805
17819
60606
4986
34543
65167
62350
94198
75836
80498
45880
36673
50727
22751
72164
51348
2817
2302
63972
84169
93
14993
98930
95774
99740
65061
3242
64820
22901
6930
80216
7499
81630
56205
67437
55575
85894
30814
5069
22613
41657
207
81968
16157
6758
92830
79476
91694
7872
70327
90808
15291
42865
54206
15211
7358
38328
5122
26151
73830
40218
3165
87747
78429
6172
24499
31231
75324
80165
7634
14179
58727
45356
41709
18356
82993
2833
84525
50746
31461
67890
4424
83263
74131
31942
17418
16151
433
24159
95577
13748
57566
84850
75185
47474
61392
70094
6491
88149
90727
65345
35558
29224
75684
8514
89276
61271
13899
61621
51019
54494
84203
62017
97629
92332
38407
73272
48158
15133
99011
52802
59573
68248
16803
86159
24959
9640
46282
34721
45174
67610
60790
79813
88138
81812
36222
74497
12167
11311
82306
21385
78721
10196
18996
26159
17907
98482
82499
93289
61237
35607
2091
80196
7297
42319
85242
49378
13603
77768
8127
93877
36074
70756
93941
56912
14467
34658
62361
18113
34365
77693
74060
60002
14642
19211
76115
69785
12031
45055
83040
39822
58960
15789
58998
50161
98631
77985
3759
28334
79806
92598
77180
99037
93294
32513
72599
61826
84897
92402
6214
17332
49787
45205
74079
55959
46290
58884
63218
2524
68196
72845
57354
88212
59547
87061
40376
7056
68137
9520
35503
49453
95861
77418
94226
47409
58413
73294
56448
74861
23615
76937
70735
2511
82473
43812
87310
77451
38115
88209
20092
31146
90478
5966
66023
16463
39943
46977
6845
51875
51098
25778
83486
66256
63124
43396
45536
38355
98726
4907
7175
96665
26279
88994
56574
83829
89896
84963
71745
1635
20018
49276
45331
78313
55885
36975
10842
59133
97908
37983
78550
16269
43907
27303
57080
3409
86553
58107
9690
21841
52600
72353
5131
15625
35181
785
44481
93331
46427
45575
78133
80255
31371
48578
96787
81955
66784
98324
50575
65658
55267
61112
88187
26085
32642
50361
44651
77191
53632
82116
31844
13600
45092
38437
13533
55951
9816
68493
23410
24988
14896
61723
73176
43199
70626
2359
13132
47789
52696
89257
99705
50798
88029
57681
8535
55804
38148
38866
40995
19335
56362
85884
48644
84216
19838
17391
50858
24155
56983
37608
70464
67791
1488
73933
36178
61456
8600
86853
69198
22728
6319
91730
16972
7233
79951
31712
43266
20524
99577
49912
23074
18950
12634
55415
61601
38934
21253
49146
68078
19494
1874
63637
87552
10445
6130
81706
54922
84223
39373
61180
84584
7315
57532
38166
50629
5069
7993
50690
10914
44953
42777
37313
57595
36816
25033
28972
33676
52119
28384
90385
83436
19189
4020
2616
62924
65795
78213
10691
49271
71960
94795
76440
98273
16918
47252
8892
75425
34965
10771
1833
76645
10204
14885
1500
66221
2877
12788
72350
58172
82490
35723
53709
72686
44750
3608
65197
20470
45839
60553
2767
78618
38659
18092
68561
60216
95358
76280
24388
74693
44061
14810
18738
66351
11887
70860
77857
92288
8530
20052
6336
12376
33854
85294
67848
7122
98249
30999
44726
97555
81697
44520
46910
21630
67090
93277
23053
47551
33441
34326
81906
56296
22390
92750
92408
82676
8340
74804
67748
30330
54388
53789
3316
82628
46424
80804
32757
35393
29816
57981
66226
75794
79599
89598
39607
86204
29587
93740
54993
27758
20448
95393
7024
24334
90836
27391
25230
43430
67331
81443
27537
90874
59467
44165
39124
19694
87399
27491
37604
38425
67743
25519
58960
61756
23346
8508
51027
80325
37582
23498
69189
29949
65850
16665
68154
71933
43586
68172
39855
1031
27076
63074
10953
73555
27805
45959
40990
62522
91365
40139
2228
41607
17981
46395
51378
24095
32360
30601
4466
78405
56759
47680
36650
45009
4430
55927
32085
80316
53257
71518
57043
39322
74335
982
77349
9539
2117
94606
96114
87645
78791
35803
28685
73867
56094
40032
28215
73163
87234
20992
46133
47642
16835
72408
22796
42680
49089
72182
2438
62543
14149
21009
24511
74298
11326
71383
42010
98970
23806
91482
94913
73706
1994
76510
44697
68231
36684
94971
95500
83759
11935
94321
4757
46793
15703
86263
17936
31025
34068
84467
89095
99750
74830
19166
7276
49343
10303
6193
44375
64904
47747
28156
4445
25744
51631
31747
41528
62355
34043
87477
60777
10951
67009
92240
58926
60034
54837
84088
62270
68783
72766
19757
52855
49297
91649
49400
24363
81879
94067
99945
40743
12330
64667
47283
25404
13342
96475
50922
98110
26947
80711
19870
85702
1761
70934
94940
88160
47367
92821
72795
26833
93102
64647
35601
87048
36342
77251
8138
61268
42866
97531
50274
16217
90337
87859
78817
70650
96126
96495
12984
76058
12367
15940
81469
59521
1340
92708
70778
40006
12002
43970
36064
86110
68942
31109
14063
26940
52745
60673
52823
75392
23788
68938
42182
37599
29651
90462
63715
54075
57592
70382
65637
36646
42808
688
39733
73753
39346
99459
92042
54933
50069
87009
74993
86010
86964
1393
93573
64172
92551
44332
6363
14160
99089
79132
19670
74831
60078
3030
96257
37021
28136
72446
50918
35050
17455
15582
92184
17357
79017
12600
90082
40734
10708
11313
60917
46479
97449
23066
26086
68803
65147
21833
61668
69699
12766
26758
278
40920
8006
96576
31473
37163
72305
87090
21325
47505
73482
98186
6472
92334
27006
40111
71405
39395
73231
89314
32905
9398
77054
95029
37833
99431
57558
24740
94185
19887
69165
18539
97405
98805
69532
18272
89051
29388
69368
42549
33514
1760
91682
83092
79604
60543
37911
97813
68212
85605
17544
23543
90852
13177
49049
30839
27370
58467
62256
35086
77250
76774
23152
78334
26058
90553
85230
78458
47765
10474
73985
18404
26337
1620
95583
91827
21523
7941
117
20391
87184
8502
55417
93006
73377
63063
27768
25581
29264
44826
53915
5298
67104
7500
62174
75143
84474
56962
89385
75170
55340
23758
88551
48682
38170
3962
36463
36945
42657
14085
44169
33474
27444
50494
65429
11882
63909
71736
12308
10634
76561
53113
16399
89638
82432
3238
23411
48218
87048
3121
76452
85061
83934
63917
25161
45525
17885
71732
94458
80530
87853
52080
60983
57092
8933
50157
12638
31301
92492
43358
81993
46577
46742
34541
51688
57141
75810
464
71007
4910
15953
31937
35780
99202
637
96693
22336
25103
83218
37908
93861
2046
52732
64257
40096
15677
88185
28611
75358
16590
53846
58784
40641
81199
70073
72874
35443
37811
33582
190
21760
84552
65190
23793
33317
99522
44455
56986
93961
39031
79723
50845
39861
19140
84263
34001
20726
38320
57198
72543
16340
3909
33122
87635
62492
72143
90648
53717
30040
3641
64335
55571
42127
98985
15290
75572
16776
37403
25796
39713
6179
20846
53287
23759
97435
54662
20116
94554
12546
24326
44974
32079
44986
4322
26686
14130
95801
29703
31505
10970
5130
27898
14269
13588
92754
4611
41785
97218
82007
14084
42043
38843
91229
71702
73636
7725
78337
38123
71434
15663
13559
40055
79406
88702
30623
79916
86967
58958
39333
6673
6050
18912
70707
13282
56666
94134
91780
88630
40077
85930
24168
12946
41302
77388
99110
64488
35274
38367
75141
91763
34397
25537
89661
89574
98527
31091
19333
27059
33362
33305
65117
87444
42200
27223
1374
66410
68514
12594
87320
73988
48601
80234
52786
99623
50511
52992
71666
62778
58587
27550
78617
62268
58886
42465
18455
43496
73400
61973
64288
85353
45120
66947
96734
59527
43141
73317
44608
98687
29231
84011
42846
38707
35882
3448
78024
77459
3535
59579
71991
71130
66341
275
84985
87576
52696
16259
9017
78533
89588
3954
29536
97224
41205
61331
5646
31866
66676
89256
65409
74033
9085
78082
76031
50972
54872
91934
66958
85384
41608
87700
17551
78373
5160
26288
57024
9100
71952
5654
95399
3446
84893
48053
54369
53984
21190
20613
31842
56262
69132
11100
69271
76905
24062
51991
17978
33649
676
39236
55624
37073
84929
40340
17071
19006
80406
79622
85351
23532
89221
79112
6932
36372
55821
76810
76621
6192
92765
90058
11049
30164
50246
55364
71042
48964
40903
27581
60004
15508
36595
39054
19868
46454
85043
73707
85843
70793
13419
17218
9793
67746
39715
98104
11232
53744
12746
17440
14470
11326
75599
12850
3781
23315
24808
76310
25913
66249
3513
8386
97280
39096
76192
4003
61573
91708
45334
79212
14501
86849
90604
59534
31148
75903
43646
93447
36892
84916
2020
78683
41339
17266
63698
63873
81881
19788
85227
62037
20334
47670
80125
13587
15878
48501
46860
40853
38721
35770
42083
94174
64643
77803
55174
9702
90742
47244
10740
72746
77809
99448
12591
48881
4371
5330
24836
54014
47792
4422
48068
86494
50225
40670
72972
20047
11730
55991
29080
5607
89381
50253
35375
66320
11998
25653
44977
59613
31441
50726
71027
49130
99375
67873
10417
94101
34471
36792
72143
18497
62744
80647
6330
33407
15823
38525
1253
66982
36936
96874
38937
62462
55596
28868
56886
43108
68956
15202
2731
2407
929
62711
32334
94487
8851
74898
12862
45527
82900
79267
64408
61974
84038
13388
68296
95634
38579
95128
53962
78405
19299
51954
67793
33829
12963
86949
37335
14987
37238
10899
78478
9577
66029
44135
67064
66955
64918
85760
48017
82640
26177
8412
45583
67682
39282
34774
41193
297
3222
9591
69461
89073
3615
27023
23970
78756
56966
59042
64055
96364
78589
48041
63074
47207
71289
17050
67356
43275
12887
69254
98813
12943
39181
3562
80306
72186
66346
16909
8949
26640
52212
71800
85197
88883
53994
82001
47921
16638
92743
95277
46162
15911
79934
12016
38664
44065
83542
75266
31136
39493
51564
94178
91181
96831
2376
65692
35085
69043
95297
16690
59916
38137
11523
19409
8710
95164
65202
67528
14728
49493
46547
18973
12994
5564
28493
12683
86149
93522
82859
63152
17136
60345
43222
33751
81310
64372
87120
18486
36034
93279
55039
27749
11351
97365
12221
54816
80887
45512
30325
7881
32020
1414
81369
93609
28621
52882
83078
12078
46850
45056
76700
40671
30323
27033
65857
70587
38967
62218
97155
8420
11387
53978
10972
65086
6925
52848
36518
68716
81987
36039
33502
19305
98947
96330
61588
89218
16829
21338
30349
303
91688
8241
59731
20416
24463
74958
82980
90551
43778
88103
30109
19757
86666
44416
35187
96197
47347
31275
62748
68280
34667
6427
39258
41741
23759
95930
39060
46383
40953
80446
74279
27994
55715
47083
50645
35785
49479
60783
21615
79708
26238
43695
35118
9693
84577
40375
87638
43573
82225
30620
39934
43502
9864
1236
79155
12048
11980
28659
88052
14000
26115
49619
91996
65518
72493
2110
48368
70014
82413
48398
78543
59328
47382
28122
38141
87067
19139
9428
70028
13504
83656
82133
13497
23623
17911
28969
12334
72606
17500
38864
93953
68611
2905
71522
13227
57716
26735
76893
85901
78854
82829
33064
41128
79119
12402
22918
32023
12622
80902
1428
85762
34824
33562
44193
89872
89128
67698
24360
99392
54488
45197
57658
54710
39668
34537
77239
64260
52762
24674
40078
41711
21658
24583
56804
67383
49902
83635
4869
62716
35357
84762
4544
12414
29027
85535
53643
16409
85185
40035
78696
60694
79986
29639
75129
97565
15315
26598
72489
91782
65912
2492
17055
77418
50647
60685
54012
42690
17113
24060
88082
95097
27158
8079
19335
80957
67199
7353
99897
15820
12040
16637
14116
71521
48856
70093
10011
40366
21745
35663
13425
97447
87805
49104
44974
5695
31436
21769
60705
54996
12599
25713
24936
58468
44105
40897
51409
31650
5596
41263
72847
2495
45546
74837
61622
69467
25712
26759
84548
61511
75319
96170
20560
91731
41330
24667
11082
71616
82903
65861
43268
82108
99659
99813
64816
55827
22788
14074
4081
13284
47501
43772
78067
26506
84992
64773
1623
50368
34880
41156
86570
75649
52985
34964
69161
82200
40593
91176
95819
66935
94451
83964
8769
68352
96318
73005
21426
85935
54777
22648
36522
81521
18731
84158
37005
92441
82640
88993
72374
86219
51844
48490
71968
49391
60355
67582
87649
40668
98014
18456
39637
92037
62792
69424
65254
40785
70559
42960
62138
15341
50750
84648
44227
16271
474
37310
70424
10504
3984
18652
44477
28105
31133
7268
47856
27401
11254
82023
92163
85447
73850
72887
76590
25113
68544
28437
7001
13936
19453
29181
94191
51846
52766
27307
18407
49250
51136
48191
2148
44238
82524
65747
14775
65082
7734
3914
47229
50138
61430
54741
58176
43861
36984
76605
30573
48394
51003
55504
78072
75056
87220
16852
79128
26475
71942
28725
12299
42288
88454
57699
42272
16871
66566
52185
79249
3320
52779
54744
39155
56680
13560
82536
16489
20212
44448
70371
87764
4071
13714
22288
99724
35440
44589
63581
20396
11251
31319
71242
40243
77910
66
41677
85088
6550
93021
374
20556
91199
68395
54001
52790
88035
45806
31179
70631
8190
79120
34972
46353
26240
97992
61863
97709
92295
20187
96451
76794
58817
56154
54072
17124
34939
73503
37815
2014
98784
45547
24069
26196
89615
57786
78376
10261
19916
28065
18795
77553
78984
95353
38668
90396
27616
70355
42467
40026
45923
63920
4675
76823
99173
65391
42896
88951
37764
67626
95380
25561
80839
87575
78106
89472
65855
1999
11189
77120
20991
78023
2656
65041
13081
29930
45733
73615
9517
91482
89246
78428
94862
38961
41027
84062
30807
66998
18944
68346
49110
94963
99646
49916
84556
11709
39562
5615
49660
48024
70904
64304
76825
20417
62338
47076
14651
16326
17726
77091
34592
29924
86950
35718
46903
74941
56902
91537
61828
35686
93083
97697
82767
54194
84945
83772
93490
15437
31026
25284
50787
49640
45060
78310
92388
39739
68566
49494
21312
70889
64255
73391
64371
42573
35250
29277
76882
6494
70265
16120
56916
91053
93285
24001
1507
94419
55173
59668
81407
78493
27300
35720
43704
38394
17873
83540
15377
46974
98165
40032
80988
49665
48473
60363
80897
56105
22021
28537
75329
13781
10156
78734
94447
30104
59235
34996
52051
79123
96462
67520
82289
89613
41348
25532
6261
34551
4800
65530
70430
78179
67235
66361
47947
8980
20784
66295
22076
21996
95577
99950
64401
78302
34641
72491
5316
19555
9658
11139
95994
72155
33851
99191
74821
76105
67214
13402
45667
94420
92288
21151
76545
34888
16749
3039
76234
29795
79331
84318
6463
51165
58936
82283
44860
89244
8496
19735
23652
25911
56707
73265
4290
28939
81847
30755
45524
75512
6268
11036
92306
24649
9366
86034
98979
51981
68349
19191
5066
39680
1289
76016
30599
97963
83767
50653
93391
79976
47526
17546
87179
23989
45738
3979
81023
68657
75990
36848
3172
30495
93574
64951
11497
36467
5900
23881
49741
18323
68082
14457
31674
99850
49350
14773
15707
63582
55334
26417
60789
70595
94951
15426
56861
6918
82157
75557
43477
33444
35556
73978
97912
61505
83920
38240
49694
32084
26945
89183
53962
86264
59651
88395
86259
56076
19172
98083
89923
92884
38725
35706
73432
16597
83316
58601
94180
46751
64124
75351
68856
47951
87098
83110
11213
16956
28252
17007
67173
10427
6358
45708
89184
41681
4897
59615
7893
14321
92961
71414
56867
52934
99472
47392
53143
73217
91144
88029
87783
15692
49590
81936
6133
50932
59195
38577
74303
28672
77141
7699
34879
40501
51668
78306
5517
71494
58080
25869
37054
87410
37554
96522
3180
11736
8383
35419
41540
52350
43107
83579
43531
83691
46769
1721
57763
73084
3572
42059
15481
94399
3172
44789
86117
32303
28494
30681
77385
60694
83790
98329
26783
87266
33167
5771
96307
74087
18494
71927
10381
47578
73226
9340
19171
67005
36464
92747
92440
78804
77430
67911
96174
39732
44764
19757
20708
77538
91144
93994
46703
91357
579
32508
22120
75974
31142
22606
75593
16368
35140
84815
58949
82749
21909
74628
49183
65877
68647
8125
31815
14308
79077
23193
59346
53726
62664
50331
18571
79649
55572
83533
62751
43614
83647
46117
76050
80727
38180
43670
78029
39333
55840
135
23410
47921
10995
42940
36969
37734
74788
61414
44048
35214
84493
92785
37734
6942
55676
72863
89355
28197
97723
38794
83625
57689
92052
98583
58276
88675
8877
40925
12866
8279
67501
2248
20047
62990
66237
52033
46181
47476
73139
89451
21202
37313
81417
85293
72296
12418
70944
23235
5099
90486
41540
14933
80889
84556
93683
18608
13489
17548
7591
30943
10153
75944
60830
41131
90306
23987
37971
41808
30636
10738
61385
68543
23421
59558
35394
41745
9437
22487
61422
17668
42662
24535
88776
49268
32864
41149
34268
29172
80764
13065
36321
46357
41767
9289
53045
58119
98506
49181
27872
27558
70513
54297
96366
42538
84090
78583
41729
93962
32647
6356
68705
18088
535
21823
57636
42460
93525
78178
38899
31073
98413
48016
13114
45951
60075
91745
47092
75388
90265
58160
71184
872
50342
86782
67248
3267
36704
34087
65810
77860
82145
34035
88183
28792
24739
36882
20213
94290
13363
57544
51741
63007
4024
2055
69151
53561
59336
40822
26833
75967
69532
17419
70401
23091
85062
32984
19760
20619
4826
3212
52483
55884
96859
31467
55325
13136
93639
89932
4624
72918
56158
40518
53973
38497
39401
54278
84076
45622
38373
17434
31662
58801
62420
27517
11017
34300
61685
60838
62181
15232
69513
40285
35141
44277
75114
4267
88464
909
68178
32562
42130
50728
98070
49323
45517
20586
60830
10171
14342
80515
76939
53199
86737
21166
23920
45769
64348
62038
87848
8609
97219
93802
14251
97699
1414
59540
88734
43282
80967
59978
66124
55357
22660
130
86464
60177
24951
61204
88103
21130
93219
37415
85086
53552
114
17734
91332
27423
57530
73408
49879
70133
2755
57500
18788
15389
32692
86113
39092
12992
88670
61747
208
31843
12058
815
28289
12077
83671
70653
65740
26189
71713
46894
23857
51686
56475
73005
2969
4901
23452
40790
92084
84807
97669
40519
90847
9143
67577
60968
78686
61008
85983
92102
6434
17535
24832
15430
45078
65362
39439
41024
47607
82551
17863
95083
76225
52628
7841
39107
19875
56168
47235
9233
21490
45631
34132
98223
50461
17052
86794
50843
29572
30126
1846
23375
37625
4173
84136
63682
6205
93969
64171
18195
9079
69479
17332
6063
16187
62058
29937
80738
96565
47105
1688
46468
29414
19535
11754
20425
15336
74336
72995
31324
69044
17797
84846
20222
74439
84889
25783
16441
54847
48882
92364
70494
19189
36799
228
27069
66500
98625
92278
57764
73810
52750
97135
23466
54448
24249
12737
31722
28507
52414
91662
5587
66184
75397
4406
40066
64067
12789
22486
4445
41888
57986
40712
53991
10415
41303
30983
61833
71171
17124
62837
18153
60644
99686
12403
2247
66427
91045
59386
84365
55764
73468
16623
83925
91692
28666
25048
7311
59546
89183
261
60877
46601
34902
13647
22686
21837
32244
5961
56158
62046
94887
56511
59214
11901
73375
74733
517
10547
96101
63548
68669
42668
76972
98166
18866
3676
91516
42828
61888
18445
18470
32628
96114
77066
33659
45661
8126
46952
43993
2689
68357
15276
77487
77805
69013
94561
72608
2382
51609
2496
58758
27328
1198
37101
33441
30710
92446
33562
94290
28873
78457
55848
33278
13669
76417
28357
18708
10463
98781
18129
22891
59606
587
52214
18018
46611
14506
20544
46617
24772
45632
43389
96953
15520
50974
75529
57117
15441
10635
42707
27514
59248
89757
64241
65622
75051
10334
95703
92166
43454
70557
53424
67562
78804
48149
29876
64603
8651
55762
16053
1764
92810
31019
81750
86547
1648
44428
47016
54564
10476
83292
4115
66625
64967
51483
11337
42699
57278
16379
84126
23154
99803
2213
44246
92114
63476
48024
47741
10538
14825
91042
52106
28155
5901
34745
46454
90825
29719
97866
80772
26154
87945
71401
30465
39874
59531
86154
95832
36637
14038
81400
51186
3641
81894
30931
95765
72404
81471
30636
44894
52252
67169
8823
80041
7079
66195
70041
54370
36547
40091
10842
43408
63228
33720
81365
88719
6239
65019
74736
13559
78458
16661
72823
93053
78248
97939
55555
44012
50086
95570
8612
97424
73798
96957
37206
47224
45998
18930
50973
87165
87141
97644
9869
92816
74991
68044
95608
85034
2626
64644
88754
69322
5870
10414
67161
27596
47461
36222
31435
65066
87983
49236
51250
25288
31759
79300
92888
1997
86670
18499
30667
70701
18347
24761
93728
41139
15266
2383
44796
69279
42922
83165
75483
92428
45157
88060
43098
12837
84444
80202
98658
57840
35762
17054
41344
74175
46792
24601
78323
95292
11851
98020
67179
15097
31110
90002
64576
68378
26995
13421
19411
78000
11980
3650
32711
78673
82790
18676
98441
60188
56892
41246
72248
85869
43359
39013
63773
27852
88701
89901
47003
7789
53945
72822
38073
7740
40358
59271
67444
18561
33761
72099
68797
83639
37875
62329
69937
68818
76618
79875
43440
14700
17259
67516
55561
52243
99221
84350
32852
12533
84805
67311
57363
48157
50191
20811
55905
24421
92003
37554
485
31451
87428
45529
56788
51658
29867
62538
48795
97876
69780
59013
41411
2802
87849
52841
27781
84663
16158
57228
65426
99765
74815
52674
54449
15336
1865
36114
73665
68857
76856
47248
40916
94599
12730
84691
40628
20537
99589
9397
11780
90126
73111
84632
55644
46915
51203
45230
6327
81911
74882
16527
92777
80089
36917
78640
79623
23522
38611
95303
21649
95587
23476
37872
75291
52761
74411
85347
83020
37909
40151
28167
24599
68390
41256
10956
35050
30875
72858
32111
47754
20184
37799
42738
88530
2201
59353
40147
52979
52834
96815
32158
63728
54142
50780
30453
81866
36618
78772
17296
81663
24562
50099
1641
34137
8272
98598
13902
73564
35553
41145
41261
52075
3714
31185
2570
26466
69735
4045
67034
13403
35243
27576
75000
46735
68699
695
45877
18131
68966
77751
6731
58086
14616
70763
12875
40129
71603
733
6600
93414
83034
91599
23619
62026
21007
34387
77904
77177
33496
22284
40006
56710
91210
5368
63055
12633
80800
54826
84964
65387
7354
19703
62420
