api2_id
63769
33932
24031
1740
38410
32970
29346
30122
33550
12577
12659
10030
13218
81225
34828
59311
84435
13182
88604
33891
15359
52030
46569
45908
47476
78088
42201
62162
90034
93663
68939
96134
40769
28704
89343
87168
12537
98463
68058
9554
9296
25526
42895
3589
88961
51534
31498
39408
80763
87481
30867
38999
65400
72479
41983
43721
76382
42087
61985
18053
81155
13981
15313
55005
53882
30793
23278
34845
80460
24930
30495
52459
73567
47170
55131
92670
75049
17859
40801
24671
60093
76726
3786
55848
72000
80890
54970
37507
12153
72831
56672
22208
80146
72061
839
52874
87026
30948
42887
54395
62829
60849
20669
83356
51894
36991
3329
8744
3887
94164
83741
78865
82121
62160
92477
28602
52720
76133
65035
82200
57416
31059
87122
39525
67789
67441
49555
50831
83465
10769
93301
68089
73519
82026
73867
61209
72561
67725
35441
60814
50040
32815
52430
50481
93835
54230
7715
89101
94865
44492
20539
68595
52567
36505
86135
5299
8306
14195
25508
98534
55520
37593
61762
44874
49885
21574
68344
63441
25680
25573
52309
85075
1664
92199
73050
867
9619
89408
7075
50266
50573
22681
98289
73670
69011
35374
85076
12745
40257
88608
34912
14137
80018
70757
92244
58080
98884
66458
78934
5157
4617
25318
33124
98217
13196
49913
93865
24131
98750
53764
2131
33896
34305
10779
59407
89721
68043
40665
1466
30604
74776
5769
50435
58419
96943
24365
26667
6181
76197
6501
73192
97067
29240
58507
89881
24325
26251
67552
55199
95035
9069
80376
1797
96546
78552
26849
16993
63030
20948
16316
63077
81041
45202
50721
33252
49280
95608
76526
88891
5859
49494
77592
69988
44593
35665
62186
72898
4455
78516
85282
6192
68032
77795
95101
82945
25697
25968
52782
28380
66809
49409
41186
25459
34692
33242
25364
35190
36571
28867
41350
96712
71628
84432
60315
42462
3492
490
58113
9875
88279
8153
12399
69377
16164
41412
96805
95641
32206
83158
50515
9571
6157
54091
55122
53582
51519
16051
98074
59841
67369
45153
75058
80226
82087
39595
49914
57479
66439
50841
16048
78605
86786
30388
98888
72385
46284
36504
79823
28450
67104
43544
40045
82601
70606
1035
97487
40954
63218
15641
9098
24539
31035
80364
71490
21631
11853
18831
66662
45583
70958
97022
58075
84998
86699
80201
84655
90859
51716
9910
41643
10314
49580
65005
79239
20768
67914
27648
6583
85171
59811
64763
96732
5999
93667
68458
76833
43529
14752
87244
51584
56987
66684
31614
9250
77477
87559
63158
33126
22576
60965
90545
45925
20102
67692
83868
85543
43073
505
17619
49091
27149
5428
11428
76301
47166
39326
12179
8329
32567
78452
53967
63023
88690
91577
57891
26260
81688
82472
60430
41450
15070
65626
98026
64852
26575
99705
23032
37533
78489
45351
24167
14257
94107
78467
40516
26860
56909
48292
44423
92223
63480
28605
84072
21021
44552
12478
32454
53065
96975
46547
44840
73749
69325
5076
97946
34719
7893
33990
55536
20396
93836
54101
46858
44964
3890
5808
63726
25990
86508
63415
1185
82690
74375
63442
32010
36744
59277
42957
58253
76606
15315
99212
17573
87284
2790
51181
73694
22884
80390
39523
87960
16148
1506
54857
70781
68929
72813
67079
5402
37641
43065
84913
93215
94835
3977
91393
63211
5081
71076
80332
60238
84435
24276
40116
95071
52511
80408
99963
68153
12542
13394
2842
77407
23545
41932
45736
11601
94902
8266
17327
75266
61705
94426
42375
41297
44998
80472
78986
26393
92783
59098
93832
96042
88109
29385
95496
24078
84387
88307
71978
19360
54191
48271
4753
64908
55489
99034
62332
37291
91882
47117
86269
16520
62073
6774
63626
83530
25265
633
32743
26312
90221
31803
86666
57958
63451
61663
56510
5472
29404
12755
27395
96152
97980
56354
1621
42246
73192
73684
41065
79279
83826
38005
96276
74348
87528
74615
97455
55961
62417
18597
15049
77459
76364
78483
68456
11842
3651
48181
68332
80653
21729
9948
91597
94741
27690
28270
7891
46706
38092
98736
58257
16744
59072
89626
44544
61005
1461
91507
79026
9966
11699
10077
33259
4101
58552
63373
14873
91277
19028
78301
56760
20157
32428
43447
99864
44772
73712
38674
93557
77757
96454
32243
54216
14423
36234
49369
50816
46349
28934
70744
1891
25089
25010
38885
58637
80436
63165
84367
50313
12192
92950
26942
89205
68108
58015
80895
28333
19389
96835
24060
6904
92532
33488
43139
66649
76094
39130
92777
26416
70284
36433
49187
31279
22520
99382
98106
69207
86921
89421
27555
64866
14017
41117
89451
49873
32881
83500
75758
85426
44185
80475
87369
74139
40346
53656
38957
13151
27254
16289
29956
64635
54054
25198
26673
25457
18112
93395
21151
35861
37471
76998
25095
6586
28416
47112
70882
61657
23796
79729
47181
70291
21589
29165
82294
98030
6896
51253
47381
38503
3975
6680
7561
17888
16322
20795
24713
57883
83292
85277
21586
67527
25258
37449
96151
55347
18054
50331
79687
62318
43178
13916
53074
78978
63246
45400
42481
28810
84300
99711
70287
90075
87626
6348
44275
19496
44404
52941
47847
67364
38562
19231
43246
56274
88057
4381
89627
20602
16601
19261
12159
29498
51312
77288
91046
52006
53730
27950
74350
65354
3960
77041
11410
129
57939
39541
12443
70524
81859
26169
16210
55121
96826
84024
54956
40555
5220
4658
93686
17409
41400
69743
29087
22887
51794
53588
81506
39345
75915
24140
50004
18780
88259
25160
48334
1393
33377
19290
7094
4998
42964
82158
24697
89854
41639
13924
87582
3594
13004
61087
88165
98823
16100
76199
46451
13356
97787
76732
22974
85492
3167
38314
22335
73779
37048
72494
45187
44625
52108
79928
30844
69231
1760
95491
76516
85023
73144
55860
99288
64628
37122
93737
44286
31622
92042
99895
39782
53593
56944
29516
29012
55056
47784
74582
30269
98291
57815
14449
64461
46615
28996
69687
2943
45808
1900
97957
83442
15147
25995
17348
82806
41333
83602
64937
79605
58907
56007
53701
13957
76199
87693
73877
92261
95079
48123
57700
78619
99557
79990
77004
94699
31173
59188
12240
68845
16854
84435
27922
76870
64394
50837
8519
93299
20103
81716
12685
74532
40394
51288
80008
25551
48534
6883
5266
93488
22235
39015
33321
7870
57438
50268
42860
71791
17246
19640
66706
29898
54766
64565
61093
42132
52127
20678
49175
40386
39460
52351
52332
65431
22327
64379
93435
77896
30441
58288
84623
62764
64572
43161
28726
79
17129
2688
30688
20449
4897
77746
4366
70547
66117
34541
53439
56731
35293
34006
2077
87965
42423
95485
45905
88221
54566
66106
40358
25955
93787
15397
26011
18421
64582
91314
99171
89644
71092
7815
70885
77958
81033
10265
9235
59799
78189
29347
89934
32887
83763
93471
31663
70881
1404
1877
13789
29755
49384
71342
5978
50105
81128
66928
20498
49356
81106
76598
75426
44130
54137
76374
44385
30982
60749
70894
6229
14141
2610
40790
9998
41492
64639
92286
83510
84804
83746
25591
40797
97839
58523
54109
59057
29551
40631
94371
70427
39993
39344
46007
35313
93454
24307
60834
13880
19474
88922
59427
80551
98126
55659
65777
81881
39279
54104
50321
21733
45268
96359
18238
1378
19003
2163
46897
84449
67110
43713
79478
27519
61407
60562
51917
85643
1912
91411
44654
2101
86212
36979
68144
24472
76444
56143
39444
68206
50506
31981
67840
23103
37762
33400
59907
12709
38804
3705
72694
90442
36134
62437
84030
64317
28444
23225
69964
68703
88005
59063
99532
35731
99450
25195
69413
77336
51670
40263
61869
33855
60756
12250
79492
95059
70831
50844
34664
97368
83240
93553
27295
35790
13956
31779
9750
28416
13799
19757
64114
94721
3984
64691
50379
73140
60539
85166
43904
90854
66177
79135
4850
5004
32956
85931
6913
82425
7253
13147
23648
53292
91023
66023
31952
83416
20542
59697
28793
89638
66124
3850
56148
47871
46613
60132
21186
11474
76082
7932
10647
47958
4582
45201
49820
76908
98699
67502
32259
76
3841
60412
2836
6105
29566
32167
56393
28217
60415
83346
42874
15583
99400
12671
23644
77105
83984
80004
17804
15649
70726
50270
84561
93255
41650
45011
35913
42884
6183
38531
87945
82449
96723
30354
53393
6818
67589
36832
47434
45559
77591
32334
2598
91271
59023
7309
60530
48427
82547
6126
11865
25690
56539
38557
87601
28044
31451
59274
53736
92236
62803
31854
24717
37417
4821
49888
16371
5905
24479
41298
22515
2827
78372
83674
309
93144
13992
72487
43579
16397
21425
75846
20514
93043
91245
23166
68600
74567
96137
73448
47414
779
61639
68420
32046
61992
8245
69424
80525
77504
34431
45575
58099
3307
85174
31376
14717
74370
89018
79236
70807
46883
22939
85778
43921
53500
42423
63886
77764
31718
1946
38994
86310
74276
47872
75385
923
64004
46787
1510
10204
77971
15352
53449
40868
66295
18016
25818
82386
82237
32285
95091
99949
35797
19486
144
94616
49483
45339
20692
96512
71876
92349
28871
13049
98268
33187
92643
85388
38469
5728
56898
76921
85772
23303
9330
2699
23833
60254
18576
86665
84663
82398
76555
30195
17128
10145
8011
3869
25946
34105
41000
76315
64536
34609
48461
11533
84438
48131
54915
90658
78837
79688
32315
15613
38134
83032
8218
90644
20356
58488
68450
33835
66004
84130
26133
41999
8471
87599
78632
23100
40539
29311
18890
48489
80778
88308
69643
37643
94448
63180
17665
22076
11805
47184
4530
19800
29863
46476
19453
64949
96897
26419
99625
30515
89690
38044
59993
10116
97076
16963
14067
69241
89076
87617
80467
39017
56252
61646
74663
9167
12208
54717
20431
93486
7234
19165
70115
18673
83669
45714
11419
27496
62490
91353
6804
82718
93239
28510
17759
82048
84790
45070
30964
14364
71480
41174
67627
27640
13799
80126
77251
88928
41471
74154
46956
13190
91303
62156
6210
68475
99180
55216
24516
23071
50753
36639
73369
59278
66720
62068
86024
60440
45551
99567
55861
22661
10778
85320
51719
13357
12504
20708
47738
39736
41148
48994
44836
13969
58323
52375
61203
6194
61836
56179
42811
44372
73165
67351
45120
4544
47102
28765
89337
96438
21482
54493
62522
50670
4060
41233
56888
85799
3038
42857
28552
18647
72941
4536
92480
6494
403
86560
40390
97998
19741
73812
99326
19889
50887
59296
20014
78727
90036
48959
84018
40587
90524
68240
54864
89226
11057
82685
64341
54432
97330
85534
49858
31405
89436
35262
35959
40175
35484
70113
81638
18888
79275
77846
92251
93458
6185
142
54534
54042
8581
32323
92396
55397
42205
47432
26869
96148
85066
92951
36267
49744
18035
73250
86065
71309
15462
46881
2596
67040
75357
64245
10033
50947
87214
76730
85314
8811
50846
85258
57084
50860
25210
94284
74215
2162
53462
50105
29531
25230
19946
48438
88141
94091
84568
4502
69925
43263
58582
93858
11569
90473
90465
86243
58658
10876
26556
37466
44537
54241
44040
51157
35838
85838
35926
45711
86681
35375
56406
52737
79341
5118
76829
61605
77117
86519
62262
87888
71882
85154
95909
16090
8558
85182
78047
91473
62095
3843
56322
38560
15384
31942
66317
41746
8395
27154
69531
52634
33681
26705
85716
52506
64627
17030
87916
39563
44761
5370
98945
51932
25880
66105
7971
85670
60804
76961
15157
1527
75780
81908
18442
13144
15456
67167
49579
50867
10248
16670
33968
37798
76941
36351
33196
65419
81673
21148
74841
67034
80713
49319
21976
19836
62486
62991
35716
96331
31144
33025
94013
5040
7788
33513
10275
60620
94945
721
60143
79063
61280
92241
48338
72376
16571
51685
94089
5809
74388
33953
65004
49304
88212
57131
76000
86323
1102
36309
55020
87158
19173
32670
15161
4662
14324
56634
65530
77165
94281
22924
62915
76758
10462
58662
68507
29505
87951
39493
99282
53939
95551
56691
95332
38966
26765
94741
85392
68272
78251
29338
11899
13320
23219
80969
87751
60718
57206
81740
16032
55651
77196
85186
36720
44820
61312
69491
42632
48429
6291
77600
9587
66418
64901
91888
67008
40958
32045
14999
93509
27272
13918
73134
59349
89749
14107
78796
50169
34594
21647
21790
1004
81120
82181
50687
15444
47494
21022
19859
5678
95145
64474
71986
68399
14586
91119
33646
56558
31219
18997
67227
38902
86552
75264
15449
28566
83929
32228
55573
99753
91900
745
60431
2241
93802
5586
79583
69639
59898
58135
81159
15664
84850
59436
27570
82542
95879
12211
48020
27561
14588
30145
20045
31651
36565
20016
99323
74904
12771
76398
93980
76710
99569
59391
76158
98607
94058
43794
87725
41981
14197
51404
43743
71836
6251
31885
80316
44875
97265
36332
79240
86368
59522
24562
68952
8567
63734
56415
64931
27854
78923
27252
22584
98694
4734
63942
76172
14292
18102
4513
91220
24212
49398
68917
85765
25182
66159
61075
72666
57907
27778
49013
31308
13631
61821
80811
15515
24149
94829
37987
77761
93726
3554
43057
4811
20049
285
69737
6901
81773
49930
52371
39051
40875
20084
13885
52193
29651
38356
10795
91205
32282
68578
84124
46573
80994
97138
89998
8783
96688
2276
37715
58429
52518
48795
22937
35573
71455
55346
72542
73424
77579
46390
80188
57158
60498
56571
89135
36741
76160
923
3031
61843
6154
83744
95815
76438
82394
30710
19382
7718
90203
97173
50421
32802
76783
27983
96641
1220
19509
76308
39360
67933
39365
27155
5179
10482
99124
77136
1798
92832
90101
74447
93787
64808
32789
11286
67555
67787
57771
17727
86616
63001
70474
44409
46340
13819
36607
53263
84470
67167
92905
99789
74633
2158
5247
83068
40623
26148
13123
11393
65402
89519
99072
53174
5260
33296
33978
20074
42359
48385
58114
64178
94013
91440
66682
79458
66471
20446
13622
36901
87203
25413
79837
34135
90717
29097
16094
36502
74504
55378
53134
11852
96313
90403
66369
80102
90399
67049
16080
52522
31374
16444
63545
78411
16925
1280
58597
83311
96712
91976
10637
27051
21318
37388
20359
13904
41052
94055
65626
98785
88896
84430
52154
80343
79151
40227
86709
27517
14956
41660
18234
60150
13349
8803
36857
73039
96083
25250
15576
55837
64165
87569
33281
88810
11446
86608
95702
56845
30355
28677
93822
24128
98541
56423
4990
72275
11567
82476
97591
29143
26339
92900
80806
76706
94219
33223
45640
40266
62575
15567
32126
79257
45443
16926
80263
89731
43910
45779
26441
84303
71159
31794
8927
37744
6737
36393
66956
57428
10369
79944
54560
52385
15529
44594
45083
70990
65478
30873
94782
55591
81413
21423
50570
62151
37035
45839
6535
41387
32791
52704
18726
18075
52289
71931
37895
46196
71833
512
3725
81181
56080
9809
94275
74408
22752
87044
96950
49101
69035
27632
23964
69908
64751
58703
44718
97622
7271
67252
68675
13302
12745
21080
39211
39003
92006
25776
39797
76700
83310
12806
80478
99700
77513
32548
69455
84025
1988
29558
75261
37006
99126
23652
40984
35269
23253
46119
58694
11736
89999
17569
17349
46493
74291
39857
71550
72065
20421
15809
4304
31260
96953
14789
31378
40975
58934
47130
49595
28888
57466
96911
48276
19720
36996
82361
20556
74070
25365
41039
44830
4119
49420
50267
64637
38056
29547
61608
25953
87700
91185
275
12388
86334
65697
66082
53014
69064
65137
22201
28990
89022
79270
40457
40051
72330
48578
36150
68447
47390
45637
59165
5369
6893
42967
21648
76831
58187
48833
23688
78688
27284
16235
396
53575
19254
2927
16743
41503
33970
19165
34174
84899
89227
52665
61249
62841
76153
95493
37835
59330
48601
82761
42426
74123
70744
90888
42309
80151
83021
83179
18125
4694
79728
81053
64244
74711
9428
89547
80235
32905
1227
13048
2632
83822
71214
18539
90011
87895
67074
68250
2743
16444
19059
66774
5984
32121
56485
60699
37180
3373
2851
83166
29032
75484
38462
30907
45280
61504
63000
88736
93378
11263
2650
19523
50136
22066
42359
29302
36395
86096
30074
58454
8693
40169
75738
72904
2067
47644
90343
76979
71726
17724
83761
81538
45994
96745
59239
39927
98531
23805
25954
73829
83104
9437
93317
40732
79137
20385
9200
84655
69421
99311
47326
89073
95335
53783
20896
25676
5589
35756
67259
65725
29779
13721
66982
37272
5487
54890
34763
11237
79420
75318
10874
51879
98563
32188
84998
18856
24659
65674
44866
25421
26792
18605
10001
82107
5353
27744
51802
70443
16369
96182
5227
50864
58174
2738
37289
62196
17435
24479
8537
34616
31342
78644
18287
60655
12775
64262
37495
55766
82983
88363
68166
54900
71092
80995
31070
81969
82000
58930
68893
30783
40377
88556
37103
59464
31338
11906
71909
84239
91254
36490
81213
71047
4163
16712
94697
63518
93734
43051
90671
51996
17700
74093
23004
79651
99402
50123
69193
10884
12517
54862
87066
57202
12471
72633
47807
75628
91699
33309
73464
10407
79791
25144
93174
61073
72889
95257
29685
71503
44975
62663
84594
94453
22433
88613
26751
13124
11748
86306
78243
20398
38259
10540
25658
86564
11562
42752
69982
96405
42684
28941
28175
46898
36345
73076
67974
67521
18163
32135
15269
98498
4790
5632
99694
69247
63019
16218
69979
16391
96493
92384
25831
94065
11525
73026
19545
5290
18616
4459
75378
81363
66262
7560
25097
46540
71293
63138
71385
20139
91013
4717
60906
64833
64242
76338
56940
58329
20438
67534
26522
71960
585
40176
64062
19392
90892
68343
90036
48981
69191
11219
92175
69115
30164
99220
39831
24390
53330
88229
52368
69113
67067
29913
23322
54317
36161
40926
83376
72156
12559
83162
48385
2309
96922
9222
1666
60903
91562
22907
67782
92162
73256
21312
36049
43699
83238
28425
50202
14680
92294
5631
88048
72161
78930
11733
56246
51073
94579
57448
31425
7984
46897
32865
19787
88645
80139
41930
59155
35888
56458
69725
60151
70623
55395
19371
34343
26035
72818
27413
97420
47959
93415
41894
80677
46637
60592
79536
17582
34760
36167
76039
18821
72637
6919
41905
52873
68846
44823
86967
17180
33028
48107
30769
80336
6395
4680
62895
19539
1963
69728
49930
45437
36423
90976
36380
40081
37673
33280
57258
53759
666
84278
36444
11187
16161
96986
58674
61227
71377
85975
67073
45461
48486
99230
29849
87065
63275
54780
18682
83025
20444
48216
51292
61572
21404
57454
32610
5371
42539
3138
43314
18634
95924
26029
69189
99993
67043
81710
79301
36936
33794
87807
6733
16237
44252
28218
70449
60620
4428
11002
68900
42882
77626
69734
84310
94676
44927
4290
97508
30970
24594
69830
21656
90132
26525
59094
19644
41328
16567
39728
77545
86238
75672
42418
10379
61484
72026
8855
61309
17589
15437
1235
7188
96200
83711
7111
54673
21055
50709
39867
14598
77549
46869
41983
10405
60791
22988
71993
97983
55208
74154
747
69058
76534
15708
53749
87523
96617
40207
15282
78002
94277
16572
26029
47799
59888
5563
56736
32737
18280
19041
10153
57684
51618
91241
62657
92583
48834
99314
41695
59399
96963
72423
87606
67225
49392
22035
31783
89241
64483
42146
61052
14135
90850
8084
63826
27671
2941
82721
65650
43714
29774
35647
70525
41000
54045
14127
7665
76545
34529
48215
97245
84858
52882
88955
81212
27337
46923
69236
49834
88147
77880
23544
51656
85735
95961
79074
87769
48355
79471
98039
66126
5992
34579
99094
11205
84677
40105
34289
17810
49313
96179
5968
15467
15867
30217
10069
62712
86915
47429
77195
39845
96360
37326
32319
17978
13142
1293
31230
94269
88953
72610
43951
36077
73657
64347
21138
37307
41719
92880
8899
6401
63167
4326
44847
54139
70570
20687
3649
30089
54239
4149
68678
18221
86657
28324
93420
25507
93073
3521
84626
4698
44053
56452
14168
57316
62093
10093
45906
63597
51593
31897
94626
46017
62050
13876
96501
56102
73677
49245
25056
39240
16810
95669
99076
59954
50612
36286
46632
39970
971
73948
47185
59296
21544
18096
22343
39178
52828
96650
32604
31904
29625
92605
792
8863
93158
50629
77006
25334
82793
37639
93205
17303
5998
96262
67576
95163
71710
58391
21988
71161
16871
74453
30784
19493
3873
78050
1421
86581
56228
78252
85705
96487
17994
67717
75828
72464
71675
96674
43506
1620
91473
10256
25528
13853
99359
52998
9669
43709
53447
74975
87380
58070
13395
78184
77503
2321
40073
62961
57178
69902
83618
17157
22623
40555
92309
71465
40485
80498
6317
72121
69102
90287
70902
90909
51907
48256
74582
50530
18671
79020
29357
92301
47042
79077
42254
22306
29574
81612
47062
68520
24254
20
87437
96107
2648
33353
906
88910
53850
81030
77
31144
54958
90600
32250
10253
10313
22076
40575
91235
52761
58254
92519
57337
60796
42942
33007
24845
36034
41291
10730
90014
88556
90274
35820
77318
26669
68385
98498
49859
45942
98463
43458
14402
41365
68817
26230
54514
35201
37646
18196
62277
60774
52972
74889
8184
67399
31189
3917
41902
39876
53231
6221
66841
33794
25132
94081
82205
89221
15214
72053
81127
64
99308
15666
8126
32842
50418
68853
98104
21356
53897
76026
96084
33844
45235
97081
23852
72343
47506
60040
34060
16633
91768
93641
34904
45523
72926
88342
96805
46821
57279
7673
18675
14189
18940
58574
48792
37931
26091
28485
23329
84722
77733
1285
11265
26075
48872
42243
72712
82789
53096
94184
33684
20005
39266
29724
52651
92924
93784
16438
36119
68416
30854
96784
33993
98543
39891
22716
70699
68179
60274
37293
74589
66854
51135
29908
26290
57889
51965
22977
1508
90453
96260
2581
98271
15413
55135
67367
10405
52193
32660
99264
77160
29837
50124
46833
33279
46565
57645
10967
44903
37638
5100
59867
42540
64816
76534
56525
40826
81272
48972
80994
46037
48955
70825
39367
27111
28662
12179
49283
20009
40114
95849
49162
10139
42091
63483
82588
41060
17645
41519
58431
77112
63974
66221
60603
554
85751
12172
66054
30003
61953
3335
76350
51148
21649
85043
95877
42855
79544
42954
83802
55778
55031
40788
83414
82647
34624
16176
64384
56387
92731
13969
26899
57525
37844
83440
60467
55967
86512
20661
32403
58046
57601
30919
28635
38001
21370
7714
51099
27271
38504
62633
51904
29808
23576
40491
68013
87024
37888
51488
90377
28965
77778
48299
31324
42414
88906
59334
33439
79933
35750
45645
72617
86445
32722
78070
61654
54784
87911
71840
43630
28143
72775
13342
43702
30958
96876
31535
37122
54611
20943
61378
10154
32821
33993
11574
98135
11246
95422
35332
32713
78355
83847
44454
56021
23948
9287
54349
1982
71670
72411
47046
66050
77785
51812
31699
52667
62837
27122
63560
85166
10617
70324
27555
51457
77564
71941
72663
18935
11503
87663
99281
54039
6591
59486
88398
53648
83612
18632
51956
9890
86809
73747
71375
51771
32539
82449
92740
77479
83138
24510
8186
70097
42263
40907
24260
65985
21307
15618
92077
72499
33289
65731
89631
70224
48496
85239
98918
31663
89247
5335
40355
98920
41036
76646
4662
73531
53528
76362
59783
2458
48126
64038
6302
58566
46235
3157
67795
39548
44229
99489
24867
76513
31315
19062
65458
57645
38719
83829
73787
82144
22940
16025
91181
94060
56027
67086
61044
68451
87319
80765
43724
78119
84348
44133
14890
54119
69716
45947
38122
67145
528
88088
91480
7121
13939
83480
94691
60702
90751
9631
77760
2289
2544
92917
38048
67239
11799
84542
70
19437
67961
53580
24302
38203
38639
547
17012
20398
40762
73305
43376
18766
83614
58823
86012
11721
43101
64111
89039
19659
40911
22484
12269
17189
84992
6942
78750
11064
26516
41952
44776
55410
33335
2158
77663
81529
19353
55301
44401
34142
89604
88242
596
25208
86265
31105
97386
17102
20521
83863
57449
30120
32011
50384
79386
70038
29703
32605
2992
60535
9899
43384
96764
47401
3438
79145
11580
34405
39323
97304
1478
50663
82577
67086
85591
98697
87191
28145
26887
57929
98769
23148
57221
82345
85284
28213
5392
15070
88035
59968
86867
54775
96926
82907
91315
94218
85794
26325
43488
66829
58955
88231
98969
76345
56146
28749
54431
58104
46499
33668
99373
2019
75073
52599
80455
95491
9451
92551
79117
81714
92951
92360
76988
25054
28881
3044
80686
59498
58842
33916
7012
32216
33099
61850
50139
60377
86478
59662
5897
22098
16803
88679
55139
60068
58942
36499
83320
13260
19748
87992
77721
4666
42953
6078
40067
97773
73460
3930
77687
78538
26994
31754
26956
58274
27158
425
72882
68680
72030
22006
15299
58296
84824
71044
46245
3333
58419
22587
17977
89750
6259
69598
76807
44800
46826
2281
95127
41370
688
70521
5575
81933
27603
22898
75523
19671
5008
14171
59648
43533
44585
28351
31868
99979
49132
76393
16164
16956
30063
41923
58479
95356
14236
47795
65744
65957
130
1507
94354
50493
81454
5285
87315
80506
11994
37412
47469
92334
55042
20598
76581
73355
43980
95127
38989
71179
56500
1203
18036
5980
28800
93013
33729
92285
95284
86892
54943
39574
50621
24249
93700
49750
22910
60978
20818
26353
12758
47366
17750
56050
63804
6979
67951
17789
1976
69696
72452
57985
72484
58843
5212
1402
92131
62899
71386
39256
1833
42628
58767
13760
87307
47577
83205
14301
9112
14537
87294
11179
96746
70612
69887
41879
31501
76126
19687
45379
54367
93916
28275
49325
27838
59268
77137
86494
75182
23206
2921
7600
49185
11748
77467
21799
2392
96622
95613
4159
67179
2512
69623
58017
66839
20152
21727
96035
89632
19641
31189
50137
94597
9591
10826
76480
45166
85703
91811
69558
70265
72594
96444
59920
65474
59788
16195
11988
54785
51752
23407
51597
64053
39903
70432
66363
66160
29078
4897
26597
40778
33736
72351
1709
80614
884
32168
2171
30366
59402
24304
39008
79387
84307
74840
72163
91948
62398
90744
53214
73065
33890
41977
12945
56640
56912
3022
97452
70761
93794
52498
71241
14406
3633
42113
75089
75411
69058
3088
82538
76226
90278
89750
80825
12968
94737
14352
34260
68401
61357
78416
82283
84223
1606
96028
91160
40497
93841
97154
40972
57978
12774
20432
40001
42761
92198
43403
17557
92953
17863
79188
83633
87929
41289
98225
19589
55315
83445
61326
92371
22487
8583
26382
22576
53357
51166
12121
14055
27565
47290
33940
67743
82644
14525
89207
1167
78945
66172
77663
95553
29324
50416
61534
43742
90994
31295
75602
9500
6175
4526
77681
22251
75843
19023
51740
38370
33452
41679
16865
26214
14629
8358
98244
50420
10179
68555
92790
5531
20114
56292
7283
54733
34784
8415
3552
64716
62718
48249
28825
43019
12543
11938
8367
34311
17785
3217
32707
56530
65046
54206
5634
79909
89536
98601
79848
71325
48329
42524
61664
98713
80443
942
24107
41248
78301
67276
82357
99854
20719
46146
74147
43237
42429
90901
49267
94409
30907
26987
95789
25541
76491
78421
90242
1513
89921
34092
93259
76896
10588
6367
25786
78939
17337
62288
28013
69829
70596
49737
264
47652
88429
78826
3876
67330
56504
73678
57880
64092
40241
6090
39458
54056
52492
1722
98067
55639
57662
13867
93597
76689
38460
41063
28742
33975
66335
78517
4318
13001
74706
98117
92428
64916
23144
19806
21682
99821
45057
57363
49371
48516
29328
67864
43526
87724
41646
44743
50806
39042
81758
13165
75000
7849
94266
89496
79291
58866
32286
30915
65323
28088
29627
8452
90842
28746
89019
20394
42288
75348
65418
48772
70003
75340
54920
64335
27310
81821
83846
61802
45296
7483
14830
83724
46440
18652
39254
75217
7913
67902
18369
79335
19286
12284
54792
68141
68877
35579
71452
86317
90385
79451
71068
27729
5580
70469
32853
26118
18930
41211
10575
86194
68405
35088
74817
30014
57555
9317
25271
92698
73917
90090
12497
11109
87941
43696
37959
10732
48687
6430
13345
7875
28115
6417
48241
61089
78446
68292
99061
15605
27438
85794
42890
79457
13409
79055
97571
43753
81347
19696
80622
21387
84239
31885
3061
88725
34161
32342
21425
64085
83047
41943
19040
32178
15473
56775
34437
55558
68942
35987
47453
80365
79478
98966
84200
69686
99343
69425
57657
58880
1929
39523
87017
43941
26340
98900
41928
44633
82713
28165
79228
81258
9121
48544
46499
4574
58300
56499
43235
57017
62745
40728
23814
31671
91452
903
56890
48409
46939
80158
40720
82085
10851
62112
53197
72589
25604
14715
40171
99284
73511
40395
71553
44044
62171
48505
41368
74726
3250
7904
87038
70011
61455
4666
34205
56435
96802
26513
4915
62660
11774
98015
15073
75699
29446
47830
11955
7293
66195
79304
27727
88517
16655
69496
81414
50200
28332
72294
37973
62064
29553
72452
19732
53971
8442
43117
55295
73372
46081
60260
7703
89741
95085
36681
4505
99041
33176
66022
50922
98030
17931
72086
78334
16182
34895
60399
53262
9573
89553
1623
4404
84758
64882
6667
17639
39349
4491
2866
4658
9786
88432
58611
22288
78599
36814
82720
17645
72717
74488
34089
46366
85110
86384
41551
40071
69936
92833
49466
42192
20336
56293
35541
94247
31776
23176
60792
78681
88159
72646
70839
92613
50174
6877
69243
49060
97011
73498
96532
52054
98351
43124
58075
58642
10169
34576
72031
57537
46855
19010
28274
75570
56284
22295
66036
92562
2496
17067
95425
86354
35553
17811
77254
94784
970
698
45268
52328
46861
72296
76792
31879
56723
58475
10581
29953
72349
31926
39290
7889
14783
74094
90091
40919
33277
32834
42018
59137
89052
23923
89275
71300
2304
90805
4769
69430
67060
3070
68373
93604
9254
62018
67619
44856
97134
34392
71419
15091
21830
11673
63428
83743
31023
5758
12703
1741
93407
54139
76631
69377
79297
562
50008
49527
25505
68825
27016
59522
40834
75880
32296
49681
78850
65598
6512
46132
87290
27979
24823
5075
16147
70177
60601
78871
33473
76332
45197
50073
1357
6232
43882
66024
56761
72543
51814
8356
36221
35514
19754
4546
18313
48146
20798
26371
60484
30629
29171
19309
22349
29309
52919
36117
36480
93846
14048
22262
52821
63062
5177
40256
68232
79102
25563
54869
73520
51720
28988
36669
90658
79588
65410
66555
53530
55218
45393
85957
14790
54058
91732
74706
69622
97809
63576
75638
12945
54263
15427
27850
2286
91495
38128
90959
52191
84959
68375
56697
75549
35113
40398
83718
41902
69334
72509
21031
58360
2735
6771
95793
84751
79654
46803
79647
25820
2360
38782
33080
63110
27094
91042
25515
52346
1665
4149
85390
31609
15563
61194
93778
36199
70602
72802
61555
45223
76505
86530
93866
36565
2000
84742
6972
66427
11987
10769
88357
45876
6880
75695
29910
35287
49290
55831
19253
84360
3841
3676
96534
16564
71867
80726
76236
34745
94671
92275
67439
43936
50630
1286
65805
71436
27703
14085
91970
1137
21998
39136
96001
79486
67632
80947
71707
13403
63492
19267
95548
31827
72120
59886
20196
24263
56026
58162
57905
71882
43627
1489
53630
40338
60540
88790
88957
32580
57738
73046
93679
4870
12793
16370
15040
59371
54225
70477
7336
61934
3358
74273
83939
81067
62215
51095
26054
98467
19508
49115
44599
53969
72443
54769
7316
17579
56008
99530
95933
22387
35411
71332
13899
56771
27018
25166
14661
53434
33896
898
3882
90751
82103
21731
2149
36479
51925
1745
75740
90947
30457
52015
66615
26848
25596
7316
91562
66442
46675
62106
31250
65613
88469
31767
21922
48248
41689
1277
90657
82101
31253
55908
67059
5742
21978
89029
30420
96670
55429
96265
76083
26850
95391
80954
301
71182
18220
25331
67263
42594
55820
44491
47641
72835
2586
43612
24546
53004
43332
14828
75543
75404
7880
92650
55423
2611
70647
29710
91015
21176
90707
15745
26443
12307
6510
5573
35331
58844
68055
69607
4379
30915
44251
81683
39841
42476
28409
62292
41668
16408
28941
60244
1478
81006
42244
32803
58826
22391
86184
97099
23499
77199
98455
90829
70204
14492
10397
28776
83452
3173
29064
43364
51399
84835
97355
24177
71378
52248
43927
84004
25988
11862
97259
71111
64411
83596
62695
31206
7753
80225
11709
44300
55571
96036
41793
86474
20483
73618
75707
18117
67400
34530
83502
46489
41371
15066
28156
28929
71606
84461
72796
53247
2098
19323
72330
89530
24054
61932
8569
24212
61604
59632
89994
27441
48813
91377
87075
42025
60114
31820
94834
5118
90084
31112
67763
64060
61457
2713
68791
9450
52785
8406
94699
1890
51222
92414
44034
89894
34332
3133
74368
88461
46287
99278
17220
2215
64398
71484
235
52383
60916
26979
3959
66431
12515
73646
40309
82714
47746
17966
1500
13036
9030
36504
55274
50531
6055
55383
85243
69584
55894
10539
64018
1178
67538
91791
50955
13793
81910
93254
43113
82012
41783
63173
72963
51819
64676
67891
7867
80053
52899
84408
23985
59075
65126
22230
76629
29679
32530
57444
5994
94531
95302
71658
63045
5612
21416
51809
6829
52627
19459
29812
49659
19059
3222
99727
13040
56432
48863
48243
9362
30951
6735
2664
96108
13612
27060
72076
70234
42329
65811
17307
83545
48625
52219
66132
46845
17204
78652
40413
91568
20057
99797
88313
10855
66263
36301
43126
76444
2108
40180
51409
8571
27550
85569
99750
59798
93598
47932
33963
45369
34890
31425
12418
28228
6389
25184
45784
59479
82680
434
14964
31822
72380
54546
13711
61131
85180
90864
44741
20114
87293
61348
55497
43692
69526
3147
3611
9275
88147
36498
68428
41068
13871
41453
50329
66914
64819
60796
6957
43643
78353
79285
7690
51569
27511
61708
62280
70966
81314
25651
67702
63651
22441
83387
83920
64197
61944
8192
74213
6301
32545
98076
75508
70825
11011
76025
10531
70907
51370
85868
47484
86607
13128
95269
76695
702
79553
73188
88406
10270
37335
59810
68749
40591
35488
73852
4698
13800
6644
73729
82020
90658
97623
35045
26034
42777
78061
96955
10354
15831
2369
39379
71447
24671
42368
24916
96000
86171
28744
48353
54033
49543
59089
70734
97634
19322
85388
39996
29746
39587
62278
13764
4064
15831
91373
66701
75881
14298
10984
17803
43167
60071
58964
15499
85989
52910
82226
8874
30378
84910
45497
86500
34378
965
72151
98277
18228
10620
91858
8975
24366
52935
94700
31906
33337
68358
57873
63269
37830
54512
65580
61735
45514
15541
34270
69936
47442
57709
41737
18014
36637
63291
56661
59867
92291
25580
67791
25699
51210
16418
49803
88941
65922
13836
72838
71511
41891
10279
82015
56034
66977
53405
14039
23824
76020
41583
84613
43661
26730
90935
73613
27464
21411
45266
15734
89357
80922
90697
82674
2646
75986
51026
70840
57969
40720
51371
72720
4428
99010
78997
68337
47108
96817
23464
8920
20878
33568
29627
92266
40199
47861
1431
875
84880
37134
98844
15832
99576
39315
73879
32986
11364
1281
28530
80251
29951
76124
39247
21208
63597
91949
42116
13967
26547
86818
3997
93237
63735
45849
59297
50804
49877
74165
82473
55079
19384
45690
18700
50498
78390
79738
84930
73735
31971
77481
18545
89193
75417
99109
36989
66644
8077
89479
60760
11306
55274
74138
89506
83414
83720
9206
50066
12856
26518
96340
69811
46031
35491
36647
68503
96449
71699
40896
94927
41497
9201
78385
64173
11422
92552
90398
31187
76738
42014
40173
41916
55103
49796
73557
72558
30307
14446
36343
66714
9176
97245
96461
14166
78081
74763
82370
21977
55672
80408
99954
23974
75316
12302
33971
76975
65751
33102
30000
74322
51325
10643
44245
81634
12125
2575
65625
83989
96434
69264
65745
15629
38034
76545
30652
31768
95846
61646
61828
58270
37743
68354
32707
88285
66293
44564
23681
58848
44419
50953
16858
3271
98281
88805
630
30266
66062
94720
56191
83302
78224
14698
91775
15651
44378
22558
30989
23797
39276
51090
84347
65908
16236
945
1875
84611
67680
77297
49904
87722
88643
48831
22312
40111
43828
64392
2991
26883
60189
46338
99330
2528
75409
47319
80109
82304
22174
72538
99898
93004
56237
74302
12447
82371
79599
8271
55661
87893
78522
50692
90756
4790
2574
24382
91779
66602
14577
60607
35678
96144
65139
83179
65290
34608
33690
41251
40898
83497
85485
53667
44973
6529
47196
47300
44049
53885
48330
44787
25829
69855
3939
1245
25443
76240
81677
96746
84629
78303
82821
69016
14636
24310
89199
51344
28239
31212
60350
5245
24461
43013
86556
13615
52506
23801
17521
13731
61073
6385
89006
36345
56811
31222
27376
6632
47896
72055
23963
14538
63946
62556
88224
73762
26314
40443
10777
60002
87104
73295
10821
66326
93341
34794
95470
44331
44351
20572
21152
6724
27488
54889
74048
82437
61797
8066
30766
74050
49465
239
69941
91824
3208
17828
71606
37625
83463
22240
12212
75988
58286
82375
16122
95627
70574
24089
73773
24084
73579
71200
79912
36652
55821
38018
80189
79187
97032
30346
83711
52356
21304
18414
48500
77012
16255
70362
20356
84449
87931
18273
57647
40135
48073
76201
40457
93516
68698
76056
12742
86640
54770
43729
47029
65009
14974
31764
43472
1949
26715
2326
72366
54436
53569
82739
45032
55625
30856
46169
25247
88855
42307
3323
94646
62821
37753
78470
73472
95791
69642
80039
41560
84043
67800
1999
88862
85797
89798
98435
35740
76755
3692
28995
12614
29770
4177
30804
37713
53677
67155
84432
93832
82858
11772
68721
78007
95495
59482
6525
5731
17542
79376
12457
73040
46677
40823
89799
41748
72203
53549
3493
52342
36315
36933
19012
65803
43105
83230
96009
58868
21355
86791
91473
25820
38511
10102
20493
80844
697
81111
3044
95675
4857
10991
76326
92930
74891
85586
86281
34448
21024
96556
75182
65745
71517
27440
52541
92530
17764
20907
34119
52250
60164
86346
28493
1113
1184
13689
58340
75860
21592
59340
30265
90208
18649
84017
72053
19948
20117
59464
57345
70752
97801
35483
94883
11613
42643
53304
49321
40352
78129
83200
24797
64855
61555
41818
38722
81604
47572
75544
98491
88994
77079
87453
27805
59130
51604
86707
66701
65224
71509
22835
95110
20757
67238
23858
62056
1916
92635
27884
56642
55842
61019
71782
56539
2024
19846
55441
61302
63510
55230
67607
83327
69677
25547
1664
57589
41727
64563
31940
33343
57495
53204
12541
73281
56371
12142
41432
36969
13537
27304
57869
10403
12683
92262
44784
26431
26526
63991
35460
85583
76192
96864
52630
14958
84945
66739
3658
90954
52324
74522
49200
8209
81278
8227
40021
86291
60450
25991
33343
64678
6980
40531
11805
61517
20511
94630
507
24834
24822
60233
41909
87938
28745
97676
17016
5882
25351
4068
3087
69440
2986
67346
14816
37422
8523
54762
57042
67579
70550
7510
98859
67696
14226
92873
67984
51202
99245
28372
61334
33552
53645
62928
68777
39083
29831
29091
40208
28988
34421
58108
62956
71085
83478
81546
47364
69986
71354
25151
33206
3807
33793
58699
16530
32940
24079
20340
54739
21937
40351
88671
76846
38718
89877
88803
776
64001
68784
71951
8484
65942
43437
82377
30810
87550
73571
9935
30585
1195
39390
55722
10334
44702
16002
644
90160
62555
14357
17530
18955
90181
81554
92462
45068
94092
17079
49674
73924
42561
64726
17295
85871
64822
26493
52224
23747
10091
34051
2776
22513
31610
57685
52195
13586
49309
4398
92876
8861
37661
94868
80410
47655
12420
8693
42031
17266
92380
78206
78985
41064
95761
93360
25120
21246
3913
16781
2262
52953
20073
43751
28965
50787
73313
7834
9936
80268
25486
25652
64084
52495
59808
88899
11544
49501
40950
51524
85715
38917
77357
51849
25982
71837
8208
71697
72471
82970
49681
37485
57867
27263
21200
75357
17832
61816
9448
42175
92218
6082
37466
82666
36856
38097
91250
65299
41195
58018
4646
24662
10039
85418
51801
75425
56260
67946
58149
52306
44029
89680
67948
22385
95755
92680
29188
72067
42733
21508
24920
18963
24228
41188
20109
46362
91928
5388
33068
97432
81541
97081
65382
6969
95841
42249
12897
87053
11982
94350
8265
45943
8732
62383
14075
36722
13952
87759
65653
70063
87466
54521
36305
45342
53060
17383
19083
36627
68558
3578
20479
79158
92578
37488
93643
38909
60709
22082
41644
60629
3314
18042
87376
3346
37225
84084
44259
68184
54450
65513
80236
96669
51975
97771
46884
2041
91121
89164
52082
97067
82362
4848
28133
87188
85184
44399
88368
54272
44873
79384
21212
21822
68829
46716
70724
70276
20064
6218
59521
52664
94630
60363
29757
42413
25572
70832
29407
83187
1320
15219
94563
21342
27980
81931
48266
34957
5234
96057
19877
19335
63515
94784
35013
61790
98092
64558
56320
89552
9050
85774
46590
4072
80224
75811
57224
38236
64007
18004
16741
2547
35738
25684
99253
47432
13343
42810
85940
67824
82072
55700
17430
13554
2225
64596
45096
82087
67100
15194
3347
19342
89735
93782
26423
92215
22285
48829
29688
6045
70722
16621
62161
33637
57465
67675
18433
64236
45356
43543
57707
49689
83622
26662
76674
85221
12183
71779
47461
33606
15847
61763
77420
44249
4950
85324
50157
80814
19219
15208
6755
46417
82144
97309
30177
73638
54247
95799
13888
50306
96514
42185
13492
13021
36543
52685
60815
98893
24601
15186
83260
51189
11084
37609
54892
5481
41793
37675
82314
97987
18615
97709
13248
4158
35310
24244
14808
28330
57447
17510
6074
34389
29978
87509
92727
49919
86505
31539
89291
313
81683
82779
75876
73286
14340
99101
51825
85485
45412
91628
93898
98609
47041
68102
1315
10919
62454
33695
20569
77033
3873
97041
42069
67815
27764
50837
2014
25063
8749
35397
56847
75374
91796
68626
60905
70699
82413
59482
8765
13596
99542
57086
30753
52951
33617
14523
34188
66858
47307
81524
3596
46235
71224
88285
67168
2057
45207
59757
41622
31264
8998
53486
94609
14796
38707
47474
27801
44138
43963
50827
79789
80018
38847
76416
26445
80093
97893
7608
14529
1410
79732
80855
24509
14511
62824
79877
93287
99693
30907
5246
13659
6669
33017
40042
73574
68835
66255
50195
6908
53492
59604
48730
19477
20450
94838
82690
94610
26167
76538
29170
38563
80148
442
57033
54110
57887
36116
84865
99773
81850
91993
49606
64572
29347
21132
21804
51691
95071
48602
36069
99719
30397
91050
26020
65331
55942
59897
24958
68821
12505
4089
32179
95660
91294
75758
49305
13744
30187
14755
54227
48235
20104
49377
56493
2292
43993
5950
61542
64119
96830
32545
90733
3232
93950
20006
47586
73513
31921
53113
59392
72768
78133
7493
6766
5262
5229
24010
67228
99761
60645
38703
30512
90903
89180
33699
64180
75226
22119
50281
24348
84390
81061
66427
55780
26810
35943
21165
91832
83095
15027
17918
31787
63056
20646
812
38078
20105
97701
21367
47700
19337
36790
38098
39165
73176
27132
60036
93316
75146
34149
74403
23763
83203
60601
96726
62196
69931
42205
30704
99744
24978
9309
45369
33610
59997
72799
89888
40718
80826
92625
96707
63423
35437
8660
92761
25628
36911
45908
59278
62927
60304
84865
79200
85035
57829
64323
8818
51556
67798
99343
94869
10420
6700
87941
77819
25241
23951
13862
74879
71832
65423
72072
98751
4962
48119
77237
66009
86491
46030
3966
88467
33345
70415
28998
62296
80331
67803
16245
78977
64184
73272
31535
98717
83696
29009
60886
80529
74788
9043
10662
34356
81435
70049
32115
13513
76144
17441
18742
54321
23088
17636
74128
72457
26782
84205
77668
48182
74839
49484
17989
47567
43467
82724
56149
20225
51778
55275
26809
373
62519
78446
35984
95766
79040
76945
34454
42177
13361
62594
51822
77074
55087
83563
80880
10013
75117
43792
27436
65847
60748
11136
6234
2495
49341
17063
63860
33555
63149
73118
23352
87970
27671
47304
5636
17219
14498
27949
21590
75892
17036
6013
36961
74186
44522
45325
20866
7233
3272
56913
32257
97043
16033
34732
81715
73012
34545
9980
88997
57500
37801
39466
24516
65363
78338
28206
31272
98273
7584
33827
46526
37267
88364
1784
2422
2750
4690
85925
16385
79807
9398
45423
71644
7850
36990
73321
61520
95878
94396
43957
19899
25283
14214
46862
3599
1500
82874
4564
20031
67909
25794
87313
63300
26627
69093
27371
27782
56362
71596
73342
10852
94063
37541
92646
52786
31886
2244
7631
24895
16988
96941
99441
10796
3070
86185
69820
88686
14072
69709
688
21809
24940
10532
19432
30969
80686
46280
57270
52608
41468
10100
61851
27186
71375
99066
86206
97949
17462
49006
40389
1716
98015
68455
73227
27809
80794
64800
86423
66754
8008
77049
33334
75051
88364
67913
23762
97209
69293
68694
78968
63274
5344
82091
76882
10093
9735
88232
60290
11997
90204
53708
73078
44491
89910
80843
75412
98704
83947
97800
97573
76909
39660
31181
7023
72226
24243
73725
70174
62015
69470
38205
2449
72511
13136
42703
76941
44758
67161
5087
62937
4689
97078
21083
43410
94697
78491
90502
90347
3343
33951
38992
26359
85454
21134
93927
8682
72268
25894
39176
74035
51242
1211
43684
25458
12326
29886
56625
21754
11992
4768
11076
29806
8194
83721
97984
63703
67893
82921
96387
12850
16594
62375
35740
33715
67521
5426
83119
91686
89724
5795
16823
34826
50666
10371
82
91356
58390
4257
82309
28953
1421
34393
31669
79889
93916
68025
57733
23592
61226
49954
29939
90294
54177
37905
93006
74787
37158
11768
18169
10874
90879
95806
99480
89540
44746
69911
8819
35717
44596
98595
59597
50568
81588
42645
27818
46462
62462
9376
62567
47271
58258
45075
52056
27170
72981
47066
19870
84634
80607
4992
51314
93513
62674
8017
94927
27962
46691
62836
51048
91226
39594
51442
2806
34972
30097
69700
62026
76665
21117
21004
12613
62774
93540
49360
99341
41762
71964
85434
53857
69190
61413
48289
36372
10636
53185
45799
41024
40914
9837
18405
64341
56927
69104
80288
39833
13751
20896
47455
65327
79000
55171
45855
8923
6403
12777
49855
82230
22515
68218
99735
55735
45278
36287
1321
39594
78303
68713
96818
64587
14507
1449
24416
28060
646
76080
79155
79542
36942
25821
401
49646
48946
10739
1472
41575
40804
78123
19783
62385
63582
95246
17468
22343
12816
33372
54157
99539
75649
60792
53994
67197
23086
56149
12105
44739
41305
40738
23161
25642
52604
4072
48769
4153
96129
79358
35424
8973
40143
68399
35385
90458
86868
81350
90445
1548
89522
7398
54406
39042
8207
38288
95965
36892
50541
96520
74504
39697
12593
1257
61136
43982
13584
22546
2721
35892
79473
87309
54205
54969
12407
22541
75984
26249
77293
45101
39204
65864
31903
13242
90008
56409
20199
1857
96126
2341
66797
33595
41226
73500
42671
79432
10879
87488
37644
26946
17202
34143
39600
1743
57313
10399
87669
24562
1099
19240
13408
79368
67333
69282
10174
32313
29138
41414
35488
85700
34835
21191
75556
75483
94888
5701
69665
22878
11274
71964
607
42298
85765
55897
26499
57019
16839
36807
5782
7177
51317
20379
23216
19421
69053
52802
60657
15092
50271
44386
15747
72363
18758
40503
23824
12194
79684
19894
33004
78320
42972
91151
54859
73017
98794
63041
14046
13979
11337
35756
65204
1619
68950
99965
85121
80005
40481
98518
49748
2394
31754
55489
68878
42903
32483
93493
26435
36029
6258
71559
98407
70289
19220
71693
21292
92959
77797
15651
13632
59208
26029
86314
44358
76856
69422
52767
80153
69259
4669
37268
11388
84933
16415
68843
11426
89446
26104
9275
16808
16728
27065
62351
13274
31721
31996
28269
38531
66996
27142
85636
10072
94803
21432
21829
8814
32652
81807
779
86436
52068
50812
93049
88344
44893
44427
91760
47719
26994
78780
56590
53267
31604
86110
36119
72348
95379
31004
91367
27717
72136
25210
97180
70656
44994
5939
60915
92859
62003
44299
79719
80085
64961
81822
1611
95853
71746
26697
78362
53548
40505
60170
51153
12405
39095
71408
42094
78373
99138
42375
4202
910
86065
28739
91831
2011
41478
28229
8088
53913
60538
13334
31661
68683
92306
16666
8181
25514
26201
93959
56740
3212
680
66086
25222
60209
46366
69774
95195
8667
54407
21756
22035
78935
94810
76172
80162
89535
2604
6649
65399
49979
43180
46549
17093
82029
29504
42849
46792
87958
68394
51445
33522
98025
829
51198
48621
20090
35949
17412
55754
47540
97406
54531
92407
25687
92473
95678
98017
77806
78941
67034
25393
40220
62285
40197
61372
82352
28935
19701
8578
34940
30917
32231
44998
89382
84264
87899
79110
63894
31477
87098
24193
65356
94168
5135
87193
79608
26401
61476
82809
34739
59945
90450
86427
19695
9171
23181
65596
42480
28711
62742
88520
56950
12900
66133
5677
48005
24890
82846
47780
62652
88777
16215
19711
41716
76300
28522
27233
90547
43784
40050
7479
63398
61653
96264
29372
84619
39637
62527
91579
85995
77169
19152
43294
94232
82662
97127
90860
25379
59782
57324
36192
89045
75798
24774
21588
13841
58350
26857
2706
76692
89183
51454
15323
85005
65250
13093
62323
64702
56617
42216
69608
80496
8344
59202
66675
92471
22987
50892
73072
39641
67336
57259
62493
80526
58778
66428
12686
70583
91229
81676
33929
97105
922
66357
80145
48059
34689
26377
27765
28530
90593
36280
30454
50605
35234
76529
33016
65864
66725
19507
44052
96018
64659
35812
36216
89970
17884
88671
47980
48544
47419
2600
52051
19108
5677
53230
81708
53694
8563
89802
67959
17039
76893
18550
10848
16666
11113
87679
92613
4436
34286
1490
41155
59574
88131
19311
86866
42491
83348
58115
48566
82528
27437
11345
98647
25053
7055
61278
74964
24959
67825
13428
46283
64491
64909
21229
51700
53618
79550
82000
40777
40735
82992
79570
24358
37509
30513
54034
41222
56988
46764
84912
73963
9615
34577
66449
58254
87873
98426
1320
90562
25328
45879
20957
97325
69791
25395
40689
77138
30629
62628
94934
82783
39811
78867
80832
3061
28068
7508
90658
37177
79006
69050
24888
27654
97446
7522
48309
82068
17516
51229
99972
63601
58749
13163
88949
11906
60541
13713
29755
21308
89018
45308
30819
53245
45451
90294
51339
65405
50942
559
3758
34533
8770
15137
55057
46348
90848
28552
6771
61238
99822
34322
31234
78820
82999
23824
69635
47850
51011
22958
36666
80438
41358
46167
65684
82442
28002
24930
98171
17551
36862
34043
88218
19166
14724
38961
58604
25275
32559
4098
29189
6160
14014
82106
48249
27123
7885
23594
38088
90474
41858
38506
61833
27888
14251
9719
41466
35679
33471
30581
34682
45427
54948
77492
84942
47174
70601
99105
80713
38
46441
52090
70498
51365
46747
58842
34530
97958
52598
70225
48907
5712
49941
40184
51141
56107
43421
56591
32148
86323
80830
25507
43253
8549
7411
85205
97894
16309
85414
15744
17140
9565
26346
11736
81543
96520
57383
19958
84555
25242
51123
65477
88659
70347
89116
10064
69533
21584
5916
21854
9267
52949
34108
9728
49584
79752
72785
29849
54031
36240
91843
68234
19173
6383
85471
62847
65662
88805
29213
15708
94258
96287
26618
42416
49744
37018
59482
93100
60067
5394
572
26325
78808
23245
21132
41440
44959
39876
7119
79683
17926
60922
51847
51552
80172
1916
33720
98395
44784
67095
69563
47627
74986
16683
96656
85174
95376
66644
32287
2524
28887
82859
87232
49867
87214
86865
74894
97783
25433
47122
20092
26955
39639
33585
73043
13441
3158
69890
7219
13160
46419
94185
65701
50423
39343
20353
71965
58268
14703
88893
95457
97198
46063
94679
15364
9870
51767
46883
86040
9625
99475
65208
65527
64598
69121
82082
6162
71823
26242
14619
19101
18163
88512
68524
25191
98116
90794
93351
17180
19373
50187
24761
75963
66477
98435
92982
95872
50247
35163
21913
17840
49811
98430
20804
59637
25888
57617
21831
28189
42959
82983
52969
35219
1244
77695
24080
46119
26868
46236
35529
89160
55636
71480
80926
35807
23984
91073
28681
30697
76165
29368
29219
59577
94468
97150
30753
89603
24911
77559
74549
91873
51662
203
87294
11711
91605
96006
62376
54093
59333
16432
50860
51503
28413
58752
37330
41185
59249
3380
86678
71953
36549
72981
98085
49007
19310
23146
88869
42800
19503
10985
62062
46290
21835
88076
30971
87722
83334
19891
44084
5110
37170
81584
25500
92845
62976
89036
77993
79905
92406
69113
68769
66588
54561
96537
99769
2976
16138
85400
23675
46759
47465
47112
43441
15278
3583
58584
31332
27392
64434
46686
80610
52593
8996
15371
36719
87387
71911
28211
96083
753
6098
62094
76798
95125
86819
60722
23445
30057
75031
36553
16075
67762
10773
19109
18736
11606
49894
35920
920
72673
64540
42300
44861
44226
45334
92840
79426
65804
817
7160
10266
84523
98229
83245
96402
83650
40520
21587
48410
72542
15764
35723
33085
47595
36258
67738
853
26490
78943
19515
40842
5323
79606
53093
62662
5698
51170
35668
89546
24346
77386
78335
44428
63569
32720
95530
6857
45947
14861
18144
85585
51458
88929
24256
88901
62687
79005
84674
2487
51699
7765
7528
23435
8245
66189
80981
96527
44669
21706
87854
9172
48442
42368
39224
45364
30524
43163
19452
55167
51396
77731
70750
24075
34537
73334
85454
4598
25898
98449
51681
1997
79276
60005
93828
48675
77253
55754
99459
76509
43370
89566
37206
89415
70407
10687
83906
63025
12889
75719
99767
24803
39012
36176
46406
96049
74921
37417
83192
17317
14800
52441
29875
23080
62809
60640
23844
23797
70294
7635
64126
23423
41203
10479
31032
94173
6904
72796
93923
79068
15372
10955
54086
71553
77719
26008
7075
64067
74955
17335
10953
66411
66314
41960
75587
92754
92274
46050
7538
10233
56530
80996
26211
11706
26695
68846
98631
81482
14952
98420
73594
82639
11260
92076
56815
39352
43730
13931
53080
77324
56423
18647
14297
19316
39875
68813
86453
67386
59375
14133
34313
13385
52406
90666
50077
50746
41247
73129
36726
32249
333
63807
90386
15380
95223
45098
53379
67745
35774
64400
57429
92924
54258
95871
69493
13285
94965
33873
70351
65141
7917
46032
83976
73459
10428
88935
5035
4232
91299
60018
25618
2341
81735
53664
69594
83244
69980
62969
53014
44668
80869
17232
93792
7162
47012
13705
96856
42399
83392
42789
64593
88146
61804
28669
67227
23074
99033
74810
75991
71986
75679
16489
97596
38952
83788
60714
33714
46042
83844
42640
27065
93920
47823
31989
978
55529
78855
83219
25542
97054
21249
17494
50580
20314
75945
65771
8617
11361
17633
68503
886
57760
34502
57120
33189
41544
91018
69571
32085
3544
20826
20409
24385
43924
9816
45120
34921
27592
53385
22157
50165
13878
51656
93908
88884
9014
67215
51652
96863
89922
80913
74325
50031
14350
79037
68661
24580
81931
89279
18664
39523
22501
48135
60979
84305
51249
61596
35802
27904
67882
23317
14569
5449
55055
97552
54382
47335
42887
19159
82373
52993
71747
24981
1985
65135
4705
63933
15798
57056
22855
4298
84771
99065
79011
67397
44287
8821
97009
49002
34056
91057
72416
15577
72246
8185
66806
49152
22330
73589
47002
40301
34708
49303
70822
6914
22981
26656
53629
33178
49947
34513
49008
84899
74210
45576
61389
44933
70231
58362
18021
31477
59921
37652
15523
59151
79091
68690
35272
37260
62632
45401
89812
18902
87853
97406
58251
51219
11826
77841
10659
7591
9008
55436
97005
5924
59064
87657
5095
29451
29052
90671
51513
38435
88316
11156
6380
9681
96046
60435
77828
89452
33957
8721
43476
45696
74857
69789
97029
2474
58539
49169
49294
40460
95839
63017
50772
50470
96094
31801
39349
67768
31570
45483
48348
88414
18009
97085
68813
19846
4397
45680
18389
12413
72493
71980
2330
21689
10326
31949
27041
16581
20689
62958
38967
44672
71699
5104
49955
64920
99472
93177
23016
46046
54165
43849
57119
4593
51733
23477
18341
93244
72404
69572
66675
64207
97391
27405
15921
29967
64587
34613
48409
93567
88288
79186
46128
28521
64257
43816
49283
67955
97721
43455
30296
37240
78176
30100
90545
31255
67371
84176
7513
65931
91399
48168
2191
91524
26873
30768
31970
92112
12720
27417
78199
273
34200
38753
37148
31416
16676
89025
98673
16780
12730
57404
32093
29131
84276
48019
3773
59763
6636
85488
34927
40373
71123
24372
93523
2532
19576
92405
10914
27861
288
2960
63415
42332
51811
61954
80598
79766
29144
31481
85011
50309
30805
87691
61058
83669
38850
86304
26351
87459
79207
70906
96762
15003
66566
66464
55146
91466
23782
90228
91772
16415
86615
79189
51135
30181
6854
21814
20772
46015
6871
54190
63392
94801
9942
59721
43618
60617
59183
94291
18515
77062
36004
20742
11868
89311
82046
62618
27334
86301
94194
5332
89517
9533
5971
85867
83950
68406
85755
6873
62784
82359
31872
79902
48646
55312
86327
65091
37200
71483
24658
68824
33450
95829
29332
39175
20604
33826
24422
63916
90786
9810
87513
27771
13505
28566
88171
10332
41620
31703
67804
30676
49360
4876
80316
80097
27356
42659
68942
2066
37748
51189
73709
81952
60585
24693
15106
46482
77211
17207
70287
74300
31702
19241
60986
6694
24581
54906
67408
82749
85857
49254
66812
47211
5723
74201
8526
52468
66693
19440
77692
88052
2816
67314
46660
9198
31848
94103
20768
67507
88053
75549
27157
47815
28052
73656
50777
64564
16974
71959
82264
92786
76260
25419
14880
36244
37970
50758
92714
40621
97054
46148
74344
6617
20710
47209
77325
77450
64164
48171
42586
47464
99415
23106
3136
76433
93959
60416
3725
50034
48229
68260
49838
95364
44266
95341
23554
9059
74084
43642
29622
20132
46628
90327
44494
24462
98961
49040
78309
482
9388
25053
77516
55289
40950
61177
65108
38524
2406
94610
20199
77494
38642
7334
36784
69820
59617
12310
23256
71723
68037
50738
74413
83084
98258
25537
93039
11458
18569
23640
30659
37110
50137
52080
13370
97101
20971
69901
5530
90486
62368
71300
22607
26969
87014
56837
22969
53732
47782
60761
61374
64857
44069
81536
72923
89355
80482
88002
8899
35579
56598
21921
88009
23127
97053
776
73543
54309
77976
99528
91886
15295
22969
29859
50486
17802
43463
42015
790
57126
50415
84473
805
47744
32834
91234
5551
10814
25407
51732
99760
49159
47220
73294
98109
75120
49979
84112
63441
70952
99579
62858
87713
6989
87499
34816
83508
43578
59591
24653
78660
9940
98216
70324
64212
74121
46906
88800
78098
93856
80853
36481
88960
70551
11128
62150
77048
15885
21581
14072
74742
76272
18342
41110
15939
44643
59957
59628
2657
19465
59391
48552
70154
85223
94908
69737
74990
1578
18109
72045
56446
28581
5207
1907
37903
51114
58132
50396
86965
63683
87372
48305
67222
92965
9192
69254
9657
28552
57308
4002
20620
40862
92361
39066
46269
59177
74640
3180
47459
56760
58454
57052
78721
93708
28260
97912
16538
40161
43183
76730
19889
38365
25001
25200
65730
98139
39888
11720
86377
36275
88691
47282
48493
69411
28910
52371
73215
97384
71932
6564
56261
64225
6957
86300
22792
44333
55221
98316
30467
37070
5217
86695
92398
86239
85844
44707
50924
863
44178
14781
40651
88692
49755
29887
77822
42547
11101
41657
48496
429
42403
82651
31952
17683
1648
83301
7126
67221
76070
82561
44604
42155
8803
59040
92078
8454
31188
16475
68385
43538
17829
60455
61745
79669
13329
63394
44271
10930
34621
47473
58796
64323
63905
44227
82766
30697
21805
93767
19667
84380
84923
75085
78685
78088
31701
39993
89003
58430
64658
79652
2171
41782
30462
77314
31974
85155
20449
9508
47737
75090
98064
85595
11337
23206
24866
66648
62423
54212
13946
77145
34068
74376
72102
10754
79893
50935
38279
66591
83685
94427
83902
45818
27349
87826
94953
10645
19372
37617
57903
40019
77087
5813
36176
78292
77668
94942
48313
50719
72841
73627
61020
92447
50229
57046
43161
18886
93966
2885
1225
55178
58622
58840
57573
43133
15693
48675
77463
15716
47335
34295
30201
1145
22115
83121
40721
79790
28918
65323
30544
25848
82446
11994
35568
11535
42188
53479
31797
88366
9347
18986
14390
78217
3262
3146
33028
44609
66622
58828
86172
52106
53296
47966
64778
8112
7509
49616
5582
87352
71817
41768
31177
2113
5800
33821
95564
31764
10998
4817
85048
43047
81229
40809
32439
29114
6603
59809
63411
65311
66610
19751
47106
53678
18511
64942
38992
29785
53973
6577
36458
90911
49156
76509
90897
54488
14112
83004
62803
54369
40619
65159
94503
84825
47496
28890
53754
68444
6336
96944
38960
62822
52669
38389
12767
90618
21509
75000
11674
36040
5399
88843
57003
66719
50958
60637
89216
82196
91580
32353
71002
24932
18186
40185
7711
24709
76275
70682
17874
58631
48479
52508
45652
77422
25659
71104
79077
63173
51606
3155
93167
76122
14265
77133
84342
96083
76980
26487
52453
89449
36876
63179
37371
79843
7207
55423
30160
81833
63129
59633
77613
51770
35981
91286
67031
96441
77295
52628
18794
69495
38681
74782
29948
65007
41730
79248
67230
10913
83516
1423
12426
4423
224
15419
61277
72220
43401
97231
64861
15691
36502
45764
16229
98
24062
2470
48522
28734
68229
28899
69907
84706
23857
48186
64852
56437
42221
94516
41520
50566
44307
60752
39423
2738
82452
76875
68961
72886
39745
19368
14373
53515
96572
96755
49615
35445
840
31221
5320
85529
9497
60771
4311
84584
46519
88944
21321
60510
12430
84775
79147
20371
52394
34526
79207
80628
47337
540
81123
88854
24984
48741
83610
96552
4529
1297
92291
15293
73469
44422
11364
63092
70914
30453
70408
95222
39282
45984
27353
45271
90381
49003
50273
99435
52668
47164
29476
52934
78190
90987
84359
27515
1364
85758
87541
48461
72475
82874
21178
75314
41897
17814
95819
94300
81185
90012
3706
70353
12576
17280
36137
61432
49346
2763
83772
57510
69281
49423
762
7136
71558
38588
79503
73378
3790
78992
58118
27181
74407
60955
92917
4006
35984
96489
63043
59518
60146
47304
79902
29512
31170
3265
83615
64882
77901
13441
30720
49649
21326
5040
99562
65160
99635
96819
41720
44183
96700
26143
857
99889
81732
71259
20584
10076
45727
28073
35378
93737
96250
67017
28799
79965
1888
63803
86799
789
69203
21662
77123
88680
79770
57021
39982
73308
51480
1585
3869
86925
78830
77077
37888
85508
38741
30682
33877
25388
41586
94201
14092
74296
46348
64382
16432
31586
52861
69797
23125
39549
85407
38091
15863
38617
13287
79562
51470
36922
58575
75375
54464
31874
6907
87578
58202
53063
88692
92033
81027
5795
74506
40752
87089
10003
23550
13720
31650
36214
64027
22808
53170
9388
76488
91526
47929
20663
61754
40947
61642
26474
40511
94655
28667
44408
5652
61503
74950
72990
71480
68729
72061
21407
81121
69024
476
40237
79778
54428
3256
66667
11193
68319
75496
33917
82664
52870
31314
97323
90282
69655
92343
95252
93223
88560
97098
54835
31456
68596
39135
81543
58463
92181
94917
41649
1179
15583
94818
70465
28541
13727
53741
76978
38616
81627
79932
34693
37098
27704
86735
58372
59547
6265
21421
56610
35770
62039
64867
18017
96872
69025
82001
85194
61438
57033
21388
49196
29007
12602
58426
38169
27877
9340
82439
94232
68352
62542
42220
9990
7822
3238
63587
65221
11129
42834
78917
71745
65102
92112
87198
22008
79650
40675
58176
17845
27184
20536
57747
84256
27236
89990
69455
17203
97387
98478
90639
70134
7547
8728
94870
3383
70158
74941
19497
12525
64342
48784
85434
27305
27112
60501
11427
5417
89569
99443
51164
15419
14789
53287
80051
82497
90735
64214
70440
44183
40739
94340
43670
99994
31115
87413
28123
24851
44196
69104
27654
38943
14507
73888
28640
99034
89315
9975
98244
30634
40344
87071
27894
45480
16089
30837
14400
47632
88995
82159
41430
86445
88120
90268
88930
84817
74632
17267
56778
99099
72002
87657
7145
85742
70652
29101
27898
55996
87624
89551
78247
54730
12244
82286
83734
65088
55564
76555
19956
34611
5770
20723
37241
92677
63228
76229
62524
72676
97909
1500
52364
27002
9616
54191
81072
70802
83302
70863
62514
64128
34749
56730
96124
58082
25021
59927
40040
76088
95166
61918
1878
74720
49083
17311
44134
20547
48305
10914
60076
15163
77298
43592
16934
73777
86323
60252
94937
8860
2559
90987
22844
