api2_id
25506
2133
24290
85875
99434
10490
86369
95452
4803
52361
74354
19617
36478
32021
66746
20881
5736
89112
9136
41147
65229
41374
52033
80456
12265
5190
83467
47124
1236
30038
47122
60345
8533
43675
11273
39735
68115
51360
4448
91114
60769
89162
46329
49268
5226
14169
28341
56890
84274
62886
48981
49256
42550
28332
67749
60654
75603
19492
50293
28270
8268
56169
36768
9105
53538
33097
16001
60489
25142
26857
14514
63133
50021
34570
94431
9936
41642
57646
7943
34486
79603
62748
73961
66631
44084
52666
70288
58935
7810
10836
21446
50068
38817
41128
67913
77190
7837
48976
76392
76521
25850
21441
23164
45310
18338
26982
56219
81159
56103
36812
76381
72718
20341
41034
16019
95363
50661
18368
84053
42802
90560
35403
54991
42270
25345
79990
59943
34260
46708
13138
92207
99185
58098
49869
16615
48754
14660
20924
94578
58756
62041
61361
61730
23028
82911
58594
39604
17919
66404
30163
83209
87094
2225
12296
84641
33320
33613
41722
90922
7087
83500
62655
90366
26353
85827
65835
80790
62993
27487
57811
71572
25232
76024
8639
23772
70723
35101
68698
30898
43635
31780
30432
9843
99594
73276
71376
93566
4538
7699
84706
34919
64081
10992
98441
84379
96580
2874
52584
8812
35081
531
75520
33628
72700
77167
20936
53918
41611
14982
91601
95766
24616
26558
41892
40445
14807
67230
94260
63399
37356
53330
6121
92392
65596
78173
79248
62176
1381
92402
93172
3572
28013
48963
76465
90660
98342
94665
86283
47943
89512
16501
97819
44818
51959
75453
48666
22539
45571
27983
17018
54216
67235
54376
67670
3400
52829
1711
42856
14893
92222
57183
14670
86196
59590
24865
6001
36150
36990
93398
43428
22818
19967
28023
13466
86877
60477
70617
22689
31277
51050
47032
81909
74601
40412
16266
46937
44373
16562
59804
21402
35657
86249
81321
29997
25614
62387
65761
22733
77850
2945
67366
71444
12689
25162
77100
43660
71016
71994
94586
55895
64515
74818
5835
39576
1634
27099
69299
96484
52219
6607
80512
22865
78895
84127
66552
195
96119
48012
83835
56099
75264
64911
54980
302
81127
23204
60547
45154
9844
8402
99692
17539
61343
29052
69874
33604
35911
50081
13869
56675
81890
26471
96933
47359
87172
82239
11262
90961
8703
36529
98781
2957
40170
8809
2614
79473
85988
55473
36892
26971
82015
62565
66162
19456
99424
45817
32869
46107
51568
99277
59905
68243
93347
66779
73142
23027
33242
1294
18794
92297
41517
60058
90809
21306
45353
2476
9664
450
64167
61660
92291
77367
26131
65235
20830
69073
62705
9677
61263
47157
19542
37546
88966
55326
58658
31465
90811
71505
81426
6870
53077
20593
95998
25093
42969
65176
31296
71652
36057
36663
48033
43167
61748
54199
83286
82104
46502
16935
63912
48651
21402
83225
88571
14716
53407
95218
8270
73656
37031
71109
72892
33141
17712
67926
33537
83950
49928
17811
53510
5901
80673
53838
81865
56603
32804
99766
17316
26185
39954
56606
40830
54692
77996
340
66587
45882
6003
31961
38351
52005
99438
14917
55811
59632
68186
70106
31523
76491
85287
55270
33550
28228
9963
86132
88585
23020
4817
73849
38716
43350
14055
57604
53400
53184
86006
7202
51762
60970
70086
20349
50349
35251
75026
57458
18582
78266
40915
3272
57252
73515
62219
60926
1172
68204
35334
34550
88837
50673
71791
23458
68154
24576
26252
76289
47910
46518
98072
77244
62328
73498
739
37304
20173
19617
53296
92874
97858
98089
4590
67291
18720
12188
6907
58558
21565
8054
99654
15584
27352
54499
77485
43728
75153
97471
12881
86473
52869
66701
57675
38398
8050
67274
26775
55255
54684
6301
17277
34705
61062
62831
4888
65748
2516
93270
54788
23617
36291
80230
57380
94013
61039
32561
58737
99542
28745
34708
19733
87016
11006
1003
60007
15729
33375
79957
29685
80736
33432
57848
23983
94796
983
67673
48492
5280
95947
66313
91829
68043
63600
57160
43283
6584
79836
71353
86881
89789
84579
64811
33021
383
56133
77108
96311
21100
43577
19591
95464
89668
25348
35380
95283
33312
38738
67536
90832
33049
14264
58902
47576
66396
93510
76015
12424
18746
23924
11333
18089
45760
4872
60296
2230
81994
38415
92953
20926
50288
85728
41872
43061
29261
65239
92182
18847
24054
40172
92454
74394
62324
60347
69696
21212
58737
29846
19797
98774
96776
83175
46382
23003
53143
4894
83336
78980
40400
88589
38880
56430
96262
79248
94684
26097
96222
68653
34007
67293
81979
65704
87712
53010
48426
55762
3961
75650
33235
99773
41263
50735
40812
18063
17561
40711
77024
80272
31373
63399
80764
5328
98025
60352
26579
81340
77532
73659
69928
95814
66724
64500
96631
16046
50148
69393
34529
59492
77707
30642
79102
55261
48420
89418
96317
27292
27213
56249
66746
35829
38591
92936
46416
70466
34513
93832
88311
69205
67985
4811
61632
35904
3733
5355
58916
44742
87692
57097
45211
68073
24767
96460
48804
87768
50567
61420
45372
97710
99002
79087
53887
7363
35983
91880
19316
21970
38633
82395
23573
52020
50025
84338
96444
63336
67652
68368
1416
72313
52669
53890
49837
64211
64610
30497
54657
31800
51727
35061
93873
54547
66400
41555
13487
74060
71718
7978
30027
99109
49589
55653
84356
23408
20353
58739
45171
51251
23045
53985
64202
47019
85183
52306
52501
77773
83445
87064
72105
84903
73896
72092
19258
25235
48989
65741
16090
56558
62932
35111
80308
2720
36038
74334
71217
74152
5623
57842
69810
31770
42757
21164
84136
5472
46664
18601
25632
9143
67412
76376
47140
90476
74152
34547
12820
67295
19252
40894
33858
75641
32209
77540
75865
27609
91554
75179
94727
85805
60026
32404
65478
97525
72703
87687
8584
30287
16228
44865
71668
25713
32289
4424
12247
99935
53034
36801
21319
38010
69128
45234
29306
563
59491
45832
44151
59635
46152
6095
64556
91924
29174
44170
57009
41230
77116
42271
17218
7488
16636
90770
32947
96726
22753
25897
10867
75733
33841
12321
51644
96690
30660
55441
30465
1693
34801
64913
28275
62052
45215
5861
22093
94248
28624
3669
94072
9436
27660
63231
27285
62931
32641
5164
10710
76195
80183
67532
17351
3617
70807
42457
6781
59025
8789
37222
20641
46510
31468
52320
58823
41019
2924
34260
96912
91884
31112
15452
16835
97253
63484
75272
85131
99189
62248
77194
3488
42376
73242
17134
44675
64100
13905
21299
15295
49154
71311
91681
68435
55714
67597
8837
26648
98667
35749
85506
44604
76440
9177
29062
37169
12637
64070
45357
98043
7267
28063
78258
30437
35091
9049
57247
5170
15359
22749
69235
85749
24857
71083
1451
5416
50103
98051
88240
13088
6570
35112
97014
40631
23805
55733
33392
87024
93824
39124
21216
95367
9377
92846
77234
99675
1297
61042
32079
4032
41744
64652
7994
70445
6139
54957
25282
2713
59665
52759
52820
17957
11227
31944
26451
55080
8228
31809
75551
52155
73091
56967
13058
78201
33507
98962
40418
89042
7524
14553
64943
97105
30742
31393
23065
38160
44266
25070
4874
53411
8414
46635
12720
65235
33779
3898
85719
29325
21723
53439
97589
22342
40891
85775
25960
15258
97937
20008
19359
88150
16195
4997
89374
58535
264
92956
40978
69599
30063
65411
69167
68744
24837
70333
7345
22219
37683
62863
27967
27069
46226
86966
9848
49019
3669
9453
58970
98724
59018
76919
18893
79670
832
98486
60990
23418
60005
79672
36835
15095
82553
4303
55605
28861
41326
16581
48029
12000
86450
9622
2644
25412
3476
85641
42029
38186
19927
38265
13777
7648
27005
15505
14919
82373
72233
69751
54111
31266
77197
64750
7024
78815
51158
94363
61734
51545
99404
19643
18453
97217
85886
10441
85140
93822
59322
85305
59877
66671
13331
21836
47695
3133
37737
99095
96050
73470
43958
41146
57172
96079
82920
70892
87893
59216
85107
51082
26382
82607
99303
95460
20205
53168
42521
11420
34466
30546
6700
66543
58180
20682
85848
62596
77988
38561
85895
50267
51550
78099
30248
43989
76725
13457
41283
67987
39550
46699
86237
73051
72219
72296
56604
15480
3252
40212
31012
86152
22067
8966
17945
16436
90842
8065
42505
19381
3973
27718
73237
23090
19092
54217
15112
54318
44125
20716
99380
8495
70250
10206
10343
64912
53630
25681
20727
51119
11595
50316
98468
8457
29416
67641
54682
77117
49960
8361
83711
40550
82248
4282
36119
16881
47105
25901
86567
41992
94672
91271
55151
27374
91413
14240
60131
47979
83986
22001
15033
30743
81911
60821
43622
69588
92030
43141
623
16405
54788
58557
78650
33443
3418
77622
49455
35267
39352
71679
5847
56884
19595
50807
37597
65360
9144
9296
83685
80965
45900
12242
3476
99980
94307
93864
72637
92446
20496
29266
64930
17362
43990
25065
55677
73353
93286
62288
38969
27584
8000
97758
10736
58385
46323
34807
37691
76147
46877
34262
21618
25039
57348
45077
83495
88734
32079
99415
49961
65464
87643
21149
84905
46437
14285
86611
72119
85608
44683
80505
3718
66042
27661
38988
81045
82698
39214
23687
35318
49231
45271
85198
1672
79345
75748
40451
84736
14111
30225
87418
90078
99116
21931
2088
65509
25599
44656
5987
96268
97743
55305
33508
3141
22351
4835
9043
46082
17982
15093
93207
57907
69333
35534
51599
64361
2858
26809
58888
52929
45697
64451
79637
13716
91847
26058
18775
36732
99504
90390
29416
77796
12965
70855
43631
7406
8997
30183
31649
77583
47407
34664
1315
53222
90100
14282
48991
94552
17206
59871
77018
27379
33806
67910
3829
72293
24578
95160
26052
69906
85853
8966
89930
56258
94335
76584
39578
32839
28405
30399
21903
75979
88655
20474
24516
96680
33212
20890
64880
55499
46881
87786
89933
38903
75951
58313
43431
95600
77077
23431
14619
78851
25025
60161
62496
17974
52603
35673
73280
73585
12485
70852
50773
1743
92821
55986
52535
27856
69840
11863
13313
45351
36259
95528
76055
72150
1951
54975
90012
22901
55360
2092
18561
98385
30104
69345
56445
68180
66065
37413
40799
63769
21998
76829
1124
25178
38336
36430
54314
37593
6138
80727
86284
45867
13962
66567
2199
8801
1841
85592
56476
31590
64253
4982
79144
33364
44835
98412
44580
87608
19983
15895
59022
53623
60434
7553
31162
12075
79444
11331
46824
90301
99547
22786
57673
83071
8077
90263
76281
98908
28315
53499
61383
29508
30195
42830
11823
57328
42848
1545
97087
73718
21977
7703
90210
71003
1304
99560
13898
54744
80847
74248
90125
83940
39416
58337
40880
15361
64374
70134
88462
49342
30912
43306
56260
83732
9493
99120
33999
92026
89482
25804
71605
76955
39679
90457
74398
4420
1378
84421
59875
11619
90832
38120
99705
64165
61841
6765
16196
42500
80691
45278
77681
40045
23535
75679
28733
70197
45192
93260
37677
82989
42947
44287
1059
3695
33326
57465
75117
57057
30293
8782
6434
27802
84062
27438
43882
2183
68131
30441
96557
71257
36745
22521
42049
16735
83790
16859
9040
5058
51633
45560
90493
82449
93642
67535
53373
64091
5372
21107
4211
33493
34332
12796
64631
50810
97651
45257
14514
74466
41423
77920
3889
92358
12276
25546
4437
90027
43201
7863
30866
70142
93832
15141
67735
34186
91283
39671
5310
9402
33168
68712
82472
32691
63772
98126
32274
31632
66026
75269
79664
1811
33946
55557
80126
12138
24051
20049
42288
10927
64789
42203
58118
58636
97433
85029
88062
93855
60192
4044
20192
45114
223
7276
19021
71930
17253
70404
71090
38722
8389
52510
32538
16460
22726
44246
88872
81081
39281
34850
66865
15855
12537
18483
96615
84775
47389
62388
93967
87334
1993
82285
82087
97023
53516
10441
47017
10003
63471
53955
76845
81544
491
54761
63774
47386
62057
18449
84133
21291
84258
1273
72611
93769
53228
59072
20898
4410
67356
6837
18165
7946
22016
46506
82879
96329
84412
46741
73038
11481
94033
25172
41473
7333
50121
64384
37205
86989
34074
37855
59068
86206
48930
608
20669
37920
69854
44582
8695
2258
88702
45019
43876
69327
21513
28661
63395
58845
22212
76010
76892
84144
19812
61772
94245
50170
31088
80116
74658
96321
57980
23294
83718
904
36966
11857
75320
2220
57782
97950
32491
10075
49462
52525
27188
13166
70365
35866
53002
24754
56446
54249
37264
62077
36252
63793
95779
87868
55708
99357
6743
26219
15643
88326
93152
3218
67283
72042
10204
12137
40225
66629
61788
40309
77768
81599
49619
87022
33343
29283
43042
4949
96494
69878
42653
79178
77902
47114
10483
24148
92661
63042
48090
64440
86683
35225
6504
89322
89453
93451
41068
5749
11847
66593
29901
66238
89719
86960
18600
3462
30298
36496
55602
42863
66046
43860
37933
1537
37011
72016
291
47405
30695
69382
47459
11342
66461
47605
85386
15171
8371
63920
2267
50741
13098
91809
3091
60903
89795
17529
61764
865
78553
2260
17181
23035
4295
17990
62470
82130
85944
14788
45118
16186
96803
71536
31864
68554
29679
3245
24016
31428
20114
70548
74915
94692
45961
59905
27841
20587
3083
70185
50746
32589
48371
36472
40388
20529
67116
20634
67170
31965
12276
39478
714
95057
43598
39571
791
28642
22
12916
81884
84327
2409
78668
26404
75962
42186
40971
65067
77288
13055
68641
51385
39226
48290
2205
14869
66905
24709
3837
16724
41205
63478
88114
35096
60981
61692
12650
70130
98296
36705
85989
4927
49991
49426
30731
72272
56815
73570
51260
74014
15290
78488
70696
93687
1013
6221
29428
16614
26758
60462
42177
77811
62904
7783
34017
51305
8605
48048
831
22963
8093
66389
3656
31575
84172
45398
29759
61503
834
15627
18627
87521
64821
2476
34019
62028
94617
4231
10923
17093
39845
26585
51072
41280
59069
39254
60368
36045
29037
85894
55036
91585
26018
66238
94315
15619
99178
69152
74547
31045
24261
18046
47536
96658
30349
56059
95330
85198
92028
66604
27024
17864
22616
18665
5459
28362
5105
97901
25118
12807
75563
2006
4691
60686
55716
14415
60561
25350
72633
24689
4301
83532
25366
41179
27442
1784
94563
87237
96579
43932
43705
9128
85567
8016
95507
34476
91521
39986
29752
4927
88183
61207
9328
13502
50003
38698
70162
78626
33777
43861
31464
6327
49021
56573
174
36028
98453
39002
24114
10552
25739
88346
59671
10775
44560
38084
8792
83264
9744
65969
81838
73092
42321
42493
71149
4764
97817
3199
10331
15080
80362
57414
12368
19591
32852
42459
87354
2086
76093
61290
11077
33816
74692
89906
23656
34827
42252
18719
78374
31064
1989
85441
47044
75798
86358
94685
67155
42349
55136
23516
31528
19301
6156
88849
9719
36160
85016
21985
46680
62371
90603
66561
96240
46624
70326
45593
24699
45612
67607
81615
90094
83220
79478
66679
18485
50162
78040
6891
82584
49796
38786
57185
8028
53230
88963
90636
73176
11706
9810
37696
67967
36077
76413
68903
36216
30903
91146
5718
98862
39087
39149
78203
51858
87469
7784
26278
88630
29360
88085
46466
64505
20108
7340
90355
20690
50242
43473
99643
68321
79093
36589
82537
54104
43654
53704
49930
82921
21558
28844
22794
71916
23137
13904
46718
51858
17058
63257
71484
17003
35628
62470
31843
27408
82578
56404
35527
79525
60093
78531
63831
79839
64076
25728
92621
36802
39604
50417
82884
14140
92396
25839
66561
495
28036
14628
32066
34263
6674
43362
46509
24759
39634
2848
99780
12525
12206
32444
40630
27453
48431
15896
81119
77278
40448
72693
76038
86764
70107
7829
38657
30498
13406
34058
76994
73831
7196
26732
60354
33563
69088
38836
1597
13004
21516
42414
40555
88344
70515
95974
37402
61697
53606
76477
30193
9528
28322
74578
960
51782
7464
70254
16330
65182
46184
18658
99275
11595
74270
20129
52259
94005
53379
66530
57385
45956
50671
49825
50680
2585
68834
61491
70489
82653
88045
25837
83768
40550
42482
62494
72672
92497
29067
9598
8256
36662
10885
34585
61742
90374
28897
73824
58112
27757
75215
92365
446
35535
64008
40284
94934
94444
63765
18617
37243
88391
17783
22074
2996
72369
50598
67428
91969
76483
12059
8753
24317
15429
86821
49106
47070
25644
9441
49432
32501
47744
17935
91529
22229
77995
16926
36737
44677
59088
93465
43704
18187
86059
27252
16853
41383
32339
71007
2249
32116
36563
45802
9725
41551
13866
30732
17664
87648
68969
76253
87323
13686
90649
58656
16213
13254
89030
71230
44844
93472
44345
32003
72304
43458
156
12406
88131
76137
9761
23753
8087
62565
52767
45522
6363
27545
59786
39467
56633
96497
24594
67317
70294
88803
97307
63129
80054
69906
89825
50266
85116
63401
27624
1606
10318
85104
67747
62315
95511
19657
74186
7093
26421
34934
20677
20284
32510
18651
84188
48278
77976
62620
85054
53649
50978
95247
8592
97617
43419
40000
46742
87693
28836
15046
4341
16781
16500
15400
98290
31761
20421
82203
49729
61529
2846
7029
69181
70461
88047
95371
70170
21458
8862
93136
20683
90978
81172
82631
41511
62270
15194
62489
5904
60929
96674
26438
8843
99249
96053
85633
99097
1679
82804
81840
10507
30603
6960
62284
85458
29575
39702
24845
46283
153
60677
44800
98025
19010
63513
25646
48848
41625
65067
41568
18806
61164
67552
31713
71903
91430
46828
14903
69709
87437
48473
26842
27488
22798
1897
8292
40538
85749
31589
2242
9019
28861
31755
27968
41551
79753
31445
91704
32719
77749
14243
46024
72108
6668
18550
80694
97714
95948
80699
66313
87981
95435
97989
73500
85923
50757
77207
93874
94281
91399
18593
87928
30105
1767
85965
90295
49804
89276
23394
48074
70584
5036
94305
9211
57991
16775
14985
60100
22034
78914
53708
42242
31991
83027
66106
29451
81893
71945
53594
79889
51347
61315
23396
75012
76731
36451
95466
23426
23832
67425
68081
21044
85453
25287
42442
58504
74073
85188
19187
13383
93481
14626
67505
81597
46691
62613
97075
83852
5614
10188
65306
13939
61590
95348
96081
42990
77734
50990
19270
57405
18194
99399
45577
3543
19534
70643
15317
55085
33745
24537
73156
66665
14644
81604
65578
56472
81495
11079
76902
52035
41783
26646
84242
46997
32884
32041
29410
50819
66307
84698
21234
36764
31777
23900
82201
50412
2993
94118
89986
43396
33528
55321
77980
67657
91518
64632
20043
53690
4728
76135
63616
51602
70020
76849
76059
33335
61626
98217
86413
91677
5822
91930
48406
25198
15810
89556
42173
39695
50918
63544
46781
4119
72995
30054
69518
99021
71630
73391
31191
63076
52921
4174
56445
96422
37189
52492
62005
71369
78005
61024
21171
60190
66612
4081
91853
52515
80660
42027
59984
83277
68888
85021
683
2504
10891
65144
30855
93077
66101
65617
82945
58417
83668
67393
46314
2415
29980
40013
49661
14141
66069
99685
77946
50383
73000
67989
54355
7010
61970
66714
75366
68862
54925
82630
79900
22367
22011
24442
1700
84653
62884
56223
74343
41339
97038
46519
48480
70334
70019
19979
65197
13991
86222
3245
58592
50276
15181
57810
56225
7139
56684
37127
93834
42674
43771
70284
64621
63512
73368
30407
11107
52731
98520
58991
43391
49678
60035
64048
16307
75705
83098
83348
50741
1589
51241
92421
81112
14454
56612
3576
23337
87812
20394
98245
56550
35955
84795
70394
47278
18454
22350
26981
49555
46563
74002
13140
88946
55729
87813
25385
54835
11605
49585
51370
31277
542
7021
32642
48972
93868
32394
16516
79198
79022
46499
7742
89661
49880
72466
4142
57622
29359
1355
65594
73982
33249
20606
37593
53851
97547
83360
6941
4490
69820
50408
49964
61172
75564
20011
9223
49493
52476
15549
87592
13478
21277
10284
62800
93522
82866
97310
61612
74245
95684
30647
72447
14526
78200
13697
23579
55763
29634
12233
99761
8810
50040
43375
31789
31879
17689
91718
11442
50887
95170
7249
2119
84725
86430
60542
2271
93475
30737
35333
64734
17662
27533
72993
18876
11487
6280
76746
22625
47794
11387
79722
81077
59273
14134
85201
84831
56369
31603
75758
73947
73877
70849
13714
79297
21413
18533
58901
38965
37173
42480
53918
51105
58045
22249
10569
9470
96484
24542
16048
42408
55381
77879
64264
32947
71495
4550
24896
72589
16627
41442
96049
52766
89371
39257
17068
30033
21111
89652
91921
43282
60617
99280
47137
35434
84597
2003
10317
17396
32658
68834
43935
92048
39118
82816
10819
31944
7137
90572
72964
15004
32352
17137
85135
4661
59523
90216
88742
35462
2463
90956
76133
70975
14113
99449
25316
48029
68532
38173
60261
33909
46781
98556
12502
36212
76047
65844
33571
61637
56566
85394
56128
73820
38809
96982
13742
70775
95780
59289
90084
60602
34959
54489
4674
42971
28683
94869
62610
64044
87906
54976
38463
51035
20603
12386
97271
32644
36121
55585
71790
28906
82355
57478
90800
3781
24020
44568
8792
82420
854
67288
80531
872
66147
93142
69102
43975
34873
11657
94736
39325
81843
24702
40979
41133
56093
33011
66400
93048
95542
5579
51164
80228
46566
74261
76502
89781
65111
76129
19885
72714
81159
31300
6468
72565
94862
47756
45902
24095
62486
71051
4320
66248
47354
3660
3799
1259
34315
70704
76735
47618
74724
11617
30054
30526
90424
77359
89498
63126
16341
49759
81201
21505
73745
2119
60547
93351
64928
15303
24768
12090
32081
26169
79546
84990
17316
55641
88568
72741
26861
81927
49472
72122
87043
76438
5861
72558
11818
64002
99678
79981
28881
71708
74947
83822
58499
92413
79674
71945
24130
39958
53727
20930
32544
6915
49014
13948
84461
40171
67159
78450
88802
74870
79803
51003
74619
63387
84707
85305
5477
65499
14047
42547
23036
22119
69601
42493
79089
45452
70352
87906
5470
35024
52931
11690
62577
39950
85958
95896
40444
23041
9240
63659
8251
7290
98838
11600
77675
93768
76644
93807
71982
33114
63351
45689
9295
28897
431
41815
68946
15126
39772
85433
98613
57329
6228
19547
799
85952
66524
47017
58313
3492
28691
55086
27465
33361
34044
49414
83701
89557
88838
78535
87534
39619
94937
66113
45261
93317
84295
83302
33668
32105
2334
23881
59970
52440
38684
46363
68892
54822
23850
6653
80503
28715
76581
27468
28929
23171
90821
85476
91952
36442
39791
59516
48040
90746
21348
46640
92482
91276
87144
83329
99268
71325
41437
50511
62932
17059
22837
45838
21372
85083
68175
31789
33834
98473
50549
9281
79896
37254
60017
78611
93651
70341
88833
95545
9768
13135
92561
95768
14939
76471
28301
71996
12746
35660
88662
8017
28137
33693
62734
70127
66271
38425
83586
41013
97136
48472
20605
14021
1115
77373
87131
31748
81776
44322
6213
34959
41375
63172
89781
91137
32492
90563
60939
50153
71207
21657
11091
16603
47639
18404
58816
9291
23041
70185
15957
63446
17144
73444
77341
13320
37912
2699
29364
81523
40358
39158
92788
3778
46454
36772
6030
6107
61107
86276
48528
30809
41322
86293
61486
59901
81907
64737
25820
19545
76027
6395
96648
48052
80419
57264
44231
54389
23759
85942
40891
93056
20751
38372
42427
95233
25361
64943
311
83600
8246
66603
66299
12008
19214
60644
19688
5887
92564
76571
44631
57225
26245
47296
72284
36244
75746
93259
36357
91172
82648
67375
34186
65256
83951
12893
56869
71871
33679
77874
27233
39185
31738
95693
91862
27632
48164
64294
61789
52360
36480
72482
97582
49634
87841
14191
14349
16087
83703
64172
3148
44641
44247
95118
56206
18022
74165
22625
63252
32365
96550
8787
11527
30165
87298
68226
83624
25881
14353
15511
78940
2285
81611
23082
88721
56724
16705
14592
21148
35704
24902
21340
41753
4178
61294
82346
3608
83956
66453
78423
88397
36516
75023
79285
73386
67570
4960
34141
6365
76452
57855
77936
41707
64008
87386
38662
20103
57326
51536
59285
14180
55766
63805
44440
99654
35578
55456
15840
36546
36624
94035
47027
8551
52503
50740
19760
21281
75073
23174
32294
42342
38460
7134
28288
15602
195
80269
73305
72290
70413
57858
26800
15793
2459
40526
39253
878
29450
27075
93310
21630
4500
29585
22657
24210
11116
11917
90694
83473
55966
88680
66629
16733
1726
2637
45377
12833
72652
38856
35456
76150
71518
8472
45518
70028
15827
17558
30596
71485
87840
49606
29334
55256
26353
87316
76736
81979
62035
47522
3807
4845
43977
75258
13038
68373
10574
44775
97800
43371
38041
3689
9909
74248
58016
27805
87448
64230
60905
2331
14103
53805
88619
99467
69153
23708
6021
35096
86780
42283
31492
32558
65845
76338
29748
25344
17510
48271
57285
1664
13295
7420
61622
15330
3973
13212
76325
77161
46921
21833
89677
89369
40596
76096
42436
2067
51741
70699
6904
25061
15989
18630
90343
597
50469
90188
83175
53201
54344
97642
30703
1354
60394
55915
74187
95439
4263
50365
69140
26375
86554
78484
39612
90917
5193
6447
68150
50752
9607
16952
17390
5755
75973
72422
78419
28688
46258
14732
64554
93843
49093
1507
21561
38538
93174
82416
2201
65555
66466
35493
13379
50414
7699
24469
19093
38404
16625
1392
36933
13194
44649
94089
65
75633
56574
19646
46530
29053
31663
93889
23612
56014
18633
31438
85688
47289
41203
76604
75518
35922
23979
64522
32971
17333
70007
8455
99185
50623
1269
99799
3241
95004
90955
88318
96985
5846
16472
49858
76345
37671
60260
31516
66940
51758
27743
86929
35383
23751
20761
68845
72886
37633
68160
69567
39754
79547
66695
61468
92237
34647
20673
43611
64239
66974
51046
53455
88455
95862
92833
23023
21044
90725
63167
39952
55184
27822
96917
55805
1448
69416
67860
50700
48595
71455
21010
72431
77991
49869
54331
83620
16276
54444
91870
32372
70894
21716
81731
66676
4581
57723
29021
4050
14307
43179
69720
20143
67361
98609
72128
46009
60543
4833
69326
81867
57273
93602
110
43545
60497
44793
54926
29510
42576
70011
99611
16087
20403
21158
16264
4325
58793
3162
97443
70505
74966
26547
23143
43736
74119
85499
89211
25555
6023
92816
32119
18065
62343
2530
64668
9838
13684
46411
8307
77763
22616
17246
83007
30813
92891
12410
14519
13452
38077
91378
39584
4314
45960
65132
20133
91052
82624
68531
65472
34066
46129
28577
55293
78
61175
52571
43319
40087
62266
48518
28957
58912
29918
3857
50148
20938
18264
79639
3014
10301
3819
46129
20804
4835
18908
39411
46390
49508
95923
1916
93440
6668
69934
31670
96262
99379
85978
12436
1673
91017
40709
31036
61075
53433
29458
72786
79426
80750
40147
26656
8082
83342
54689
35734
68293
27305
74465
24063
64712
43910
74050
84373
13636
45747
3857
15206
35004
29846
58002
76029
4666
38773
92865
63045
40397
86223
15508
183
55707
76457
77401
57916
94200
45920
35037
30125
71408
41747
85796
71644
23480
72757
15183
7430
55412
58976
1082
8722
70272
17473
55921
56588
16393
6330
30979
1401
51564
27470
23571
77386
23156
69125
98479
90123
28904
20968
12616
70385
15410
86438
32790
12503
98918
59907
71000
70590
61930
5760
36494
87659
99632
83100
76060
76558
39160
9285
52748
23337
55918
64483
84236
95658
53732
84
74681
56491
8321
50346
30164
98493
53658
75602
27537
55314
86840
67917
85137
77833
81774
31489
77623
27578
13670
85942
92048
73416
52847
36514
52910
65137
50688
13305
41684
34865
52325
44735
43590
19931
86065
67605
72298
6804
24209
24354
93933
70527
82080
23247
2107
21396
48136
57897
99382
64304
61049
91448
9449
57060
10967
80061
76668
36212
20292
90946
18849
14
10282
28265
56731
26371
20774
88144
59851
46365
30496
65515
44826
82361
6282
78992
84840
83617
59945
1331
34959
45333
81275
25146
25541
8460
86593
34300
51676
80303
71129
72240
49351
2535
38281
37242
30940
19007
27274
59986
53519
47732
19370
40185
9080
20351
22282
86041
45850
58786
39635
89247
67322
77580
82743
75672
7003
82716
71266
87631
95975
17896
64810
52907
37991
793
10526
78520
58110
61017
77179
90852
90378
70582
43812
98836
16600
10799
89968
80556
15942
84327
76765
47713
15366
53251
49895
41827
85919
10279
46040
27278
52247
35315
61797
6
74600
31897
19931
42360
5067
51457
41885
93824
80020
22701
31779
81071
71612
41042
63172
55610
67249
3484
79185
52770
88919
88739
33006
24916
87315
764
25309
72125
81862
40035
2128
57387
55384
12036
8177
14749
39899
34037
31676
40132
79971
7435
48141
91371
62993
62726
88925
76104
21787
89173
79401
7248
86274
99951
1925
24081
49952
32970
27620
9154
70009
94199
16473
79237
95791
57099
20024
33153
16394
25971
48441
39906
95223
25147
52449
10849
32885
40356
27795
20626
34195
82895
86947
90943
91656
71522
72664
67449
38134
58723
86072
29995
67618
98500
65417
22728
80273
44860
15055
30452
21441
88918
78551
79322
78613
81707
4694
53623
97433
94473
76009
66278
70871
96841
46999
41399
31670
53950
56617
77688
9632
18391
98649
3612
54414
72328
57394
437
51741
66169
8639
39246
62292
59692
79135
68920
51242
29
44071
76997
19450
70723
12614
74382
39354
45799
98121
74370
59643
20975
36897
12185
77779
71866
61921
65524
37113
89817
78864
30043
72292
14507
41696
79294
43997
53605
62815
67880
15398
8982
54537
26662
13773
91040
67412
9640
58090
68679
97613
81048
87029
42102
78912
9772
70899
6084
41379
22578
59809
53957
77684
98645
58864
12543
26513
75219
45090
50973
31173
63522
21693
21188
22008
40631
12632
25706
535
58076
45276
4801
75832
87242
74467
7201
36011
38762
58595
34014
58118
48983
82363
40474
92544
11953
81351
36640
39480
74239
90738
23069
96404
12513
46358
35990
89120
15035
15491
38333
55599
7329
27413
81112
56512
28004
6472
20001
53378
19894
51880
19261
28445
58825
5737
62158
14037
21817
42831
90417
44877
7847
9056
91366
69752
89967
42705
12762
82391
37136
13885
39077
91163
63884
71930
99756
68312
8436
67397
46339
57206
94106
14997
62125
14220
3707
81637
64143
74292
42125
51185
2825
76870
72964
17823
15712
37490
83851
68341
82714
46843
97041
94084
59319
20554
23995
90684
67161
6897
61980
41600
32608
44470
55701
64570
24442
81330
39375
67501
19803
27616
71784
39705
27184
31690
52419
95736
10964
66542
46669
58654
93661
22085
72682
50228
50457
28945
14866
68722
72597
7600
59571
8389
591
47817
15187
44556
63322
82859
75018
27046
76640
11875
349
67439
18209
21363
95692
73892
54669
99751
88714
95166
41146
48408
80368
98411
67363
87571
60145
42639
84858
14656
9577
12031
55432
46886
66242
91747
17731
38390
24615
22144
88210
94382
19562
56382
35170
30839
2039
14547
80751
14806
32722
72818
69812
10719
50286
96112
27117
49663
94684
16678
51014
97048
58902
84882
92309
15214
16839
65622
41747
76519
64559
20183
54716
23870
63632
53918
30084
19360
57237
77009
7360
22209
32457
26212
3550
81154
53841
4068
42790
93253
30771
69536
42521
15665
31149
96889
1202
18367
74346
97191
41141
25739
24638
36695
48281
4696
28380
7552
34838
13102
84169
70190
77287
4522
64901
27533
22426
90430
51466
96322
11913
48027
11380
10192
1558
87440
47258
4608
73003
57773
55845
88366
53902
80227
60480
33621
6306
95822
3244
68323
15616
78342
7309
15964
62016
41642
86444
88880
87355
70728
53892
48083
82369
52069
20869
8161
80862
97029
51215
86364
2558
35636
9163
82097
40484
75105
83695
43457
49513
49403
63175
94196
60377
91530
33360
45605
75558
8607
29451
87200
73612
28735
45721
12080
61280
25644
66809
20090
14454
54737
7642
83868
22310
19719
77729
24082
54778
70429
99993
35148
57216
33829
62792
76364
23376
72030
96273
87554
90542
85524
71235
30234
12919
13771
73855
33050
96609
95832
9775
10776
29746
85783
44846
43700
40185
50314
80029
14005
64301
62203
89207
74618
99281
21956
41901
26166
52828
94965
47370
50780
84781
79220
24994
51570
44206
59077
28490
14286
4797
8699
39428
62458
77539
58776
37589
47669
53038
84042
2793
74840
32996
26761
71667
59608
93863
34421
79833
89378
74791
72490
27856
95626
31863
10529
4544
51489
50714
93278
6976
65244
42938
56851
8518
2524
79874
80528
47187
66452
86462
59880
24456
61847
2704
59714
21718
89882
73611
1100
71193
24120
84991
38076
76809
75649
14948
99248
26980
8174
38846
64532
98076
75298
3246
93185
49658
5088
23565
74254
61253
89431
1073
49749
95001
84460
25599
48742
47637
40673
61358
1347
22977
77104
13681
3387
89753
31719
81216
12660
97911
56704
7491
77390
20412
5142
44569
93299
20568
14484
1939
4819
30567
47058
98277
90280
48391
55183
4962
69267
12113
38011
19371
97787
36171
60944
3447
47870
73667
34192
61967
93828
40032
38999
17411
59994
18628
96390
82677
79838
59896
65771
76836
80293
56055
38015
16169
1073
92981
67686
74020
51430
61550
27682
28669
96592
55169
79276
4799
37116
11724
88090
4023
74809
30108
47299
89619
93963
36566
18095
63920
21207
49152
81738
11278
53736
48834
23561
9167
98461
61375
99895
42126
95012
25530
21168
1734
71488
56525
28816
21365
49176
17168
33903
43086
48282
54291
86915
99680
18560
18178
86749
28357
64546
37612
5336
23471
84863
12745
2247
49541
72957
61825
3853
90775
92867
48971
11228
35957
34916
41904
95974
92458
79340
19028
79164
19067
1702
62505
72150
11952
37413
58897
93690
96278
9502
61839
92737
25149
11621
91450
84871
64502
26056
50138
70094
37968
22047
13344
98746
64862
91746
42871
65682
47219
86978
98561
3328
38081
80377
86968
17176
36576
7511
75815
20194
64058
81112
92171
26414
1661
75750
60062
87390
55337
57402
96878
11712
80020
60740
24479
21297
33253
84942
54752
18356
94669
53456
5277
72774
15230
14380
18840
92925
44403
21997
45002
80269
38076
43031
46078
81105
89625
82852
47067
82796
60138
60819
39978
36198
53647
30518
34829
45717
67328
2834
82318
90002
85439
58174
49739
68052
15415
62317
47418
91377
72530
92751
79734
21704
96638
53169
16577
28581
35056
71555
78699
2583
74068
62538
73783
64935
68405
1669
56392
84453
64329
63072
4864
87627
73606
82988
71588
20052
94145
14442
56475
67413
35575
15728
36781
70932
65806
96697
31625
63709
81696
1968
79823
77440
63021
46357
18814
19019
6071
97292
18988
55302
45338
15871
12900
74646
64373
63000
17903
83854
20409
56726
46618
67718
45658
44584
90830
80553
74531
98323
49908
68860
7743
43634
62501
5346
44741
6804
51274
80738
33294
11359
40580
94663
81483
76601
36446
47294
87583
6933
82838
17703
32491
54128
29969
9618
67236
99271
87937
20063
49570
89889
76945
83161
50846
10877
42358
90603
5917
37165
31
36676
5199
61066
44050
56191
47906
97374
64649
7219
91417
90506
83430
54492
75351
92097
73526
76218
83719
48041
18326
43400
88446
12979
55674
51325
41429
39855
68307
58784
63861
23876
90027
90278
38232
99580
25773
16720
15635
21827
8502
52184
78473
53347
15305
85127
94449
16547
58668
19497
22349
43022
91082
75958
906
93887
53741
58692
82978
19319
96366
81323
18984
3348
6591
62584
68127
69660
6047
5741
36259
69261
41604
79266
22537
2201
33525
48040
90151
91844
97459
43957
81477
31925
12368
37107
79083
95904
88570
16714
97283
34604
64045
64283
75715
62434
50759
68045
18439
55774
62012
22772
93678
10518
45313
65962
43704
62456
69705
32323
24081
22195
95451
52774
18774
51499
63243
50049
77226
51542
52643
70907
30260
92165
95413
72276
85497
75633
56488
22865
69181
16634
49780
49768
60683
6448
11381
64920
14519
44737
60609
50058
87804
70769
27762
88485
97727
56244
69585
28277
52741
40508
19287
43760
37534
29491
92415
14217
86284
3482
42081
40133
241
92801
82789
95734
9193
32640
29409
92552
20274
60994
81727
58329
62368
98372
12093
90354
28730
62000
34288
54028
8066
42659
71151
53777
52671
89050
59768
75744
11422
23635
80510
25859
89405
47905
98392
25526
89097
72819
85422
43432
92135
18050
52534
76689
8877
29548
56944
29001
35989
36917
15643
98824
71682
28242
99540
55912
35124
548
31826
86069
57813
44664
2009
96417
91088
84788
70389
34645
68244
17270
8700
75179
430
10706
20758
35785
66172
63539
40003
89513
20994
66457
12633
15491
62296
74391
11476
63076
99377
72177
5797
30718
25136
35719
22639
78147
33192
19416
8853
58821
41009
38997
34463
64718
80328
38969
69449
98781
49445
10072
82173
21638
48486
20495
87857
69009
59698
29239
98071
2032
29208
84533
3415
73432
31700
59862
95684
2626
38244
82541
45348
67981
7359
22668
27756
31473
98627
66206
2454
21930
62906
5445
81686
78837
33219
49059
79961
97749
13496
79514
85951
85262
30012
11175
83042
34488
44552
57916
32575
37159
1355
84369
91613
63832
22182
14518
2920
29837
87304
81414
81168
42991
2655
9537
36444
12798
64999
18165
9567
86797
41812
59509
53395
83676
46731
46447
64409
25019
46201
51909
54199
28216
37996
92128
92142
40714
42872
6672
33315
63248
88230
8248
46524
69029
63591
52471
7260
98198
79330
41222
37694
59466
34878
67376
57387
39747
55774
89755
21624
88384
11266
47723
43359
40590
44644
50381
4442
95926
94325
14085
33721
90830
80819
7289
93686
55619
32080
26430
92222
5344
22742
50611
42350
22995
50663
7945
90654
76781
48385
53420
80485
10205
72905
22263
49352
51157
11705
61313
10913
97847
75726
53334
96583
97221
82370
68206
48064
81584
43292
41971
88794
19034
54669
17928
9145
26171
94289
54320
8259
42060
20286
94495
34051
49980
69254
68659
21488
65781
60294
48283
89812
41526
80699
3574
85277
85602
15864
55907
21269
1527
14112
59639
62147
92381
86384
8597
41100
69779
50853
84392
75256
83669
38781
27297
10924
84386
37685
1678
18345
54724
27913
67530
26110
58406
88453
54988
4016
15612
34287
31171
33406
75534
70012
38545
49707
31769
81176
97983
69505
90065
11501
63669
38303
69544
73484
85572
53714
16393
6591
55714
12715
14657
41899
53752
148
73914
59938
56822
17837
68795
53959
81526
85168
45022
16864
10282
29295
93376
57846
26422
45153
45865
84116
51080
16696
32944
99119
15809
17611
34291
74143
46224
63548
48834
89270
40646
76660
28346
3624
9107
92492
88309
12421
61037
61030
1690
11953
43681
21827
84173
10636
96659
31235
99468
41941
78597
70374
17798
597
15538
89432
29794
92593
92841
93685
13372
88213
11908
22423
31939
88701
98426
93433
46396
51565
81020
86150
16759
23695
47877
66551
24274
79144
99516
25342
75595
88470
87824
11827
10111
90987
79987
98013
20556
68991
72213
69995
61079
8773
53416
71905
49799
86714
34238
17022
81389
85934
93058
2549
18236
31972
38433
40509
45315
98007
88371
75529
33632
94033
34566
744
44709
95475
93445
656
45779
63342
1704
18776
12575
81985
10097
75513
25546
90251
33974
14008
976
14837
91534
16611
31127
45542
73610
27500
69980
82334
93465
17335
34443
19534
15621
31479
37183
49376
32534
84939
84332
95536
74475
70427
85830
53084
27780
20833
21484
17385
54050
80125
23135
68725
24677
4389
21547
37819
68921
93882
48618
79138
69557
91998
19032
91699
46748
6020
72617
57482
46077
69858
91353
96035
23535
82890
61394
20094
68601
72304
73322
66611
13312
36016
17302
49434
53294
41202
3370
13697
38878
81484
94756
45576
76053
98388
48562
96045
2035
56212
96183
78016
86989
90504
48182
37784
9194
2607
16933
68315
60454
75515
66609
30846
50311
15045
96949
37148
69856
70352
27925
17161
29616
16913
9637
14182
1891
81993
95551
42787
25854
80533
28744
91912
89492
46602
46463
12358
48088
56738
47764
22278
98798
96890
52559
36076
53819
81271
53737
4674
52715
8253
25496
46099
1748
59732
56765
34441
36344
55621
53785
59723
78810
97263
55591
82285
15577
85843
51784
1807
68412
87290
63109
82344
15393
65545
72461
26062
75592
87770
69007
67652
22023
30779
70299
4223
95492
71938
73833
53070
66732
6748
67537
36076
70414
70334
8917
91395
28449
54071
18451
76061
30278
44265
18807
38434
38295
71952
47900
53333
94160
50536
33199
82876
99364
52007
91420
18328
62147
16597
45600
22315
89651
4448
15349
13224
89959
1784
14638
15206
11964
74023
88257
83612
48600
47854
14723
15548
74391
56882
87294
83273
46883
65745
41278
84487
30475
9599
15329
51569
52991
9641
78838
97304
94206
86115
88541
3411
27700
23682
60350
94357
17144
15364
70111
14472
40064
28076
14305
95328
29573
1721
14486
91480
41712
28050
86148
39457
38197
71126
67103
26363
29308
96074
34871
17734
14258
82736
34268
6926
82542
47157
99051
64450
96024
16743
57056
33301
32145
74919
40355
95437
21985
8726
56138
32079
62810
92760
33701
94245
77425
36128
97064
59258
15763
52458
11015
51659
73124
78238
39212
709
7861
78032
19785
39071
90651
42648
83048
4065
88367
93410
2059
18385
99829
98111
68206
95882
39558
8403
76441
59074
72605
16690
44985
47088
89514
61082
85983
12584
36685
30207
11241
56143
47650
81217
97365
15535
80999
78019
80233
47564
4674
53852
84820
26119
98441
79628
59547
29730
37601
98749
39339
41126
67251
22270
72878
41880
32219
28528
785
47908
29714
56385
65345
60350
1963
63686
73904
44277
81195
15010
23210
30292
2818
31231
19503
53913
27456
13621
57354
48987
63257
86422
38789
84808
13771
32374
54748
62815
23400
34666
99273
50816
34459
96886
73129
1570
79458
29952
36640
77799
45351
57488
81469
13495
94299
92293
71904
66993
25216
9447
16046
10155
93374
22934
41160
61040
75315
72058
94597
40391
57761
55903
41700
19468
678
66701
96301
24722
47041
20619
87853
23247
68837
2862
8562
16667
75042
81867
84288
15605
68
87877
96561
31816
52397
80055
995
4316
16094
20025
71077
69244
82772
70721
38748
43945
68942
14456
19986
33315
57849
36643
17409
68167
83463
74531
4514
28678
88064
5024
29109
50765
72863
71481
47972
21079
85989
73256
69321
42028
4533
52052
84129
53555
51536
54461
93019
66611
68898
26491
25809
14015
97069
64822
66468
48411
20458
49568
90911
92456
53409
31800
10744
50741
29681
72666
38746
55210
75642
58780
35510
55032
90373
20799
94069
52980
42047
7164
36945
98001
40720
56918
27327
37038
89275
60386
7156
64793
26971
34035
55901
35508
16775
27971
45603
31175
30512
22359
75624
32448
8383
10612
55071
97998
48443
39196
39910
33696
39393
95894
72185
88484
47256
6884
3187
64609
66163
65612
95822
92040
30055
4744
15871
69818
34549
68835
34549
24930
30588
5613
49363
69579
69402
16505
94147
92157
45937
66928
57497
92070
76132
46832
63454
13601
97840
16363
75555
86522
61983
5666
15284
91292
46709
46084
29712
15105
78298
96201
11587
84553
65806
75229
40434
36685
50669
5583
47679
68525
592
8987
38561
56011
69384
32445
9793
35697
19632
29575
66004
59211
22573
8709
96548
66553
91151
79777
48256
58428
71563
98167
24858
55895
29158
94884
3531
18862
11399
23036
12022
28515
48576
42309
14087
74831
40876
18488
41549
12226
19369
48468
85025
6084
54981
14128
64003
83880
88618
94540
30605
84261
39307
11319
10278
77061
95441
60421
5128
55460
57920
3107
92230
80349
90055
28896
30103
57592
20385
23306
57687
79544
23279
47923
86605
72769
79209
15030
629
98396
95555
18019
53009
32032
7020
31411
77221
60900
39211
9239
14708
28626
94010
39151
86580
78265
73964
27681
2479
38169
63043
73215
79683
21802
47
89793
19130
25636
77673
30801
46007
8195
83967
21631
84097
47620
10120
38785
23388
8305
50383
28251
73348
5898
87654
16399
75490
29961
7269
79985
99820
4133
45375
5156
30728
72462
44114
19880
66132
57591
75540
24160
67267
40832
50890
38462
39819
50704
99219
76498
80483
50914
35464
26871
16196
40326
40465
28152
32870
3282
3572
60862
90510
80707
39384
50643
28388
51483
79451
85967
2692
57846
12167
99198
84881
64823
9460
4375
4602
36186
92722
54265
2753
27977
85785
1508
71717
14734
4960
99383
59786
10573
97179
51335
12284
44039
3673
13145
1488
41495
19533
69823
44957
46712
66700
84173
55081
41406
9841
77561
88267
17318
18634
6178
79178
4365
16600
72764
12185
46507
27319
69532
17743
26407
6036
92746
42278
47141
33114
37734
99512
49225
76590
30505
51254
98095
38180
35039
10214
20628
52460
50024
29692
22380
31889
33945
89101
39296
12386
32658
45039
79943
17335
61586
43154
32260
95429
24196
10464
76083
26509
96848
3460
99213
1044
19489
32178
9517
83818
70482
48472
10287
71814
90085
16420
26086
41692
51975
75024
30572
88253
43819
99494
82045
11804
44355
15361
44291
44858
20247
98432
6515
19915
5039
67690
15358
37907
73894
37214
35552
76834
68154
85311
6435
81153
72588
51465
22950
94797
75638
74101
32760
89169
33977
99735
58449
96695
21960
51260
67989
51348
60287
89142
25332
77083
8127
69004
15878
24116
24277
87406
63729
84373
49153
11933
80932
15729
12435
20952
15793
49016
45459
43674
31965
34081
95907
20784
86013
77146
51347
31678
44715
40261
76199
55329
58325
70513
29575
13236
51702
97715
96983
1312
48448
52843
55433
35375
70735
79285
64576
13820
3417
68091
82855
56087
81567
30457
60320
284
39658
28599
45533
82280
28918
38884
96643
59391
5568
44133
69847
9724
72950
44938
95737
75602
37954
46942
41224
47789
50713
41699
92120
70872
28317
5
96590
55493
24364
13757
45938
10585
9873
85913
71677
89817
69639
87472
74632
24936
60454
86868
89641
68639
78341
75312
68302
76256
95169
78040
86646
76722
20870
42041
50775
54474
88761
19858
55976
55171
81971
78805
84566
53879
47729
93262
3230
95206
8115
84195
53046
25818
4120
84883
79707
62547
79423
77921
8635
72148
82025
6198
93421
58281
1743
12954
63011
15940
32357
5824
80538
72771
49598
17632
22585
35126
66623
62488
45858
80189
76802
47038
10581
89100
8999
29016
16379
36342
26047
58545
31971
90845
92969
88821
15269
82964
57966
11434
51365
7259
13062
19329
22803
35465
98679
39675
2609
5865
80301
66195
26602
83850
19391
31402
70166
91740
44717
47082
72599
67737
67517
88932
81068
77558
90734
59202
32043
28759
26049
31386
84847
13136
74347
18380
214
89605
14217
11980
77775
82438
30612
14167
4738
53338
1580
10757
33696
94801
12884
68022
60234
5820
58147
48574
25798
25891
68227
77676
10455
25827
90896
9024
9334
62853
47613
97963
77718
32496
93714
33518
7914
64214
55386
11005
26186
47139
56765
29160
30742
99016
87963
1927
28258
23635
65973
73139
1550
25875
89386
75961
99057
23549
12361
96536
89378
42939
57623
79632
2486
50541
20368
36411
74303
9370
91401
29291
76257
8558
11043
53381
44470
33200
78334
7238
13748
95925
40615
40420
72454
32290
76045
3428
70617
17068
63698
60220
4186
55955
8572
12812
35305
37579
58397
23592
69453
5107
10051
59304
35567
32196
36953
67491
55775
41894
51029
58363
27759
29886
69266
80979
48792
18956
89167
42438
36484
30709
77052
31456
23771
59268
35650
63671
53413
84724
88249
57051
22910
36700
16366
67737
51183
73985
30750
73826
82349
2078
51428
78435
79282
45742
89220
46034
63064
66726
17140
50394
18427
13889
99802
59767
16711
1310
82376
85532
51494
856
48708
14730
70920
84098
53047
98733
16035
90374
72498
97319
45756
19083
45233
50170
4262
84860
55296
26683
82620
26029
17839
64409
69786
42331
91489
16071
26508
26893
62282
12267
80266
23497
70618
8633
42094
34709
98513
85782
82948
2143
12631
20983
12805
1707
90747
54503
80916
81730
31217
80472
53855
76796
3045
34971
29608
43355
30561
17216
39638
85930
66844
45027
50306
55538
34585
80686
59794
40550
2060
63476
26824
11036
83680
31
80938
86582
40804
66000
12836
97212
38999
35879
23661
46521
11093
84818
9550
10113
81950
35903
44871
21969
75014
9154
32059
50295
63381
25589
6468
59181
75277
35221
89755
9282
6737
76970
71546
70978
25097
60162
47288
49133
44216
48368
16597
99054
91062
58334
58233
71313
49597
31857
89614
80374
63767
6291
21393
97265
41978
78007
50859
29734
23408
64494
35162
40987
96382
30905
57612
23408
53438
39067
89226
77184
76216
56724
28345
16585
56136
98844
28529
53021
26932
17732
34797
48396
11775
19787
56283
54030
1841
43611
94114
83437
72333
91449
96026
29990
16261
63656
7830
39362
2355
97097
65976
78423
21714
72609
14272
22033
32722
14924
90130
69718
88462
39516
39031
63698
52899
37389
29996
78421
70003
98953
48499
30879
1682
53661
96958
98937
97253
81017
48720
62147
53130
95095
34335
85423
51625
95548
45652
85095
27498
57106
47995
14172
39439
24975
6772
7697
309
25683
79254
85541
65388
43756
33531
79820
50085
41308
32173
76163
96573
22831
45807
57836
36433
82623
67901
59441
20559
83473
78647
76458
1306
97365
57423
96383
65308
68932
36590
80582
78724
40356
11797
67725
83866
76815
51811
82695
15793
34086
77539
88625
36469
36285
20430
97984
60460
71466
43677
54428
60240
39817
29109
99811
54053
59299
1593
88356
42642
59098
59562
92258
39579
54367
92832
68796
78133
7510
65525
2301
74622
10987
58021
21784
2541
32157
89824
31324
5401
1851
44072
56758
75213
55116
67078
17551
53861
58118
20002
39605
25071
46578
14032
26709
17680
15557
46319
34561
36399
94294
60049
37349
60496
32564
35922
68458
60530
65064
21463
14544
68563
98602
63393
50908
92786
76305
275
70392
42344
77812
91181
23575
26591
66796
55391
83743
97339
99660
63092
34269
62117
74457
9641
18985
65243
60871
28421
38739
18151
61896
65362
5728
67810
99611
39267
74888
92824
9305
13092
40741
94994
814
16861
25913
47193
95499
81714
77464
25557
26743
92216
46720
18389
60805
41215
9203
76506
40049
39127
3599
54823
95720
89919
28609
31462
40416
17755
47492
25863
23975
35096
16108
39093
98914
54465
30226
74481
44120
80682
33159
59464
4629
49473
9299
71702
69227
79401
17023
21546
53485
74501
87330
32618
27269
4396
16748
21844
44404
74937
87705
77205
32967
37555
12065
14027
3267
21944
92829
63848
87316
70663
31219
88602
93708
3417
40826
41090
79895
46184
40830
72971
9429
77787
17472
10919
3202
61788
40915
60351
37602
32282
45752
16226
79012
17534
79793
54566
52039
59446
9979
4961
8652
62432
190
29544
76857
49313
48431
44926
9108
20883
18229
30848
72287
19197
85813
21479
45414
91300
48918
29860
63490
59851
44673
47108
38323
3316
51047
71527
30330
80658
8124
63827
93093
63077
63995
36198
92200
95493
10366
47802
61340
70965
84182
73951
70878
49433
4408
74501
15517
68603
66748
29172
79034
83333
92743
4475
54179
96029
16107
66522
437
92865
99693
90084
29248
12235
55801
68114
14974
13192
97855
18409
50448
52135
72640
13044
7221
30465
29348
57142
56225
35440
45111
18317
16896
32474
48129
33262
37018
88965
78420
27487
35163
24737
37998
3842
86441
18689
75367
86138
90504
6691
44536
98262
24915
52568
9486
46988
26435
27935
70259
85876
93484
94454
76487
49198
95602
32342
79992
21277
82724
2291
77620
58847
64667
19936
6137
91121
65896
43093
13259
75631
47828
44444
18581
95716
54447
33906
23845
21724
85754
24029
22019
76392
85001
7215
67538
31704
37174
78490
49662
48948
66304
64085
35942
40406
65546
8677
12131
30562
19654
59176
14968
48102
60071
99862
98931
59850
73846
98363
35572
91872
49627
44166
83025
72670
88941
50193
59558
77183
99088
86949
62330
53944
10249
44508
13079
75230
48036
20098
22363
31904
93358
24414
59499
72487
82689
96187
93341
80467
31942
65402
51869
94696
23578
61812
61489
49085
65598
62949
26911
9923
10146
72884
24815
18487
2622
83959
87826
18900
24947
58578
96128
6823
30458
68735
85349
38742
16485
96145
42579
73668
36919
68332
82082
36171
70375
39567
22534
29740
16278
29550
73727
44466
19713
43523
74613
67771
70099
96625
3340
85665
81746
32720
35849
41275
37944
8603
75206
63452
90722
867
71626
34378
63950
96599
83344
34553
38514
83866
29167
17858
14800
7384
88990
50656
80510
61049
16407
88165
61254
59380
85558
20062
69840
78794
77521
36846
70502
63951
46216
50165
85560
11064
58716
50174
73082
66263
20020
51635
57824
4144
645
14200
39083
56133
43182
62712
80476
69416
70084
63102
89126
9191
18997
34736
56274
88659
22902
43685
85760
97358
9024
10103
19850
32515
23481
39214
33748
35531
75212
97610
42457
21537
85694
44377
80188
80003
5173
94499
56709
65327
38317
62018
33750
72707
8706
77237
8670
2699
38858
72414
85141
71558
17422
54847
25960
18968
77947
82502
52296
89584
45304
73894
32526
70582
80393
97822
96691
952
60129
4557
70295
1134
21564
91535
58019
64282
86503
58794
96856
2213
56078
19301
48570
15737
65776
55413
24757
87380
23623
1813
49262
78216
12494
96567
20789
61812
22044
86793
37630
87974
2982
23636
48947
56531
70156
86881
30868
74377
29773
98956
68854
67766
81616
16280
69854
1701
98905
66708
19540
12446
56608
74489
3661
15869
87775
62821
23668
80193
71055
80013
32567
66508
74041
27354
30795
53913
25890
12373
44783
18301
8278
76620
80171
68596
54874
85602
73119
21555
96664
57380
30158
45234
9493
32360
27551
69928
60718
63670
31118
36842
727
4682
28193
75376
37990
72803
42937
38151
95045
86047
24207
96197
66163
90391
75203
57370
22285
43906
11166
50213
39166
17620
84282
32360
50740
620
82421
58089
14487
6233
85277
49530
30520
28516
62341
38072
54046
23291
83024
95399
24594
76585
78250
6418
32332
3452
17923
98894
19660
35232
13744
27992
63491
92832
11486
79192
37253
82172
29522
14707
9690
22947
37495
45004
76220
94764
30001
99950
70274
99570
72669
80483
82770
99328
81751
12686
31376
33930
74662
63774
51423
22945
38480
30465
51638
57311
14371
83631
64128
71648
94829
11156
3112
18220
90486
1704
98075
47791
20985
66086
93045
22077
56480
55573
31420
25485
15386
3574
35278
94830
98205
53046
86906
8569
91427
90100
18675
3403
64016
83076
91054
88102
35384
26218
67911
63431
49650
216
56743
54818
67230
77723
8100
39136
77013
66598
31705
75781
14840
96880
39327
882
26048
45925
84571
20494
77502
75264
52450
78500
70726
22803
98038
10466
73848
19040
3002
56801
40275
95139
76993
75583
31371
13479
87931
18616
16313
6820
5311
69555
6291
98743
15243
23162
93434
20200
79320
23644
82379
26788
22136
8322
83403
73266
6167
73876
12647
85761
24502
10486
986
57823
32843
70633
5607
71523
46381
4743
28357
25877
90181
84384
53851
34313
91757
60421
79146
70918
50292
88961
165
72774
62267
32856
14136
71906
79300
12109
82202
11125
20484
49895
39367
90202
36036
46248
94795
21249
84875
29731
17742
59767
51339
98500
90866
53430
20061
81947
8449
13473
99136
75327
48375
12607
6612
66307
64234
80385
8176
75495
30049
64529
8320
31128
54562
52969
642
45630
7450
51424
77677
78928
94805
61208
78899
78238
19034
86513
67814
10017
62542
50424
2024
26960
46353
34432
80198
74232
48633
2626
2101
34046
87633
41612
53771
98280
38380
53175
4517
10640
46313
6985
30338
20094
76781
59826
33199
95906
36364
856
71687
96680
15190
17636
82283
19429
35802
89948
10250
91288
86206
7011
46553
44960
69916
51898
17055
39228
20306
95855
29632
89557
85801
96705
37494
6600
98079
30010
32179
2950
85830
42603
97881
19837
40588
72755
1857
4655
43144
68202
45959
83141
17540
86089
65481
79085
60165
86208
34374
41605
38626
76890
91974
41280
6535
71511
89336
15382
73582
66730
27910
70244
79963
70795
85328
50654
54156
2902
55466
6805
96882
82070
22601
28856
52871
66825
38900
35441
6067
2516
82247
76970
71599
58400
92867
22281
57945
7952
24405
94137
55326
1492
52548
76142
56868
68339
84631
21741
22016
5182
33149
30577
60669
79284
54267
61745
59355
4625
72154
71171
33396
70314
95494
6914
81781
81929
19421
24910
47670
24143
29941
46020
96842
67976
80134
13023
87929
67332
1008
37221
41289
26827
49159
72607
83641
17058
34671
96122
42954
78234
71493
58980
14597
50408
81640
43250
48019
86685
23318
39035
97764
23413
24030
2201
91317
10508
26216
8540
85156
25401
75134
90848
94056
1867
53661
38939
53882
72095
23035
21338
77469
16575
94749
99747
88737
90273
94720
27424
3476
39144
31919
84193
42221
64708
6168
30899
79584
11991
20186
70088
12477
18997
74786
58337
53129
49138
17878
57061
75810
45962
78036
7976
7520
96430
49208
61604
92066
26684
16423
24282
94825
25857
9379
68619
81734
64117
73593
22210
8571
76541
9301
94642
28289
25979
46750
80849
62451
84007
13880
51740
39565
52425
49357
66808
98456
65971
70684
42605
61717
81717
98682
8935
2042
69831
94392
28702
52404
40564
60799
80073
65021
5105
31714
6920
34665
68406
99482
30922
41729
68107
20809
79279
32336
75012
76053
65538
12289
63213
55182
39876
19200
94969
57855
97306
76080
36564
48644
63524
61437
2088
54246
98260
22363
42804
95115
43970
3071
67448
8225
28343
73614
39492
96197
31059
4312
68212
50640
18553
515
22505
89430
98891
61016
55636
26285
79566
46468
13691
3369
29171
90133
33695
80791
96356
65255
15936
78692
68322
19705
68188
86666
44295
16686
73216
82585
21480
92292
51053
61346
67884
76177
33754
6711
3696
11232
56221
86984
79512
26435
85109
30603
85194
68146
22163
4770
44755
36999
9066
96853
31667
51823
40665
18500
78966
71440
4525
21736
13183
22757
93349
83378
29854
53994
24191
84754
66764
98880
42438
85581
35472
36840
13402
82545
66008
84908
94105
74258
81822
75157
32607
72296
66462
68233
27287
35959
44172
57560
44568
55710
82943
46829
65169
55585
14189
48211
13597
60486
71937
43521
37465
37005
14834
89146
20417
3344
45470
48909
8965
25243
96645
50564
8619
57139
36927
37865
46981
65912
74426
83929
63259
62050
41150
70741
30413
22224
91847
78530
46926
76705
29531
69568
83720
80922
3845
69584
69931
52578
70684
49318
38105
70336
84938
45912
54039
33609
27061
68569
61316
75800
94160
16631
21937
38982
59588
93623
56875
65457
95646
87636
59774
55580
37548
55351
21146
44819
7159
21481
67165
52624
28564
6973
64669
74723
53047
47110
9921
547
68009
26056
31974
75875
14694
71913
53535
57602
63616
62889
4179
35637
97590
18967
66119
32508
93012
58726
78779
85446
42173
23746
50741
36716
62
98711
49712
21261
55163
67689
83098
27570
28534
2207
11371
56894
8216
28827
76509
21831
79125
84463
85715
71863
66324
58090
43207
96061
71996
38107
12535
25212
25949
32469
32698
92300
30286
92891
51512
8493
43806
42897
29529
45391
19653
85961
10961
48729
14142
30185
69163
61974
75774
8736
173
25535
63296
11491
7312
1745
59722
43407
46539
26646
98863
7292
79955
88505
94435
29747
19814
46847
80585
84030
51394
54479
22346
81489
79432
89831
75180
40612
5057
61059
93729
87302
82810
17894
107
5447
47642
65448
69571
68854
64501
88990
32742
59647
42001
28493
46312
12003
20904
42604
46644
18226
62514
63780
13368
61402
36870
45129
23109
57610
20712
14629
68133
52306
32606
39493
49333
21967
8737
94558
17278
13128
31786
50984
51428
81443
5851
63116
98501
92155
97575
98327
80
9439
72095
94991
52439
61816
99898
82290
11610
67103
84870
99086
12324
32419
63930
13824
58327
51891
61229
22252
92624
9197
45107
30667
14251
39727
80154
36205
29547
27351
69612
49530
48570
80276
53463
29850
29270
31034
63113
41742
83338
40514
26975
80935
47893
27747
15884
65463
5367
602
64462
27612
14738
17807
98470
72301
13543
2083
89422
97906
10730
80191
75469
77784
58159
57074
27658
30026
36636
47027
56909
90169
60882
57412
32674
81252
4368
78758
1610
98408
90449
10256
21566
10299
27044
82436
15814
25294
14670
1221
56169
8205
15039
59452
67009
95712
19190
41064
56748
41178
47393
64482
97607
38337
28954
63964
60626
98063
17987
90821
38549
82353
32935
88244
99347
19957
9196
43604
77243
1284
57788
90403
13797
88172
38106
39361
9643
50810
51184
99475
55834
20767
28821
48630
68167
21795
63326
59888
20025
66119
37384
15380
95945
80773
51163
97317
35889
65973
59038
70370
65897
77788
89540
5210
24269
56177
30451
81192
17195
44823
51520
99110
69042
88931
98271
57002
39931
84942
17338
73962
60798
24887
60807
20593
36333
92357
93403
94991
57461
75866
36654
83712
39097
50805
5923
75053
1009
38930
54803
47875
57387
61159
71233
7705
19326
7548
85109
71225
52831
11718
44882
11180
71460
62358
19728
60739
13110
80038
71589
12152
70832
38790
27225
37482
35652
25871
88077
20365
15333
83613
73453
43525
69265
89721
64815
37025
71654
78886
27160
46553
65621
70162
87275
47428
53309
48060
26740
15172
96673
83281
6481
81534
36615
87771
44345
42477
70998
12387
56133
23860
93403
36313
72189
34244
34529
61374
10726
71585
60685
18992
35084
11941
95556
12186
298
10220
62039
59595
67170
39422
3206
2858
88446
16297
88267
23607
45797
32469
15446
75933
17610
20449
86658
65307
29237
38992
49309
23750
10706
7758
74456
25613
29093
27284
31484
32295
95250
19221
55490
68930
7787
89111
36539
16905
11776
91314
76879
51251
63151
57370
74641
42178
10202
65098
75938
85256
71027
33341
57171
46027
50191
93403
78708
12552
57182
2103
20271
32769
60105
39796
66923
9265
73696
31819
55821
85020
76501
5480
61845
57475
94095
22903
49673
50973
86923
38533
82907
37779
64633
69862
42620
40620
20256
83485
69919
51074
50590
17125
2936
11950
20621
19523
11218
91016
33598
21386
12209
74705
59660
35501
20071
90189
22531
61302
79439
24889
82656
84748
38211
66251
32691
38230
82105
75820
84107
37898
92174
28883
34093
28934
37320
25104
70368
41436
2438
54396
91074
65518
34100
9570
46221
60579
60294
18343
55229
11064
40245
64127
76873
3620
35025
28568
39065
77428
4072
26873
23470
21521
16401
34748
87071
51966
70592
94710
89127
39327
78265
97669
18996
85604
38869
49516
67746
30742
55332
20994
23843
98256
25983
33808
74441
47641
84063
11619
50728
71579
15840
69824
68133
16243
11285
70932
92089
66776
94577
84098
50537
78815
74088
92934
78024
73715
40712
87611
81980
31603
71593
45619
56703
75659
63123
41949
4742
82399
84788
44031
69374
10565
29460
44772
9184
31533
2307
71819
3905
37401
19836
88971
91382
24862
13700
90269
78077
46077
54443
58098
52554
17310
87790
65373
42683
6688
14923
57148
88039
80289
98188
24247
24776
66859
40598
82130
95070
38989
38050
19204
19630
43230
28449
78404
45666
23086
5595
66711
21303
44863
5665
64257
59152
18924
97398
9438
18122
14446
27789
36994
55484
22851
35427
58397
34888
20402
26539
76755
28036
6926
99110
67832
72227
78826
96586
32876
41886
82572
85446
8698
95667
10264
56107
87562
97716
70004
24020
46504
51485
6399
92938
57124
88149
30193
79655
80498
6328
65378
60006
37491
31804
71313
51342
68480
27738
78592
35051
77349
73061
74645
80423
55487
84955
41017
9189
82090
24123
24016
65149
81380
36717
46637
88791
63361
58802
97674
52131
51122
65285
51233
15208
94652
17267
20053
96172
48038
52971
3807
80868
74383
25718
71641
33937
67024
72435
12603
93869
75961
21810
80997
91172
84717
20470
35776
53734
47258
20724
47659
10812
18592
23449
40056
78409
9304
69736
99688
13766
88254
62574
98454
96232
67199
13705
64078
5503
9165
46410
90976
6400
91082
1257
52773
32701
63225
45392
4407
42016
97116
78398
41065
72618
68046
45890
93109
48475
15598
72895
48370
35894
42663
60689
80550
18683
47372
38869
26412
96489
92421
58330
95522
50825
95270
91532
38697
73898
50572
7470
70099
90801
31682
16356
59169
63302
16885
66872
9549
38585
7754
76783
48963
93197
82940
68971
79461
64819
81396
49915
56243
74537
59611
71384
81806
50864
37934
75052
73071
78919
22814
41110
66801
64972
94318
40132
10763
2387
16784
30004
88538
23966
48726
93797
59108
73900
46105
96189
48549
60468
53500
24181
86859
26054
9427
83578
15250
28362
88826
76925
42252
43110
11359
28374
65811
42662
74209
96989
22395
61336
98212
91716
21980
23450
60022
31293
42140
59618
36497
67291
67811
16483
75196
61934
87893
61117
37272
