api2_id
31473
87980
50059
81686
26449
32038
81923
95784
615
61965
27190
38209
6661
56866
34757
53880
88363
77222
47586
6866
24738
46569
53452
36192
11829
84290
4123
8664
98466
55428
83162
96002
31593
67568
74750
23832
95369
35149
52638
91035
741
49657
50847
53494
49160
52086
1467
55912
94237
26028
55289
23004
87156
78809
22349
56497
52562
25934
39486
54843
7314
50424
89203
4915
37720
62965
61564
62797
16436
11115
40285
32158
95790
5392
45721
20519
20021
3424
27925
7408
89937
72211
92910
71450
3070
22733
47278
57489
47409
27311
3433
59179
74844
12284
75901
65337
15342
15297
66048
40459
34808
91551
43218
23368
41440
17221
84737
48474
42264
45846
16709
66903
76210
56011
39242
91559
43558
82015
9878
1647
66990
60447
33108
48244
69522
59040
37773
48057
42609
52293
920
79894
73168
13325
94864
66482
44460
42746
19835
35909
39749
99469
60663
90052
60980
18658
34861
57605
26235
10362
82846
13568
77482
69992
96622
50299
84694
80535
18934
91274
27530
47535
1294
79473
94214
90065
77997
84697
3281
22300
91216
9936
24171
49209
36053
59343
42616
86766
43016
22662
86086
74192
74467
39197
30885
98812
69661
48733
18397
46472
63774
17771
86604
65208
2442
68473
30284
25916
21909
6012
69474
33537
75846
53386
88954
8238
77552
7853
25975
62322
79421
50027
87334
19617
71959
47490
98163
95491
67969
83221
9549
28888
49664
84190
60389
95381
33164
51572
11649
60613
96248
77264
61446
95504
302
53010
17985
10948
69071
48788
71821
65007
31954
16801
4427
53951
56716
51148
31398
98716
8404
32891
66881
42970
29612
27680
76660
67213
68292
20311
8415
38170
17619
72121
85958
60636
44714
9743
54095
93073
11991
87998
85325
40491
86678
48158
12342
33155
29674
62219
69519
42632
56091
40658
53957
90061
75522
16190
95307
12078
87964
71564
68710
81334
61490
50120
36445
25780
68989
43792
25933
75365
16948
30538
32282
32345
69402
88647
15262
85827
6977
41176
66317
41187
99252
69287
45280
11608
20243
17795
6761
49836
71108
11318
2817
82652
22617
854
30545
11054
5996
92961
62819
62260
63399
73932
56145
9800
11000
24374
2191
45973
73435
71451
47638
73092
77521
98232
77117
61264
92217
35621
45172
39100
1258
79019
69719
44021
18521
45226
96954
85171
25280
45061
85141
39303
82851
33961
71755
98080
29786
68059
28907
8830
57371
65277
4576
58068
58557
56244
45379
84773
55113
16520
53395
37806
39348
60305
54995
67007
97147
52813
61058
34489
75174
87563
21609
73264
69476
85743
86715
10534
8025
9552
17087
64335
15125
78102
57862
77704
45365
94232
73736
16366
50963
15611
73465
24815
90317
77627
70076
15452
70352
3597
18651
34921
58377
3961
74715
7669
77613
92176
43237
23956
73856
49320
66252
62628
8278
28150
90944
15326
67496
55485
10924
69226
71600
87573
43188
93314
34760
19388
83680
88400
87124
67818
77232
69283
4226
44437
49487
44185
85928
526
61610
44262
12593
33009
64589
52985
49513
182
46231
87227
47631
50742
74269
36643
28333
80459
29504
11402
70835
7120
92291
66455
99676
26584
86735
50658
22616
51901
36767
38350
44183
51918
72895
24497
16865
1701
60054
18614
38127
46096
67841
54060
66298
61974
91205
26957
58299
44306
44123
40984
72519
89031
41438
7007
62166
96414
9750
91287
45904
95213
22859
42802
93660
19052
46822
57035
64277
77825
76989
59832
36128
45975
29295
22198
71071
95227
22266
96622
24901
39943
45661
63524
54745
36473
47000
14693
84304
10766
26657
30390
91201
30828
76926
95490
61490
739
9918
16221
69799
41310
72170
2677
95358
2722
28359
27634
63606
48842
36231
12116
92893
44360
3481
57563
19319
39661
77496
2353
29711
79253
73806
66590
35034
19118
38339
37661
26263
44055
60562
94080
57869
75623
93665
28094
63351
62703
96
33216
63189
17908
24032
84154
21521
62484
64113
86801
84300
81398
5950
31241
7126
1089
58191
28576
50470
59722
7292
41932
3506
78282
59286
8168
6548
34742
75819
80907
27068
7831
43906
67304
40992
24787
18629
24392
19070
1462
78288
93491
938
59314
71209
23207
59109
61047
31279
38225
85414
16005
17023
8206
30830
32223
46993
92357
74452
25886
35984
71265
14981
21274
71016
20847
79431
54506
79840
50459
39183
2256
97656
36993
82429
39742
31900
57896
29194
68271
13467
41481
19938
55439
37054
22006
24196
77472
84527
12167
98703
59645
87058
10545
12966
98019
28616
66286
58929
30066
86225
82614
30101
14850
89248
79963
3093
77361
19701
65150
34890
94268
184
86177
45192
15970
84252
64052
70517
25000
92447
99687
51026
79919
12393
33778
30086
32925
23267
87213
83646
19045
78205
64199
36805
57123
16466
52541
83955
4201
87561
39893
54689
70632
10272
22411
61595
39810
54850
69484
3406
51590
69551
62076
69131
93870
58616
14103
62373
39605
20958
32520
80419
96744
86824
26522
18498
37805
55031
7011
36574
4646
33983
67860
11833
5095
39560
34621
75790
88012
69230
57568
87889
89588
63928
23591
26733
7451
51711
35523
13831
9127
56924
34096
50943
95435
22437
44959
11516
77716
2312
10753
54115
23794
48401
35109
12825
55744
52199
22343
80271
60443
5612
96514
68677
81557
61680
65352
50221
54846
95001
29274
65347
96084
59956
85534
97867
73883
42746
54461
85715
86296
90693
46544
42051
48933
93431
19715
80186
96594
86514
66041
30339
8196
34495
39028
82031
36365
56312
63287
25580
13086
43219
7807
20110
24924
35282
8351
70052
20130
55604
78450
93442
88077
57654
96283
94447
43562
90558
72656
25614
11205
57457
14575
12420
85995
72474
13404
72214
98099
71066
25770
59981
36265
17296
59376
3154
96554
67260
31528
56580
34213
20018
54475
52086
53192
55032
59896
51757
90353
44861
94255
70764
31839
94654
4801
63875
92217
36195
86242
9392
54403
20567
28017
48703
3514
24052
20354
2473
48689
63813
1944
8630
8977
44692
4537
93248
85191
87795
12065
22446
65781
50159
39158
22873
53852
76768
74161
14883
69524
67736
95268
82001
75099
27980
93172
61555
25058
1600
49822
32786
3095
78931
28407
17191
62944
39057
51856
5845
76792
47998
45305
14684
6766
78112
87651
58412
5039
66169
28689
6069
47807
75252
47213
14300
47545
23811
41439
21199
38637
193
23812
31810
12622
56974
51029
43798
82739
23701
42324
57121
10370
34940
91526
44420
6962
55017
73996
12024
98654
7480
13081
49712
95802
35687
9635
99504
62592
66953
27921
78771
77859
73634
58296
29842
30824
36122
64055
50594
85212
2099
6480
53490
98298
98945
82765
55205
16178
55376
76952
43898
2861
71046
14258
74413
13082
74322
35229
17256
66180
75364
65894
68497
74693
90525
1553
23812
56920
90145
39899
53425
38438
35446
71250
95588
95309
7521
10241
41017
3221
42819
88589
25709
14318
78688
26292
70976
89163
72510
82160
94117
16357
734
30717
14666
74717
69000
85166
73629
13235
31514
76273
96444
3652
7188
79311
52591
46097
9985
61213
45795
9444
98028
96242
30970
17343
76851
53842
57011
39430
25257
99119
52022
98807
41482
53893
74976
86372
15564
58287
72759
45884
28392
72196
452
52806
97280
43918
14480
80395
86709
6016
27607
79492
67658
56840
32026
84941
95129
16961
24189
82200
55651
18201
9106
35766
51177
81456
49420
5090
25775
31889
31840
15473
10641
66929
2255
19756
33854
39324
40281
91692
36162
22966
7672
66823
35208
46174
50936
63968
67999
5072
64164
68253
81583
74552
77376
88746
19141
5413
59178
21639
29175
10410
7473
47001
66796
26266
1465
47389
95080
70400
67361
2588
24338
96590
1335
92097
24967
60634
71985
24908
95063
99195
84993
67146
69016
58485
97935
84856
30835
66972
48558
57121
33287
12659
99278
17420
76198
83860
45750
95468
87557
20651
41028
71088
48798
94662
26999
38173
40935
36073
93867
10298
87345
1735
95320
82810
76990
28999
61462
95553
8822
12694
50842
97109
92006
37716
67984
75783
92714
5365
25828
11327
37235
88643
58624
92073
479
48362
87958
45524
98184
24450
56617
14368
70259
42088
68092
56850
87326
87575
42392
2729
10404
2867
75865
56462
87379
88309
61611
91781
81556
36542
33150
35966
96861
47411
8661
53734
50902
4604
72233
42982
33538
64891
84612
50996
9461
19376
97420
77635
98744
22873
78744
62590
39646
39623
57284
19087
9181
43683
79769
79276
60838
34287
58985
95135
10091
23875
23026
17103
42647
77505
83133
19547
81973
62954
22461
17511
13282
87108
39407
60977
24303
3439
22203
83833
12291
60072
70902
64425
52568
59391
80694
35131
64884
29236
7683
88164
90499
70925
99231
61279
48407
79542
49116
79754
42849
1433
81804
4457
92047
45138
61966
803
68398
22689
41104
74305
65095
40357
79112
3828
72422
92769
65523
34343
54128
5121
49818
78236
56431
75203
52097
3600
74276
20496
72879
16468
96258
5877
90082
8340
69256
47976
49478
16278
24215
81269
68512
74970
26523
47243
84092
64701
16908
17727
3830
83220
50010
62517
33148
99690
68016
17383
51602
67563
86787
17003
34341
53862
93671
35163
57983
98484
59912
36302
70579
19969
73752
20255
11402
22446
99423
98019
61407
48093
22029
11463
60384
53202
16380
51696
86156
68158
76173
96437
26899
150
13948
80447
38384
24874
59720
88060
19472
31040
71297
6496
86184
51222
87811
61800
33337
77620
54465
18654
17481
34856
67475
9900
57449
80635
91785
4393
66130
57365
20066
60278
86874
85133
84287
67339
48082
52867
67086
19829
41057
48950
4439
95959
10951
65768
74963
13550
7283
22076
32375
26043
70088
24877
89696
55322
49354
55555
23377
73822
50623
78729
37978
8664
54585
1895
1137
87532
15788
843
50713
55762
21918
3061
93850
1140
33508
22893
70760
55271
76638
97104
17295
90688
44132
18455
98213
64115
56965
86414
74793
3824
63052
36417
23790
93043
72183
75229
36114
95568
28242
29214
69581
93094
50803
85368
29056
12068
66244
31884
22113
37138
9721
44161
84648
27612
22225
75997
86770
5497
1353
7321
36754
74537
85138
24221
4130
84300
50091
78758
13267
94768
40139
21935
57896
19468
69763
17478
70168
73676
81082
32245
91268
95845
28334
16135
75170
60290
62828
20255
55416
84676
77062
98736
35649
35055
66367
41461
85809
68711
42069
45616
47228
79145
65141
33478
73002
25059
85315
8463
13626
70528
77995
34755
20855
16403
56509
76600
42798
79601
9328
38473
62339
8382
51218
57643
85062
34792
70667
75083
3823
41728
9177
28339
33723
13956
25935
19036
5754
80310
9700
93387
56111
87487
89086
22304
22685
21953
86331
48340
18364
88306
34952
41681
35960
60391
38566
1110
61055
86608
87329
54338
69788
25357
35617
13824
52123
41148
96355
39172
52565
27722
2173
52419
71721
85839
21996
62053
10740
39737
8180
42992
88648
39148
51767
24543
43149
70937
52491
95326
80133
16167
34528
20318
9113
79905
64138
20591
4477
69941
11856
48200
75697
98383
68933
87101
84219
61073
15728
29456
27892
44680
11648
12720
66102
83803
88475
89258
31324
38228
31086
52461
50916
73383
11616
32121
57548
61143
57353
69813
69226
27596
6664
31427
92494
58024
79215
1831
37314
66890
85290
75620
56549
79800
72464
86514
98576
90509
54161
94231
80477
47832
92082
22670
78552
7204
64426
68584
92313
90586
83913
79432
32066
96319
11608
54536
32914
72076
46508
36580
12778
87089
59389
83585
76815
64167
98555
74679
23872
28644
35704
76630
72546
74044
90505
95719
8929
59473
76220
89025
53190
73142
54464
2830
1119
13509
81571
99527
76806
41343
56014
52794
92223
4434
27429
18544
4777
10150
88469
83372
81990
25023
7370
12040
92115
12420
85001
40088
63644
40496
40688
54709
28729
98929
10181
71921
19010
97572
53126
93048
59045
10885
52032
99754
64002
52163
57854
9295
34318
13465
71444
55003
32653
85483
27155
28203
38239
39320
85583
46382
30582
38969
78337
58662
1972
52998
59902
71389
50246
76603
6737
42964
60517
669
85412
45866
51525
19127
76538
49405
45598
31337
87464
68126
29813
26
23171
91492
25780
51963
43904
29235
34224
182
71215
58327
74260
8681
82560
64220
33541
77578
92701
85923
91782
1876
42561
74501
18800
94996
93317
39476
74586
47295
52516
94432
59149
32014
38641
2928
54281
66574
33612
79863
80280
27386
31926
87943
5547
57468
86213
31183
79399
31909
33610
91629
41324
98478
17410
50125
67018
91840
33776
75700
90765
28211
10032
21754
65662
93553
13904
26326
74959
47700
19829
57598
79663
42846
50536
56496
2520
22338
65541
71874
72942
93507
31181
87559
87350
1940
91641
56572
82093
72680
8871
84649
68170
77813
4021
75937
19564
4519
59470
99930
70209
83955
53350
41424
86684
28240
61676
87444
87436
2622
65814
76016
45303
82642
83885
35012
13627
44896
77043
30894
43687
35261
91654
16083
40308
18626
46189
78259
80677
27922
93105
73673
69250
50484
3137
14154
66551
10222
73852
33719
45124
38032
72245
13445
15533
40391
32633
55876
38777
36049
39286
42747
74020
87037
91541
49167
29848
56153
29724
63026
21579
23119
47758
55089
25044
23394
70675
30334
26506
87151
11367
5526
16090
82547
64046
94038
29206
27773
88186
73041
28814
60280
52257
28003
88296
64652
37882
94562
14268
34234
27053
85836
32902
44932
90122
8740
24649
37733
42167
85274
59723
74555
1097
56407
40686
26207
74327
79353
71384
31431
48308
79005
67249
52219
82298
81866
58249
20880
88040
58086
17947
8161
85279
52432
21963
43446
94221
37056
78360
89496
66720
36604
32662
22331
59435
71372
57906
85639
37084
1745
81802
82495
74917
5805
95070
16427
41405
34689
66079
71791
64966
96728
15426
7147
64159
24927
35236
22074
14884
81205
26644
64496
38437
33270
95412
34057
81546
14476
24932
54374
3733
88067
95616
51880
49609
50000
4555
94754
1120
45763
47031
57210
78617
82584
59960
4876
39745
72777
18953
14256
77326
7944
26774
98280
97760
11079
23828
14016
80294
51699
8251
47380
78965
81022
35864
15761
58964
28727
97328
93115
7596
94916
59918
46114
97909
78466
17215
48224
89154
23309
3006
85323
46309
99897
789
24247
29468
94219
78759
57864
98197
55874
4222
99079
22161
10432
53385
51745
57381
56980
70439
36582
69973
59680
67444
1125
31308
63730
2488
71367
50200
90303
61753
54596
31180
65119
18092
3369
98765
75781
49145
96830
91033
38268
54723
66198
25968
29557
46741
129
54911
61876
7940
27231
96737
27968
44455
32737
1240
44222
90549
81689
3053
77457
18868
85371
11877
641
17575
86679
66464
9444
63192
27203
13142
58499
43051
4775
11906
28510
81673
25105
13031
25307
10289
697
42090
13677
47571
20527
83481
11370
65113
43242
57612
86930
49269
1505
96392
21189
75569
10541
43432
27644
97548
63511
44924
41766
53575
45876
49865
76928
29741
5974
34657
58696
10892
8624
76016
26783
20908
24899
77370
2451
37350
60057
25306
26790
81672
84050
38332
53663
29266
13521
93524
85954
87101
11916
91029
7757
48065
58430
84702
33562
19414
7884
3006
75489
56212
72046
94521
70459
96816
35783
6990
97854
88186
53966
73440
94240
1630
30930
56673
9323
84247
75608
52198
22767
45496
53424
63553
58734
91710
18614
36085
18732
78624
85123
9209
93748
68179
55185
44928
83817
60029
75480
11224
94660
95592
31506
86140
70321
27654
48834
93753
78021
87187
73058
22234
71075
40836
6901
56457
19888
11451
46873
61742
3630
92911
77203
26644
20689
45572
44035
34242
78717
30765
90161
27704
9578
49488
10474
15788
57138
12460
58491
90652
80283
77624
40731
86766
84469
59505
28552
60845
17075
60663
90703
99370
589
18953
81499
56366
43213
91386
14367
88725
39417
52290
86422
9387
55072
21713
47383
58988
14304
95016
85119
20844
47141
19506
89612
67168
52928
57838
15749
74410
45139
66516
96539
49168
46966
85967
23175
75465
49037
25448
51849
85120
58546
60418
92413
46415
28495
51742
70585
29360
71724
35119
48697
40513
87313
15428
19632
63510
62387
8978
17434
79210
82573
92905
49565
53773
71300
45392
13478
33623
32015
93390
92117
29605
22165
83758
40156
61692
39785
14008
88888
63491
92449
52480
40226
95785
40235
18523
21598
93615
87145
7875
37808
39150
71869
74996
81444
86035
51470
89830
25550
71894
1099
14984
22333
19380
24004
49181
2310
86678
70943
69708
37925
86993
42551
19043
98829
66453
35813
31492
28439
23542
91847
87307
36947
38103
95337
39578
88921
91023
44669
91614
88439
67444
54529
49664
49670
31334
38767
97291
16187
61793
56333
94699
11734
70210
26155
6321
95897
82767
61293
7776
87483
85284
22118
48414
97628
32717
55586
67817
26280
63544
72268
8105
85128
73089
72892
83044
66039
80645
76658
51707
13989
90741
30104
10671
11711
34498
60033
74402
80964
50926
98445
66727
81986
95987
41737
12391
87846
21164
21728
22826
80593
16800
34123
58785
27243
36698
43168
8629
47596
46520
66836
97945
689
59784
49180
28546
36924
86749
40353
25644
5062
22396
11200
1244
4572
52079
71255
59408
42206
82736
84390
52508
77750
68116
78956
96861
28475
70700
22968
38523
80401
267
1811
38209
95404
85643
90389
42373
89900
99412
12346
49258
75841
70113
42105
76839
17361
87770
70671
58318
69877
93550
3947
40271
67611
33003
39444
18737
9243
63395
88754
92651
89456
53604
25858
76663
21395
28029
95612
15974
35425
6985
27267
39236
36299
82816
23670
49583
50666
53359
6014
34658
64912
29648
50265
62015
65163
62745
61598
69243
13470
49161
24562
13422
28610
94822
65228
95287
6941
43694
57336
62288
91595
70017
84495
6754
12790
47436
69450
23396
22652
50365
45532
38797
57211
16141
51633
40319
18883
82391
81311
31064
44159
81009
69757
67101
26793
54729
30189
74117
79936
16825
6392
30895
61753
25427
43277
99731
56832
19030
97927
22985
11294
18810
92325
80122
63576
9626
6485
25425
77213
48323
18393
12361
12416
9559
86249
38114
32572
22079
6354
88158
41836
10588
51584
99712
86885
36312
27065
56588
76744
78785
68670
30974
48049
84769
23289
26952
19865
77590
10202
21554
79702
93166
4821
71809
19103
56751
14804
49309
50695
41672
66516
85756
48374
82416
96096
39975
58863
15516
91409
37534
51014
60675
24286
41445
16489
89407
85745
30458
78478
87260
88586
18816
33232
58433
31129
26477
39260
25069
56688
90203
11569
26745
44426
57680
82199
45176
29369
36841
3846
80981
20125
25830
81951
55302
44095
1741
55517
21367
53316
31441
44436
35162
22918
57446
68299
48234
50369
93350
8274
27092
20458
39245
95443
17353
43299
88616
97899
93029
7198
66818
96330
5915
72917
84343
73828
19209
18780
16819
17295
43594
57921
82234
78051
25287
3755
26034
12189
36644
18873
65866
21560
1999
78691
22655
22183
3519
76228
57717
26902
21608
71617
30160
26193
15753
10755
32632
98846
7592
75674
34662
80274
7319
4428
50903
60331
80866
36346
64340
58660
17435
36262
70768
46797
67384
27532
83701
64312
26866
80376
69984
6804
67122
59736
10834
49856
91857
38255
19353
73071
62503
47154
22755
56120
27516
57208
15324
57276
42167
81438
63508
27525
46752
61757
25163
93546
44520
88810
61620
64553
91573
36688
85240
18600
3961
22725
34771
80074
96336
61285
85343
9591
63127
44327
75898
57269
20861
99712
87694
5515
58689
4622
78416
53284
20512
39622
38766
75435
9652
60996
68476
89772
75741
42302
33481
42838
75821
22728
57197
36801
92500
82416
74643
53257
33278
96009
23346
57957
60908
85075
35623
42433
3441
98238
18760
28107
27257
28693
66125
4515
32331
36077
52355
73456
5405
36541
23493
64773
96417
47597
37880
42893
76089
6915
6013
61705
24673
75436
72764
3334
7151
57737
58663
79993
65872
10549
83648
12152
48278
57125
74553
77767
31885
16640
50876
61464
9951
22373
91042
79047
61390
12373
65801
96141
96236
33755
59896
18067
74354
20030
80674
31578
90293
69298
5170
73479
90036
74398
48343
85423
57722
83292
80418
57400
22853
27961
12007
83474
50363
50189
59934
10878
58842
36300
28699
56433
74102
21371
46134
52689
71683
58920
40262
5240
52624
8561
15910
11481
95842
62206
39801
41933
92042
59762
93374
40995
71630
53474
16855
86807
87927
93841
39106
11136
58514
29585
42308
17898
53953
61469
67602
14404
65913
35525
96485
91652
50771
75404
12987
7672
15497
52011
21229
92534
25502
15499
28356
90928
18883
67210
83720
88775
72590
82092
95836
22279
20796
95925
55413
56346
69595
8669
18739
61293
59004
91605
276
88715
45731
13087
26549
84346
20058
4101
45167
17859
89517
55352
26911
68376
3705
22494
16344
91639
63695
59064
35527
47928
32647
90277
48812
29531
32877
60402
1503
18930
91214
49153
59596
46954
54259
6146
34980
92738
18229
88936
29120
34505
12512
89426
4599
99280
76566
12684
18924
38877
38098
60368
26651
62278
24474
75703
87855
54413
76380
73714
9618
86923
40093
71045
22755
70153
36638
71945
43674
56425
88275
66348
10964
10948
99190
25794
29793
46960
40842
29484
20716
92518
70097
80608
90517
27053
6135
90397
47868
38995
66398
3703
81570
78584
18860
57754
35085
70536
2768
45051
13254
71222
61763
12429
28399
60952
6734
92879
17184
62445
19459
17157
95267
1027
45715
85142
86484
34045
42619
67860
4578
42802
94149
14116
79859
19278
11395
23469
351
59835
63819
75773
48748
87515
65500
2863
66831
5415
75617
82705
5827
27788
82719
21267
80535
35455
11295
36765
51500
33446
99798
54053
96327
56918
5263
21439
85149
11665
83478
90106
35377
47413
88764
57289
37115
61122
76274
90317
64901
13017
76267
20965
28142
30363
99178
13114
62201
37659
42542
98528
50253
88881
59756
24757
40659
69059
79865
36138
60181
99563
82007
91640
88809
41997
50903
17554
16331
80065
97402
90171
78223
88063
88700
77891
69835
65498
9692
91917
81598
68599
88410
97644
81317
36406
92162
64540
7437
76879
6862
27911
35366
80342
32581
38344
72369
59450
840
51538
15184
622
47909
83640
87003
78556
55911
42109
2662
80168
60896
76326
14394
29784
57492
92631
91232
65345
10379
90796
3835
99498
28892
96561
1235
92156
38676
25820
51314
15737
11734
88530
92644
8406
78864
86695
33381
76491
39099
79704
10048
42398
16321
12963
61058
63514
19672
20897
97305
92863
5384
24378
96977
80614
29196
49310
82110
58244
63989
28910
28684
57816
53572
81855
71759
81217
49899
75461
9184
49985
3348
30052
65825
99480
59058
36357
31450
24663
2166
20885
9588
56538
39062
26524
46949
33833
36321
67622
53208
82038
83567
30082
29461
60009
50752
13629
33266
11488
97749
93138
56064
79447
57266
2475
97518
78988
68099
93051
22854
81823
87264
55518
19710
53295
82763
85328
88119
73619
76667
19007
21840
13987
20313
6495
88824
40950
3984
25255
73079
50783
60513
63674
59359
72527
18024
43223
74113
40051
94275
20168
23897
74549
28202
33536
53503
67960
71618
63890
56106
29554
6741
52273
73265
70530
3734
83058
13761
87063
22889
86109
65352
26193
28643
78038
34864
15977
39207
45046
34938
70343
91315
20051
99230
42272
56642
65852
61838
8370
22303
1473
45489
94795
45417
4737
80118
15495
99382
28988
34868
71718
67240
85430
17785
41695
54206
48907
10614
91595
74280
88554
85059
26708
33788
92893
65869
953
58015
57772
19372
28461
57359
87654
19987
23288
95236
95905
49501
46473
75618
86217
26353
11130
62557
36997
34264
53428
54298
39240
42089
88248
78137
98939
82732
69316
44549
95528
28631
4939
83664
81870
21611
56278
47112
93174
79074
24854
41297
38876
61402
95316
15327
67177
94762
2366
22719
94941
46055
36268
46143
27501
95020
58449
67605
22927
36934
675
82360
69168
90656
656
72802
65973
80826
69072
94123
99217
3667
69715
36370
19680
45416
64163
84157
86363
23434
57098
45384
55595
78808
84577
59899
65439
10517
10816
79874
7678
7935
59785
37774
67877
34435
89676
98171
47921
25254
25405
53785
16873
34366
18851
56103
96262
1765
62494
1217
38513
31897
2972
8392
77736
14044
46700
90539
35236
93232
69115
60594
53657
12762
25098
73533
45825
99481
86373
61915
78695
69329
89176
11747
81681
52439
53953
97420
97765
4396
80899
53609
78988
4790
44000
99102
40162
21999
24122
6201
19148
66584
99154
55909
94920
54965
55690
43051
9370
55913
31165
74807
60664
4878
94956
88101
42899
86545
13487
96943
80585
79190
18172
7399
42499
14017
7272
28008
67236
74952
9902
43997
81982
52843
42717
42001
76437
70774
20291
2023
69339
33995
8921
99747
91376
18508
50310
73749
41653
47662
65089
93727
52774
71160
98474
36915
37072
76728
33897
42598
40244
93430
44864
28051
79149
35078
49553
63787
47637
22164
21756
96010
17812
7197
48896
39948
16697
48088
72181
73225
2570
72618
66746
58308
97275
28734
99591
71976
52356
3765
35351
77557
75140
78587
44534
57783
88119
51433
19522
17728
94063
70808
8217
19836
87315
8226
29911
23460
78216
88525
13949
88248
98662
74576
57839
5127
86768
31060
30694
89689
82843
80376
43359
90840
39794
1903
92480
79853
48222
86310
96453
54562
77543
69857
94110
36973
76049
57504
17953
52085
47525
799
21000
29568
40786
55593
12590
18446
52789
23541
89978
81991
63724
72269
85331
68734
53209
32587
81263
14487
24068
26638
56277
62549
64036
93799
27017
45695
63641
45975
34558
31911
19057
19537
79734
17649
39255
88472
33836
51706
89017
99460
12008
93924
61274
57923
40628
11593
11988
33472
74058
74430
20420
56130
5519
68251
5739
49845
31823
52185
80680
26254
70935
16566
56865
87111
32777
34233
90371
27876
3521
46973
95762
51616
51767
24951
70954
32725
11008
36834
14859
22555
62409
43904
16582
43629
78568
2892
28102
18182
41084
56404
71520
94418
50211
90758
60805
27404
51631
51164
36880
4820
72227
17046
51706
28895
59452
44445
60472
95268
19609
72612
8063
48542
53582
65792
48525
86737
61335
28920
93133
99218
39738
5147
72071
36635
67596
20971
86665
19920
55161
90057
85064
30036
84594
80310
61119
99893
58565
13037
6613
83173
25210
39671
38788
25677
46931
28050
82200
4787
87682
60025
61802
18513
62676
75776
72689
27202
67935
16400
59420
79620
89806
19103
76866
60888
44917
88118
30971
51976
49543
31959
52853
12191
76721
37060
24920
35900
83797
15647
4761
27498
62624
12929
52812
17754
95120
87751
97717
74174
13872
21968
56658
92105
74698
7197
33590
93481
25850
61790
48720
35005
27846
64786
22886
2355
27234
2596
77265
76101
15435
75893
22928
51662
228
18068
29061
49958
27278
24059
27327
8804
61373
74609
5251
73932
97907
1151
74730
4054
55894
33909
17217
472
45729
13345
25681
71048
92287
2386
77977
67876
36946
69775
20133
82840
47903
54107
38420
90122
70576
27550
45344
18443
42752
43098
65240
90345
84181
95729
42735
81563
73499
98098
35016
40925
92425
59628
46429
88883
4323
9942
92635
55617
78784
48457
52318
39054
66512
53036
71638
9591
71626
59829
85481
10450
64164
80226
86313
4230
59049
33956
63413
37972
87124
32751
74364
49565
69286
52569
37315
26892
18658
73088
97511
90286
24337
48754
71688
6043
90641
227
11906
97956
84409
41058
24486
10135
51030
20239
72968
56903
26471
34521
19657
1989
58085
57724
64641
95178
1334
31543
41234
84265
97717
82529
29153
63372
9520
29284
55856
33892
81020
68152
64189
44059
59330
37157
80723
84312
78318
10145
23673
16918
22612
19356
88933
97306
48956
42915
89690
67655
10980
28321
58433
619
29919
22473
67324
11985
80812
59393
58303
31127
33910
64516
20878
90048
69594
39955
72574
81670
8952
75795
44635
44929
59039
45881
88041
45270
14754
33175
47548
81132
12607
62072
20406
54569
2078
31359
12110
92149
44764
44397
34433
24727
40768
52084
23568
9870
88728
82199
94026
97390
18739
21103
94470
71380
15863
32448
30950
70380
89785
71239
95337
88581
2159
73198
92437
83890
67317
74808
12303
26618
89179
67239
60451
16849
47514
99366
89846
12647
96369
56116
13228
40613
28269
80729
34713
88424
74598
79380
20458
49586
60201
77655
81671
77221
40455
60290
84028
70383
24299
55563
65213
86307
34241
13379
86038
57997
24888
45150
12639
7048
39507
34816
59626
74344
20426
45381
55849
9877
22942
57946
33214
44371
58200
65511
20400
94816
55642
80551
61996
90743
88418
45529
56929
34483
77973
24087
4954
92140
36467
94815
17635
96594
10127
82066
64546
40967
93408
54313
28592
5863
87243
5415
31999
63159
51438
50698
77664
88425
55932
4891
36616
76068
67745
99224
21132
57240
37455
62009
42009
89011
13932
38513
81309
75720
56560
6534
34533
22683
60976
27473
52415
47783
79691
58206
77682
72573
12099
60342
87866
79466
77858
61140
62427
59251
64891
26255
58197
17232
54761
1580
39034
40098
66378
34298
89624
89457
78305
5111
12870
17317
99581
87290
48994
52849
26522
50372
49738
16281
82966
3532
79199
15807
75428
43570
96838
62395
32089
61855
60791
23652
69300
15422
6137
52591
33284
2706
26628
1869
92780
96250
9975
36688
17004
37456
98730
55011
43442
97652
58973
45728
45407
20580
89570
60083
1892
89817
36768
57872
57727
90858
24433
72429
81568
86186
49744
81944
54801
9967
66692
13941
11610
7260
43463
88250
74704
17929
8513
1160
72636
71317
20073
38606
27789
15147
13966
95349
35342
42263
74765
53706
61980
65179
59229
47657
52721
35727
21364
29904
15669
95019
84723
23485
82969
43174
86079
5616
20617
3252
4323
2191
72668
19675
86208
65598
84558
50464
46559
10477
9061
63378
44621
50480
45887
598
69984
86409
50702
85671
13618
39386
57751
66608
64680
9779
85262
38082
13371
68584
97022
5134
87153
82353
42309
80054
55817
51172
26214
3929
5158
62417
74055
21343
69951
90812
32721
19199
54327
5510
98158
88189
8254
39397
74208
12861
76220
59633
17573
40652
91535
74931
42122
14329
46114
49314
34156
17971
98480
97936
12112
28308
51492
63604
65673
23066
61208
85674
62312
9608
13216
87239
27695
11041
25369
89846
84293
16487
30112
1388
54407
17909
69942
39362
54846
27968
96544
54151
69856
46435
3304
7221
19635
93031
4957
67413
35932
44181
93783
37136
20176
36311
23157
67394
30627
5386
99734
31252
14072
91598
90313
10422
53783
12060
98820
41401
94750
52828
38285
19722
65549
79093
72005
16976
54015
58050
68485
48945
14694
19525
46918
38604
12353
82607
80525
15240
60682
15502
11532
75782
35939
51231
41892
1037
3710
80533
82406
92426
48688
67352
40138
2208
95104
71639
85448
31960
97881
21568
85329
31941
28589
14228
5037
37512
34060
63573
77465
6353
21417
28116
45583
51304
76235
60809
23694
53367
35523
21662
9929
49193
69343
10822
58919
62550
79136
1408
7218
97686
38381
82950
35320
87964
92020
18583
64164
90054
55273
79717
64521
640
35437
15778
28829
40905
65264
89337
72579
10372
57267
35778
90452
24953
85505
20585
99720
64493
89882
69538
30438
34241
83724
81898
19523
45792
51729
45007
94315
98976
93823
61915
68662
43488
17079
82572
11543
11832
98134
39507
93538
35624
77258
99449
55729
7200
52425
23381
88488
59786
83455
48458
49139
585
77666
54477
30565
76498
90266
58715
53534
83020
89154
2502
14645
13722
52999
69461
58037
82243
94956
40162
79196
36805
36459
14927
10470
81687
14447
7235
33834
67522
54884
3910
67345
34338
50363
90703
34162
27059
17546
92276
62039
85345
62593
40744
47040
65253
22210
86387
84352
71055
94797
51881
57846
77170
33237
33254
28473
27043
44544
92983
42674
17631
56490
98414
22855
24877
49919
77778
36782
26396
844
22639
79259
33678
97016
58613
2650
2279
94120
52389
56374
90523
16652
28796
6049
91288
34338
2666
63974
6865
97731
69925
86117
96431
43683
69298
96658
25818
39303
74988
94998
91708
4222
8684
31570
26191
78939
62729
11823
64295
50331
45495
33402
50185
54896
85765
20339
74587
49638
68330
21348
90800
1638
35269
73586
95936
95266
15690
83805
69145
56197
5075
64472
955
84388
92307
6044
61155
15489
24394
8943
92424
95510
50145
97061
58066
37211
14747
81568
55207
40021
16691
17950
17722
84064
36894
21215
69533
72272
87312
43958
72909
15850
53880
97700
85515
40376
60910
16550
89671
62687
74938
42562
58915
45145
86391
84456
12627
84696
27091
74401
47393
8256
99958
38732
54727
10892
52309
90010
68063
47737
91179
64447
78051
89054
99581
56326
39722
38608
12747
11219
64031
42134
67611
20959
5892
134
58374
29706
90685
33287
33264
90611
41015
75132
26448
71464
28581
72502
76303
32991
69982
36689
63935
49136
51702
33150
92504
40169
97270
86248
27695
86057
95855
17361
60432
37701
1815
12822
71160
21274
77696
89389
62600
10370
91549
27507
76183
8249
92705
75821
26549
33673
74809
95381
1487
23518
75118
95502
7922
79172
43374
93369
38244
55839
67986
37478
19384
69308
14018
11945
48595
31263
27965
11513
5083
40397
3781
60398
67775
79815
74090
87468
74907
85414
49541
60425
61407
7991
88094
1787
28938
11866
52376
81992
93055
22204
57478
20256
29225
15182
70888
26758
31203
6644
96811
81556
46181
83572
35065
3939
28381
49114
99824
39846
60837
16779
26406
32999
83450
30337
4613
45922
2111
69719
28592
7419
70822
59471
99150
92011
5288
6526
94285
18462
97867
48364
67425
5307
47058
80469
66837
61302
66608
51211
19069
59912
23038
39372
62080
36793
22104
20458
50483
23246
73181
34102
91680
64762
12102
39546
56456
76472
48425
21873
97123
53637
30463
81983
23697
59481
40128
23946
26821
24962
11588
76227
59450
35988
31804
46274
11015
45602
74018
18807
53683
38423
47306
9888
91294
2914
80840
90577
43181
36377
47693
67056
1429
74263
28646
90807
6528
21982
48972
47058
24976
85654
95565
67374
62579
75011
20378
95234
47959
14616
75087
32677
92821
25684
89484
73295
54823
53399
42278
72302
88870
91191
4179
4691
86880
9476
45454
28320
59124
91745
71252
58582
28195
62678
44390
70564
32312
22260
69806
70845
28894
86710
46490
98130
98856
53741
78347
33938
59653
65136
30688
64023
49155
7683
10707
94980
75927
14160
34362
86983
27268
8063
94792
26740
14290
50187
29297
35192
36805
86998
19219
76128
5655
90702
26997
79692
1310
96483
32410
58055
8964
42231
22361
2202
69618
86384
25276
56258
52720
26526
29995
89700
30358
35351
22870
98276
12265
6997
30336
67915
40890
66204
23211
32451
78393
4051
62991
21790
93437
34556
305
96208
18745
52396
62539
13801
29325
91272
14162
95101
30988
15306
82456
25659
91087
5270
27793
45527
53148
14214
71403
83856
18912
14807
95703
34952
63045
3241
27276
93203
59778
30766
68585
5539
33767
75487
32773
18776
16017
91147
70214
20380
17526
85504
22278
46105
23801
25583
40021
7625
44422
64011
51998
65356
23119
85676
94719
97860
88345
24510
24932
74428
17176
29312
84308
82064
22638
37947
62527
93932
63450
70261
32213
36919
62078
18009
86286
21324
54604
89088
10882
9621
28815
96585
86085
88782
58489
38189
64314
36633
32105
6774
86852
61554
27746
67039
13183
24187
61802
28140
40441
33230
87573
30577
34601
58989
22357
91789
13582
60315
33524
49688
45504
22132
72160
64275
48694
12888
32213
69120
99007
3341
99933
92151
65839
2652
96508
89305
83521
20205
50642
87572
22060
98543
24370
23400
79423
87543
6353
54043
28334
2118
6753
47483
20140
37590
94375
90969
96865
88003
90729
66835
70967
56447
5
65962
89542
30210
73420
269
73203
67369
65008
71726
85267
72650
60533
73609
47955
8772
74319
11569
10372
91976
84463
13886
89880
85476
82381
61155
49336
30378
46104
33984
92926
39898
85009
14572
80094
98016
82819
304
15137
56658
39828
47986
80907
54743
93518
85134
85935
85260
85385
89451
564
16576
46094
60602
54268
39334
23127
70239
30862
95108
19200
86663
13756
85701
24991
17929
24745
26582
3920
64059
39369
18246
41988
91105
93883
73042
79444
41813
39023
82637
69060
30404
44363
23541
43140
65886
93942
73101
26376
4772
86934
92369
61093
91112
66516
98188
27164
8668
98321
53326
30002
26691
10986
14477
40411
20170
83890
297
41581
18317
56181
74593
43205
24531
76026
7523
70485
26717
24913
80622
1652
21479
31670
86618
93863
94784
72595
49306
12016
56618
73458
88898
15000
13941
29879
64809
14222
19986
60377
18303
12038
95802
50482
42311
77349
42834
95409
64067
34659
63888
56077
33587
10294
34382
6263
38479
88071
74553
19257
95400
99301
9571
87077
90891
33801
73051
79652
36662
5617
91309
87646
58158
82452
94892
16965
94875
93357
96198
82719
58375
28210
24228
2088
96959
68622
24997
65387
87749
40956
67293
23253
66619
96473
86606
62857
30954
23236
9461
61700
4541
75098
86882
29809
36894
52520
81
22700
28552
84216
25816
7185
79097
44366
84106
39684
8373
6554
42524
34526
77234
86708
85853
55951
44291
45290
38777
5940
95196
84593
52873
83460
99492
70647
42029
15266
40484
30542
70124
28936
86262
83505
48917
7029
28288
58316
97041
69446
79906
49952
27841
58430
47209
14246
77348
80436
46266
54617
69648
52862
76929
93858
71598
87956
67660
2785
23150
95906
52719
42362
36468
1848
74920
12093
82779
24404
46954
16222
56522
16776
49308
8125
1903
68827
94990
14375
1153
81960
60466
87681
27420
62117
47839
58085
55318
58699
42164
31191
2061
47698
42556
44621
26789
63868
10685
75390
32011
71595
42715
59162
14223
73823
11044
91900
46544
92957
13639
72319
26348
83587
86554
55792
19973
45084
82515
57078
2196
7825
13569
65280
39548
66439
8384
61963
71742
22675
59688
42294
47284
57231
57517
30138
99517
38943
63484
30679
38016
44647
21943
5303
85115
79606
8146
8443
72276
50053
39005
14893
63085
14349
56008
65498
61716
7007
57043
53884
30870
20545
8804
26958
77758
86493
94279
88184
57218
91740
38998
6937
40
2099
70380
21624
95312
34029
53499
85515
38890
53926
92438
12893
72430
39685
3922
62978
15746
4836
55644
31638
71315
33412
27717
79548
27649
46592
89361
34593
65339
19485
11613
82817
65891
52981
89849
14917
30274
8237
51160
9359
75612
50166
59224
70133
63462
12997
69588
55040
1679
65242
92900
88428
2436
76120
56512
26984
57247
2509
64080
75584
7700
8149
84434
18858
91102
39278
32030
11500
17793
12907
58242
769
16984
58840
36723
61864
21485
99021
7577
93446
27072
80944
29402
70986
43041
99923
93618
48380
78301
59101
40956
67575
47716
16501
22574
56735
71150
56700
13024
50871
64552
7695
58380
67154
65843
9521
76820
33429
41749
15463
74072
80151
26523
33359
75065
12407
51410
36055
10895
91772
98387
1973
6041
30191
30250
20018
539
21663
13448
43346
34137
33506
47522
2558
6449
64220
56386
65245
79528
61614
65556
54422
90286
89890
82560
22792
81542
62681
32896
97385
29891
23749
89016
50038
78119
3674
92697
19677
54543
88310
72504
83661
74742
71312
82180
65596
8600
79665
44901
83748
9847
17163
66547
32688
96355
50738
74720
11986
86451
35275
39680
8236
44138
91915
71885
27302
81210
79284
12453
59362
53181
92555
34034
3866
7770
98714
29575
14595
2430
35788
35635
73891
68041
98525
71079
85924
27350
51399
5564
17632
68453
44745
54515
79367
40683
74118
34343
51819
21373
84420
94835
79858
11298
46161
54133
82884
2947
53521
6206
51051
92597
30195
77678
99972
79084
48594
46175
60849
25348
7825
96038
11044
61670
38581
29030
39074
62192
59979
53464
79066
82302
39538
12269
77467
82786
32503
55271
23544
41678
15965
6462
57410
39366
41115
91027
72891
37874
24016
5846
88720
43616
35481
62958
40567
22810
56183
20071
18477
546
85598
45380
52383
99576
49840
74429
79333
13537
12329
72688
40818
27993
21482
62151
50555
68291
98924
44721
80537
23962
18518
53119
81016
58759
62864
63988
18510
96269
33554
63380
51427
9445
35677
16469
24152
72025
766
32962
33192
58871
6775
71996
69895
48965
53383
58830
98772
28751
61559
56241
35149
88714
22879
72884
16240
5712
23691
21014
66169
97467
34401
31992
7940
89695
91931
6379
10643
90017
13951
16649
3484
6718
13986
3220
13349
87745
81330
20023
33218
69943
14322
67122
78837
63786
38081
83426
27481
64102
74504
21013
72845
27269
75862
55937
42469
80198
29836
41382
72493
42000
47979
4681
81731
89379
60818
76510
92895
11607
71356
17541
9480
26522
81341
48764
30199
34300
87126
31334
68997
12996
98534
89971
61867
23113
89622
75135
28910
56351
45161
40255
80162
3695
7679
2749
13968
99231
21537
81726
75834
47520
66699
53321
85360
90908
8533
57206
92012
10100
56287
37828
56273
2321
87585
62555
90858
53506
78253
86536
34448
46061
19420
18079
26989
8092
51255
46421
45965
51020
74467
49070
8784
25145
70546
10722
56139
21798
61872
6901
1252
91019
17559
82190
37255
10375
10583
8255
84534
72528
20458
99017
88627
5578
80400
33099
95479
40508
38026
44565
69372
41015
9677
32523
62824
6012
36639
35035
29246
12417
32227
43962
22973
1713
94800
95720
82711
3051
43169
56360
37931
67887
9505
15382
94765
88867
61534
13895
11238
55056
54547
31160
23464
72283
80877
19597
81812
85396
66579
2640
95617
46693
81475
81561
81207
24051
64242
65698
10868
56942
41011
99864
10824
72523
97449
8876
65481
96062
61325
80153
41067
4537
40376
33514
42660
61236
72588
12275
8179
5509
69893
59619
26588
41474
39294
62359
54627
84009
82640
21002
28470
48187
65612
39844
16669
96352
37850
49064
53263
49060
822
76283
72837
37977
20696
6367
92817
41572
23332
5476
94311
68239
38899
94656
47881
75241
20375
88455
47001
50432
18782
49903
33176
22414
61366
39522
98862
85226
72016
37463
68349
7327
86239
94156
64051
37714
2262
34323
23680
56190
29576
80100
30094
89258
249
72637
33745
94298
869
95683
79332
72025
72282
18847
86158
64552
90132
80636
98136
75386
58721
90053
78865
85630
28258
70106
6898
36128
41242
39681
62847
31985
34145
25512
2784
88781
66273
29161
2462
2961
79426
3388
83514
36477
44289
51249
44448
10085
58451
56543
77400
13276
18261
81804
45710
17456
26170
8305
62992
15051
96238
51143
43557
55542
69271
82935
69677
12593
17119
75639
72416
31626
46048
73534
29086
27048
3648
68507
10813
67515
29870
71181
60700
49584
58542
32585
93619
93778
10461
32589
78421
81128
47034
13160
77734
46002
30413
56933
33092
85075
75383
98108
646
51258
53952
80388
1894
42284
76369
68068
73717
71748
4505
21464
75026
5712
258
387
28853
30963
75604
73227
84497
20498
55849
65285
2321
43092
14954
45282
21850
43254
4121
61423
53160
62750
30840
37564
34844
88065
68336
95768
90202
15888
58264
72251
39500
51506
10687
55710
60968
18716
57948
96324
937
12951
43682
95368
24503
68918
48520
6062
53395
26083
12273
96341
68646
50692
67845
64032
43426
55506
19824
17721
6083
76663
3928
60617
38922
93021
85606
35548
80096
1938
67426
14966
99476
70621
12808
12154
59154
42119
83421
89058
4949
98060
5853
67049
6852
13326
61165
79208
61996
14610
13906
70099
61385
91506
50076
41062
39581
28465
38937
34895
67276
63745
71505
2135
93857
77216
70836
63542
47016
33474
79144
27941
96378
76868
49955
38881
1732
8539
82815
4609
92002
51499
25517
48872
6479
71321
93867
18650
73083
49549
62286
24789
3161
54627
17395
96862
1539
97241
29613
76467
75346
77592
4557
50142
75275
75650
57432
21029
65670
95287
11391
95189
83620
20396
48107
25371
16674
43954
59558
98154
12552
93353
6035
94782
63500
67338
93637
87306
60011
75181
42488
36568
64176
87415
36143
72526
19768
28251
75101
56642
72279
26647
74320
57995
93680
86108
7246
3329
65167
88327
83451
74118
26392
33995
22778
94486
38355
94318
17565
32810
5009
58117
11939
35428
74047
54750
74945
86284
62148
936
57854
88190
85781
75627
86683
42441
45957
26811
16248
50425
1474
99352
71374
61416
80347
36791
12249
51370
74009
63973
7447
53060
58255
92631
63081
4581
96321
22519
54428
76392
66002
66758
95260
57351
75351
3615
97595
95434
95913
48323
54793
80388
2152
34776
64516
79450
34175
26944
6392
31171
18799
32334
94868
19904
15213
75308
30537
86684
76363
87410
38515
11812
9800
34335
48965
59571
78036
52805
78195
55803
80200
86136
20908
23398
28819
81805
99155
61006
14848
25767
55769
56693
25654
6892
70945
57055
33115
84825
66174
57400
5832
382
23142
11683
3566
73698
71012
53297
66931
47951
87652
68510
35422
16241
82288
65052
14364
40329
63459
28343
46410
21385
86044
6198
85548
15529
18795
51490
50384
71816
19841
59002
76981
27769
16476
12967
57978
43578
18013
819
61993
22545
26992
39241
92033
5317
36771
31555
45679
74988
37474
51904
34825
46236
62424
72038
23370
29120
75472
19487
13680
49295
13560
55336
67154
4696
95149
37898
40238
23727
21276
50119
42647
59184
84811
40160
851
68652
17119
73743
25240
55463
40043
35137
16356
36856
71854
65817
2007
16505
46350
38290
21363
10021
16574
72701
13539
88937
54313
34025
73452
85173
28285
88981
97356
17291
72247
77442
24585
93588
17689
66476
25531
93155
67929
69597
36393
43447
26301
3089
304
9457
81096
64156
79185
39121
89203
554
97383
83339
30121
74465
96286
14227
43638
60853
3643
42038
90
70702
45895
91782
22826
62099
29585
66923
12093
69169
40902
62707
57972
7571
59519
3600
19830
89857
37480
90921
64697
63885
53327
42366
21150
92193
21951
40249
28087
89424
81095
80741
30169
2128
46543
28016
58792
77938
3981
27810
21593
51654
73164
89886
99307
85951
32452
26908
48529
43037
23746
85612
57233
32070
20342
37050
617
81332
99075
16854
96255
43388
26342
96446
45157
20965
76899
6410
89919
18574
28333
14560
66505
14495
14015
31002
67884
76391
1469
33092
91995
28192
44524
20538
8047
40784
6397
38763
23626
73572
72945
21728
34953
94445
50603
94642
49846
23590
46886
35301
72334
36207
81948
75309
8308
54167
2836
38174
67719
99088
46980
32720
68683
90461
77663
5357
89763
54771
40492
26194
34588
54393
32838
7852
77688
2986
98191
40370
10360
76834
83805
65417
24944
38682
53752
3836
18491
7500
30659
32926
22871
3439
53731
12713
77168
14299
51553
57239
7664
60448
88879
89427
87886
64685
83879
85482
97369
99757
98000
57058
15936
39230
22953
91687
60034
29616
22292
95021
19656
59268
39441
32543
84648
83688
78170
7380
24981
53825
99623
72103
77849
70975
79447
83407
69474
31630
22393
42503
65677
253
14212
94662
63211
4922
8052
99426
14116
58598
45781
24072
88140
94102
68445
88731
26495
55966
11130
534
99864
81021
18355
53659
24103
50813
22900
38931
18683
5346
88614
69501
75701
64771
88548
67789
6285
6627
19348
53925
83629
65119
69486
97046
18473
72863
61848
90339
76341
24476
35550
39514
28611
97847
60966
40922
70092
16932
28234
66805
39343
44605
79297
20029
18670
57280
20425
37227
3047
39038
76790
63574
9053
52791
6885
31758
51667
28382
16259
87311
85685
1488
1583
12871
11241
64536
20139
56225
83667
71325
82416
10834
11229
12105
83531
11511
20356
65397
12451
88221
14214
95441
25957
40535
67963
30752
46723
38413
28915
59366
71103
72036
46465
31123
98242
86027
49305
13479
80933
46368
3899
50239
50931
87850
44413
84767
64729
41801
56629
92730
38126
92061
71117
40583
72610
34953
55497
20031
21980
90319
36226
58115
6127
90812
71227
29201
75892
7513
7660
81314
45952
35443
48194
95312
93508
37280
33061
31449
55906
52382
83163
75573
18621
43251
9077
20444
27920
89701
70813
10269
47638
13685
21829
66330
47216
44594
73640
45418
69679
13420
20064
8303
54300
8288
11713
27364
42715
90836
95704
65282
87045
31326
24584
40863
29733
73092
8366
51623
60114
66765
31025
72585
8013
36746
6698
79330
9387
35198
66478
71838
29576
35798
88470
20393
67530
30720
10474
18588
72535
92869
51929
53307
46429
54944
33099
86126
16805
71185
11772
73884
31258
10622
20336
57392
95575
77325
36487
32484
4004
6843
72091
23604
5580
68570
82027
27335
98673
31979
70152
21569
66092
50373
8955
81913
71320
41582
62057
72172
4455
98110
31042
43814
95251
71620
43675
99579
22627
9185
13115
35027
23986
33145
73301
18307
44484
99343
76346
92372
67198
59963
15325
73584
57688
73223
59638
88157
6378
41474
99944
92118
27639
14328
23669
25457
11311
72338
38065
71175
63518
6639
25747
50891
65527
77434
90831
31646
26911
34482
17765
82926
83309
56568
10224
84063
66536
10028
99120
96281
51437
91810
50169
39468
26824
60538
58253
34442
69358
66668
72549
8261
76090
49243
93985
66378
66054
88667
56552
80449
7250
36119
30638
68576
17669
38711
76794
49029
2643
39253
15193
85698
78316
99633
35572
68460
76274
61054
8740
5301
3218
9835
90447
50954
28329
58827
59407
53789
84740
49396
4647
58282
79315
65476
12800
91390
70441
3308
70854
129
71614
84774
65610
78941
3502
22652
36003
35916
20037
57675
77225
49774
30447
12465
73357
87086
20022
84865
1652
71150
45106
37102
89847
32557
11994
80386
85856
4041
16848
57597
48069
34013
86748
62294
15862
37792
41419
10275
77636
19766
70454
88965
83644
28527
85779
20704
39061
11986
45861
59187
82507
55820
28043
38983
19021
9467
20961
2286
37876
39959
28035
68160
25740
98315
38999
12596
63242
19339
71936
82404
20983
48773
22712
60367
78970
61921
41399
66434
82928
96348
65817
31938
1035
89845
18300
77411
47319
36419
37206
97197
24048
29197
81243
66810
72407
20778
89197
74173
66712
13938
72371
45493
6953
9515
28598
48810
37536
5698
56256
10013
50934
12360
65394
81025
38956
675
5692
6946
19610
97901
87268
93548
34580
15551
81631
76759
94860
58091
5482
44011
46182
92883
66630
43908
36894
84323
73683
26397
34701
89591
43675
80397
66108
96525
68854
80102
57729
25440
81818
13413
54394
45732
77333
92361
87565
71993
58919
33036
79977
17012
99191
80809
63896
67218
53072
33941
55148
88771
34062
31532
10830
23096
2875
6936
32458
46777
52266
48320
37058
19135
45474
32887
46160
42493
54450
35096
15287
17203
23240
79133
59205
43358
26789
81084
4054
59847
55520
1117
96968
8742
62397
13582
10578
96245
71487
75158
22362
44991
86082
25753
855
31685
84348
5930
19993
53676
12380
40338
93490
88159
36087
40778
20034
70622
43695
64333
23995
74370
65309
58276
44486
23164
40608
91859
10961
16245
82961
54294
70626
68243
49561
4181
15222
75968
36237
95570
14235
14924
24071
28892
52968
43139
54443
54673
83368
49449
57940
67808
98731
88607
71179
68202
19103
61357
62988
69235
20771
2289
84814
70202
85808
26419
32930
34590
62243
96955
47880
33766
2367
93495
71568
78265
38369
37085
42370
50648
91242
20960
33016
41698
83117
85777
84385
71735
79706
34182
99705
84661
89043
84079
49490
43125
25794
86408
66659
99308
64869
57437
67990
75109
32463
30380
4397
65153
80344
50443
74103
22426
92966
5790
40421
27549
83882
68547
47067
85800
98984
96316
3435
72635
49236
62116
23413
7657
87771
22085
63119
25698
75746
40158
31561
45792
95342
46399
78366
24089
88679
28609
6437
20880
64881
60908
40530
39067
4165
46582
5149
24078
76118
2941
20321
57068
20839
76039
5859
44894
35310
6927
91673
82317
87284
82481
14181
3846
37197
54650
27805
42949
79778
8619
46849
92136
50824
25791
94652
12044
16052
12574
34382
76175
34070
87107
43341
49758
87812
56445
66602
37216
98839
30215
9734
69791
11477
3096
57047
82722
84006
79717
83515
53438
81639
34939
32169
62068
85339
87584
58750
75843
2383
39538
80230
42429
72761
60737
74772
12561
44937
82297
68869
31878
1186
65815
90469
43951
2299
42456
5550
29763
64565
31631
21223
40452
82176
88070
51869
79947
80997
22864
77578
28153
59474
26789
88660
81940
94705
27500
57275
46334
20784
59515
43972
76759
79658
12825
15089
84233
78460
26808
602
57835
17248
55200
39334
49820
39282
17066
58426
20759
40556
76773
98013
14590
31625
69130
99327
38352
41206
80926
31834
63069
32197
11822
2873
83856
66119
15901
99452
21983
63412
4484
81635
65825
38048
36508
52698
30699
74371
66202
97357
2024
53108
45923
78600
96436
3432
92096
60988
75216
72680
46263
54553
36528
42309
30489
33429
88613
37218
58760
91602
94758
621
7949
71336
31508
43700
61336
33690
83878
528
80878
2848
56664
60155
83627
64524
4353
56914
46549
6159
95029
46230
46889
71878
97473
89438
47520
93449
51157
58587
60119
79357
51579
58357
7676
53028
58161
39862
23405
37658
4866
73911
73392
74290
67543
48003
16654
71275
82883
93575
43540
39721
97286
65079
21763
71805
94845
97598
90686
77175
16888
45253
53144
86650
60456
85379
57023
55428
19221
6148
51135
45088
37655
65885
65762
79039
3353
39414
45364
49660
53550
14078
6198
61125
99314
13038
21031
23638
13663
2081
91769
62578
87425
96819
15730
98180
57705
45503
2857
34803
63917
97404
27742
98380
29043
65437
16421
47558
38000
5764
27821
12409
14016
5345
12955
98832
88972
37865
94684
86175
33169
5917
96023
6539
73293
91589
52124
87602
53533
24552
98236
67383
81455
25323
1889
57720
84200
87823
52620
40809
80754
83799
88415
5565
21329
99743
17590
2525
91638
60587
75801
20953
35671
67415
71636
17750
89625
27865
71945
51550
58331
17112
1184
22822
64828
37437
89113
57964
35514
8603
96964
57555
40019
26010
76243
15278
99333
85188
24583
49321
82848
57611
57691
47744
84041
84376
65906
63698
42724
90654
70295
8307
63194
51564
16894
57036
95308
70973
6725
1460
77594
1434
51624
83597
22065
63223
33373
89892
47618
95314
75913
54175
15298
50512
69630
11864
50090
97821
40582
6712
62816
31830
35167
5807
13089
52655
6353
37377
70999
66229
4036
14421
35333
23302
71087
5168
97537
25629
81725
81862
79180
31760
32574
54751
88266
57181
68126
90675
64582
63395
47287
81064
34104
53085
33880
4215
53283
48056
22142
47341
10777
16706
79617
75663
87085
67643
61443
13436
73822
96093
21983
68433
25068
34204
31534
49451
31447
69710
45887
35757
46361
47634
90963
46231
87965
75649
84973
59622
16251
15239
23143
11870
56414
31873
13696
92774
48664
79290
32474
67455
37136
3305
3405
62720
7264
66183
95429
812
44433
24932
84736
14224
40998
14272
47045
91977
11246
4271
5729
555
86057
15540
87857
73793
59602
62204
52472
47905
8334
61891
37384
92262
86059
26706
8560
68889
60389
31990
36085
95180
53495
5454
38682
21781
55546
87139
96888
19789
38704
14611
48759
41383
77929
15010
76810
76008
72440
61153
18518
47957
9655
70808
7722
67956
38566
24335
44361
50055
63610
53140
12737
40457
95922
19571
43272
98155
88189
2812
80125
77852
69312
88674
15684
95040
68323
4278
78772
72032
89556
52951
27428
45602
91439
53645
80899
39174
98968
1859
7144
82410
8720
39533
26460
95821
15939
21372
57769
2003
49600
51306
32376
18076
12589
23325
83135
72603
47498
11704
33715
75674
85217
56748
62673
21289
4133
35450
54599
61390
58356
27686
47237
45215
88198
5322
34203
25883
88150
27222
79734
66084
39014
20912
92191
67612
16246
388
51667
38511
17190
40275
85289
79123
13105
83221
4133
86237
62806
11230
80106
52295
333
56218
49650
99279
98554
51643
82517
60000
15346
72790
3019
82140
70542
26574
5025
12738
99694
75619
1345
91273
17163
45529
28930
37566
18935
65951
70477
39373
39029
55353
47889
52636
12988
76496
72640
29585
9261
19906
47701
17006
42676
49768
56595
46242
5296
17050
34198
85286
86581
23662
74553
12589
21306
5358
16854
37776
15583
32794
7379
54080
25384
96893
79815
87281
63815
65831
47396
56074
51732
10783
62576
87880
55256
13743
99096
51312
42899
1650
15385
43187
89499
36467
74521
79374
19248
24083
69304
55510
15657
26021
98311
22301
14275
86452
99588
83205
85454
29563
88982
94876
21395
9041
41493
63208
88823
17659
70728
21100
65748
76359
19593
58981
30288
24794
87667
66625
12057
61325
29037
3014
51643
38334
28456
37289
71384
67843
8865
12844
18354
15473
43306
62903
12506
79725
53111
23478
70722
76332
15971
3597
99033
15777
14470
35959
15070
5671
5603
99728
79136
40709
63621
50610
9109
91974
75176
37715
89012
33273
24564
72705
65927
91986
99487
54812
43320
43472
45997
37401
38969
16810
29434
34506
54841
84759
39465
47109
65849
25715
45773
54929
16800
84699
14453
83599
67307
78667
99932
67447
99437
71889
85210
6484
43956
86130
74560
19169
95241
9882
87532
87247
89420
18940
27798
45766
57064
80644
83755
28979
76213
84359
46799
46282
3922
7301
64884
33985
97963
95468
34043
8383
98692
60100
82626
48167
5608
44355
89774
19129
85976
88852
71454
24589
54842
70295
56361
36495
44012
76024
19841
58598
9643
50107
79491
37554
90191
57554
41005
79356
27291
14812
3239
89178
54164
64168
64898
94098
24632
19722
23957
53718
99415
26747
8614
91490
80891
2402
17544
10760
59707
27350
13559
29530
28624
52030
56299
64078
79874
77003
37766
76597
66253
75539
91842
80523
14495
17026
94924
96510
82571
31174
44333
65141
13270
28439
21458
57377
13720
82144
29417
58401
80053
59686
22710
16688
25528
22846
18879
9367
6317
23636
34375
78539
34384
69681
24875
73597
47943
774
68656
67469
65954
50174
87799
65800
33402
14648
6011
72201
92371
64079
90867
77258
25667
42111
29383
2884
87239
62729
72765
17491
11853
49671
7604
66739
37268
73416
93617
18723
13964
28645
94267
36367
77350
63994
18527
95759
48722
33621
7848
44654
53535
58723
16844
99481
86853
75342
12948
14390
26939
44415
22736
157
9971
53012
26843
98677
54313
79547
25744
65584
23
26497
6242
76803
57850
82601
33033
10958
52061
73782
17246
75475
40868
81658
54800
15982
32813
24692
88086
73404
49169
90073
70139
64040
2678
31115
54692
15803
31040
55106
29496
73975
17414
92580
73643
17067
80215
93556
94458
53261
51425
53265
58911
26512
88688
87384
92819
2080
50118
36975
89290
20092
57456
95345
11808
3589
13081
15408
47081
15181
85500
62976
39020
17729
82761
33541
44964
58781
84269
42183
99927
77076
5265
35435
87982
45942
12686
27373
9686
7413
72391
69977
92392
62654
19582
65408
82214
86550
91583
6852
4505
99603
28399
67557
4846
38916
67375
64781
10661
88643
65055
90358
88800
37959
76274
73821
46600
49499
36234
38344
46951
94024
3367
87577
1533
69651
79672
26518
72263
5435
7523
28217
49068
973
78213
31017
43651
50985
71134
30522
22647
59345
61110
99865
13553
10672
51503
98538
26693
10692
94682
59490
58627
53662
85563
43813
41496
28486
30242
56772
8502
29026
31839
35983
87922
78130
21422
98083
98448
37122
21474
10820
32378
11852
97896
5766
42975
38809
74339
16579
21625
4394
4340
38939
87504
62624
43337
41213
51064
5423
4384
25219
75216
35460
76312
97743
67206
26402
97923
17461
85859
44546
60418
51683
11463
94207
87725
38766
42653
27122
86602
2251
70911
52090
83314
62811
10335
67374
33040
17341
48872
69727
87358
3559
91168
51377
71939
84383
23897
52325
8211
83143
64828
38580
42355
65302
23839
3388
30206
44691
26764
49510
77298
12225
90486
10227
17314
88748
96449
17240
23519
21426
21771
17111
81820
41115
14644
60361
2742
33169
66024
81436
62415
35860
1761
30834
24562
43595
961
56906
87121
55340
43995
74077
64818
84029
20318
92833
63817
92478
52707
33452
98538
11069
39478
41000
33526
13999
41231
57761
8994
67082
13182
51252
10824
43401
89087
17082
46415
68765
35441
9271
63808
14747
44524
53694
18095
19053
89570
10957
18056
70571
87735
47249
39755
69427
16122
54681
21855
87302
81305
21372
22453
49511
21866
6275
89257
41564
44120
45467
17299
18868
18899
20269
90992
69929
55912
38790
92810
58532
56056
5701
33973
78948
4646
2741
53353
23918
31729
34880
95468
89828
4145
28189
13678
53730
58994
43882
26406
36200
30021
93955
38086
76720
77654
31334
80579
62099
34118
76229
65973
21403
96395
96928
6184
95606
10913
44870
56108
10075
35622
8231
33576
34981
13002
25675
21532
30310
63372
57998
91371
86424
91963
80790
23148
4806
80890
42929
90794
33328
25187
20010
32601
6965
90025
84193
18050
61107
22864
18899
21404
99881
25141
67542
28286
53273
26532
12620
63320
3835
72045
22524
83353
819
37424
29173
87901
91631
3931
18430
96075
79570
58787
98012
42982
52735
52404
83966
55145
94207
12816
71816
40940
84638
58733
628
1001
57467
57305
53638
44673
59848
79179
49221
33165
62046
82517
90136
27789
62577
95758
59407
77751
99410
77170
32850
99823
7392
17533
54328
92043
32070
92032
5750
70629
53697
41529
22284
42003
3260
75566
65227
81023
80036
93900
63130
64327
57318
60239
11779
74039
76066
17239
89910
40870
25462
56682
39481
5577
32005
52727
12704
71971
59334
81073
85492
91950
58975
9481
98729
56266
520
82052
94118
14956
42428
37156
95770
62869
82494
6619
87282
52830
8497
39372
41441
65505
73156
975
11476
10398
5676
87816
90357
6697
7160
64161
10697
19535
46985
73628
95393
44679
50902
14968
61517
24134
71954
45466
43244
23968
29405
61105
88632
17897
13897
42954
784
81647
23382
19434
34072
33672
98968
48510
15854
16781
87493
28690
75052
81962
37841
68655
44784
11538
9500
27463
23291
16407
70963
93184
44081
63352
19405
34400
4771
41970
39679
31974
23982
92603
46220
54375
30759
58342
37194
64225
31559
41221
59185
98890
3354
62007
45588
72526
22084
60467
96149
42243
36795
98385
30136
82594
63289
75161
20315
76112
7243
28525
49085
10569
28199
90488
55189
42079
11948
32621
60514
88275
69726
20026
9535
34596
64291
78894
93593
32707
97641
76519
26201
82038
51228
59476
63442
15547
6193
43032
8711
75106
79448
62162
5079
38825
50755
34094
27980
26617
84138
37810
78739
74803
57728
98098
25726
64106
92750
29595
83140
20874
70719
5580
20904
97969
88414
11854
45380
36565
79359
62420
74435
59968
47986
78927
20639
13793
84870
69160
4635
593
34125
66980
63167
90854
18781
59112
33084
51959
76502
99558
77697
87387
48114
13648
75184
37916
48786
11541
87014
54354
84843
76234
24701
26496
48275
6555
93930
1189
18091
93685
1461
38740
76335
26972
45679
64669
55561
65192
63526
59612
50611
7515
79476
28122
11001
47141
21347
49795
540
36439
87730
71661
19513
37199
77137
2973
22017
79145
82840
17682
85749
73508
10343
23017
12364
51170
54517
14645
945
86397
18783
86484
78922
13613
86601
11509
15762
56344
58237
63591
50056
69852
32524
65177
51358
23738
89173
62058
850
58616
11967
73456
94699
34493
19569
8448
95397
39168
120
46539
39206
2984
13700
31293
78438
15295
37200
65363
74826
24647
53465
15185
22498
17752
19817
50106
35576
82672
86784
87888
38099
16566
1951
75609
75411
58253
91367
37607
5932
48434
30694
87318
64552
41198
93142
40371
24873
35471
60890
85495
68960
79783
47592
84128
57981
36033
57780
82000
36635
97523
38713
41204
50802
35778
10974
32605
81456
9633
31797
16548
23905
33158
88318
76767
84567
99409
73542
9691
48810
21923
96843
53093
95098
26794
46617
39074
43175
48487
96887
86566
83040
97083
26179
85004
70765
71544
29941
59562
88900
25600
7345
13593
61303
61820
51842
52602
41318
20812
74352
26686
87531
65843
8430
98920
81781
28277
63557
2014
21270
62674
5344
42680
66454
49545
22071
98523
22319
79079
4371
28821
76922
52089
20752
7760
67631
41476
74197
90668
14299
93610
44693
91108
45831
38508
16141
2765
62605
15866
44442
80626
32450
19971
15633
41088
83268
16406
24485
72024
83816
95072
54257
14238
71436
80880
88468
57998
44072
51326
50881
40768
24138
27412
69886
25417
98368
3399
81038
45928
71089
88320
86321
8014
80641
20756
73422
72850
40109
4331
96621
10899
33368
4133
14380
15089
1341
55856
13142
59793
51142
28162
60355
29361
63376
66425
14488
99047
9732
60328
28030
52032
4503
37116
98622
94234
65444
71918
10032
76606
91668
72007
39048
78596
87917
94002
25996
32081
13396
95496
4469
42786
37158
22509
45486
78840
26593
56094
17388
37215
60507
18633
18134
61989
55878
61119
88691
79198
33950
38647
