api2_id
32761
11419
73002
62559
37778
62370
73353
65080
13637
82011
43903
52861
19417
25838
64238
54464
37461
55361
11980
58439
57769
1293
88164
1852
95014
42520
13689
74682
57509
60600
88505
86149
11740
78118
92873
91230
92962
60846
14972
70812
86358
79535
32639
57693
89124
66024
7349
58077
64211
90292
49823
27024
39037
12062
32692
26572
64693
9841
79826
64266
97458
76083
45291
22419
677
36848
47396
54308
19609
17730
51895
61801
90964
94738
81947
38124
13854
59700
96591
15007
80545
53579
20254
39347
56691
47880
79102
10344
155
85723
85136
7676
550
90029
60838
39525
32908
50199
13373
32413
81306
16349
13262
94022
82701
18524
21135
23053
7931
4971
82824
42336
39908
13603
71684
15022
71644
13641
95715
69389
56309
52590
16619
96102
15949
79177
99885
49614
97816
67561
58460
5367
44267
12189
7786
58518
66375
27677
13983
31469
12981
57275
86877
61835
19354
63697
12527
90952
52889
12591
70113
32045
44288
62764
56718
41447
91299
11184
35503
8469
67185
11134
14403
48507
87168
10109
1107
63531
52370
65178
47987
32416
39957
19271
17091
21294
32029
32689
45423
11190
48452
42532
25703
10353
2603
53708
75831
87997
64501
24125
76219
54308
68193
20729
75208
23629
90913
55859
77612
68172
50891
67676
33679
1834
54058
9951
33358
37233
98528
53921
73662
88305
4748
14948
1918
49840
81350
71109
18120
36486
64833
62055
66741
85771
60616
75980
77968
76989
96216
54428
31805
32465
63540
29549
55238
31873
25055
25577
52692
66432
40170
79506
11388
1693
60069
67833
8882
7338
3305
58440
96672
72223
57551
61859
85369
45869
66402
17805
19245
82150
5605
86493
20463
66718
18350
54051
90470
38271
35766
17615
22189
86252
73684
64957
26432
41316
64627
63201
33422
46163
7686
3802
83879
19930
64075
10723
768
26533
84359
97859
28199
14793
93103
63429
92839
36590
88684
61167
27051
81318
57051
83731
78094
76415
35843
80777
14751
27526
31022
79392
89614
42797
25628
96034
19174
87257
88583
6024
89508
69961
56440
21011
55379
73312
72929
33944
28661
87846
30972
57204
49863
18051
46791
98005
22199
92983
58398
70650
65177
14271
95592
15617
70760
8786
76607
16786
51695
5752
47600
65574
3452
52307
96401
39778
90892
74016
96069
79112
70355
47295
67534
1957
63138
58878
50242
18972
89018
62899
3851
43010
57340
43133
48362
78167
31099
15721
24359
79999
1903
24100
49904
64196
90433
73815
98840
91030
11196
78196
87693
2314
18536
4924
8333
33247
71901
88461
81996
96211
17162
15911
79403
28615
4141
30304
33252
37481
86579
54672
91494
64658
27285
5813
20873
78074
79986
4216
93068
1870
35808
56460
15827
37233
6573
65728
58382
35488
53955
88091
1571
4942
26523
86862
47880
38454
41106
56641
9312
12656
38475
89142
4955
96579
90137
10973
6675
84205
89692
97376
82720
4210
66999
16265
31524
1978
96600
9706
9728
64404
92365
54172
79100
57784
3711
23482
59528
63511
31956
33095
94073
59518
11231
31207
34991
93357
35439
74476
57626
24839
9038
67567
28461
25715
97747
25059
31846
92147
32340
91872
93705
5447
8219
21655
5666
72026
70873
3941
19073
92274
73392
5429
52330
16352
97667
78823
20565
53303
63463
5215
99942
5174
37791
14574
19528
95363
91414
34761
97781
28155
25620
44487
17192
44808
76135
2992
93332
36242
69579
79786
60294
27082
47547
21245
30384
59480
51633
57849
67676
23113
26963
36695
99706
77378
83346
83045
41851
13273
96656
66616
64367
53446
71189
17949
39293
42553
39394
33203
62227
47660
16964
13207
47182
27195
16483
73770
75159
84203
98797
92065
1761
73362
31163
4985
92392
72861
97608
16115
24352
39797
48644
15197
33600
50847
98993
8389
42081
48134
2299
19398
72683
29892
76810
60530
13157
82798
22616
48269
41416
83128
48459
81507
45567
19653
81810
72666
63198
73175
62980
29529
25898
9129
13758
54065
62008
38782
11214
49701
23494
31682
31022
41708
50653
99968
89061
86371
86111
86874
58562
83741
49153
61766
60682
2262
28411
46752
14044
86021
44173
24275
37264
87341
32528
50170
94406
14000
24641
79375
91217
31610
10034
65472
30147
22567
1374
64232
85696
19463
83030
27082
30995
11853
52936
28726
59463
5679
5586
24290
21316
45218
99856
59114
21863
9355
81143
72841
64662
96337
17485
53959
62310
39797
5341
58333
95755
47825
71118
57417
56351
70299
7548
10369
52674
59841
81313
7794
83654
37012
62437
87243
89431
89424
64842
57090
29877
40537
48243
62032
52263
61931
31444
50952
68833
98638
8165
58299
59664
67251
16224
10148
56210
36421
86247
56088
97452
184
37267
47242
97163
80100
14916
1305
74365
11342
37780
40651
46290
64105
88132
42599
85778
30333
56845
10745
84431
63814
20092
77771
23263
19927
34738
45602
89455
33128
62802
19145
25944
72117
33140
78663
26347
965
27276
19578
30667
54099
48409
18922
34857
8543
16681
12442
18298
75686
22204
59005
28509
35366
93987
37012
86995
45330
76077
53863
45690
60065
2913
9741
24657
87573
38868
30069
97713
64094
92828
97134
83768
87670
48833
64371
20568
90604
24820
94394
89084
60794
60538
82538
33293
85146
60654
49748
24346
36248
85910
77647
85775
77634
71702
76166
31624
50007
32059
98301
48843
42371
4721
91775
398
81731
28241
110
71918
56452
50796
48594
39797
63946
18184
74683
62480
33484
49560
39194
96787
36062
68750
67724
85275
65118
12347
45739
74799
90444
214
14216
15682
2573
92261
54632
40124
45189
15343
65783
73381
9703
94716
50838
46331
41949
84036
85287
76786
52036
91909
93274
58561
49461
93994
20177
16740
72055
77012
22707
98023
46811
24556
40821
6159
13321
54288
25136
30837
37856
5406
36048
16898
71739
4137
59516
69923
46241
75884
88049
99829
48142
57632
1759
63678
35897
86601
11103
8434
59145
34958
59143
53899
9395
58531
16223
32454
52769
55287
18214
41595
38709
78984
80214
17075
90327
97449
9
72175
27146
97406
62279
9011
25625
52751
32004
71166
18493
43653
6392
57291
30605
33047
40907
44765
30083
42156
20879
62713
2701
34559
6173
91139
63099
6168
41860
12045
95315
2216
76320
17450
16382
19412
13781
8408
9679
95135
56780
87991
4874
72893
6432
48443
48232
94735
99962
51991
22616
28325
72002
22425
31606
85935
19451
15074
36271
31758
1016
28962
56026
2714
53632
27951
1644
29676
99362
94865
76992
83764
38231
7189
8839
45051
33690
54710
38961
34106
8198
59154
62359
85006
54666
19950
11631
28843
34120
59263
7786
27226
47031
55864
19916
56526
62935
97702
33855
6424
7751
45461
77004
64146
89103
9648
33841
34599
33397
27664
44644
13585
79984
73581
37312
4644
22642
90943
39499
14412
50044
28871
14500
54664
56014
29685
48626
5009
4159
11654
92181
68727
93341
11511
89561
45831
12272
52039
98707
6238
30406
52483
2942
42638
56187
88193
10462
61881
75422
35946
98657
99023
95998
75403
53605
69512
91925
14885
60895
78501
96229
3898
99863
76485
89239
49532
9244
34894
70191
16940
32453
9102
65240
48909
44545
66096
55973
36777
6745
32126
11804
97367
4987
43263
41356
78278
14632
50275
1454
80707
76291
13882
14716
40468
74175
16232
22812
53482
43634
28514
44485
8897
43037
25000
43513
95715
39580
49458
21641
34937
63250
77845
7919
24927
23236
11777
50332
65964
12788
40090
60051
70408
19652
40770
10161
98376
39351
9898
71659
55111
26555
32402
11411
87585
98840
10178
18843
17259
63457
7734
59654
21262
41021
50750
36885
59008
59328
13727
70691
85855
33527
22621
26644
35729
77829
92416
35042
90197
82593
15001
85095
16065
21381
48670
68866
4442
67016
60380
14574
36661
42948
84961
36897
53483
88645
52887
34316
97138
60814
22884
97608
23325
61664
29591
37659
7581
80428
52268
78842
75910
35763
65662
98152
13747
89279
54902
31921
96325
66649
45513
9398
92179
2474
78543
75752
67179
1205
60462
9975
47205
48656
93419
98778
62006
33826
72381
61130
24732
88546
32206
39749
24069
89172
94980
70579
52832
5083
36494
53317
34888
16938
29695
22143
41297
69616
99771
50300
54574
1865
91972
77518
93150
63945
93583
66484
65625
6339
17833
96884
74870
29469
63271
52458
488
40788
88397
49717
77747
37684
13024
40475
63185
11627
78845
13083
21027
66087
57602
95782
44395
52297
92031
62006
68920
11470
74423
86552
17223
3306
32419
8398
27542
70187
70306
40660
95111
23357
5394
70956
65554
89720
67715
40892
3131
95255
14082
60239
40522
51581
46297
46046
18874
49715
56191
56318
66710
53381
16
48223
41364
54221
1732
7279
67709
88313
82921
27813
91059
20456
24313
45669
24227
78703
47581
87777
76033
94420
77142
71135
13752
41959
84557
31763
54889
5522
62141
67948
16981
32406
32549
43731
6822
92315
62941
16365
67360
89642
43995
40377
3112
33806
68105
56444
67257
61240
56851
87215
24129
39392
73982
67514
77974
19151
1818
1873
62771
7433
12689
92233
96211
87805
169
45030
64962
73864
88834
52445
37505
7040
85527
64757
54719
58193
31078
84357
7621
33346
63018
14823
53903
19545
3885
5302
26539
43074
31404
44094
48869
38493
54622
17061
67681
4615
57528
33165
43969
78406
7041
43232
37341
26376
71252
38012
42982
83102
93751
49955
27576
49155
78773
14275
76645
12606
34791
16555
93613
89156
68142
45538
19770
64015
65359
52797
27518
80749
45289
43978
23740
1049
51466
12819
60974
16576
70409
78016
70374
41098
3454
95299
92781
47792
78182
32178
84417
9512
39713
60895
63430
17351
69845
82676
36606
36364
12706
39871
55345
47296
36418
11503
81532
27680
7472
58572
85000
48432
51137
42396
91615
93696
7035
55464
97060
23077
71933
97831
87124
96309
10227
63330
9407
79138
82802
84378
3093
55767
30068
4139
86452
70593
98110
29012
67460
56194
59131
74955
91963
38319
62965
57099
81534
40472
82747
96649
48283
25090
34205
67147
34446
83383
13099
12660
86358
52337
7923
64265
72720
4964
68014
1446
54504
29768
85747
76223
67242
97964
76117
2469
40647
2770
50029
20044
42198
28498
37374
95909
47013
6159
3457
50782
52575
46380
2345
97552
1218
36396
82052
4158
11653
42793
20569
61700
35014
13897
18244
95606
15880
2884
56876
64989
47949
26092
50121
60119
22659
91388
41130
12343
21752
64989
60683
56466
48013
56928
1517
50768
43154
20957
36491
89972
30372
96130
48880
96363
51051
73998
93608
56698
30342
54158
3273
84528
84477
89379
96677
37940
75139
47187
27941
65570
65191
51240
25211
96364
54489
53207
42229
17862
38873
15349
72316
20498
98428
32066
70483
99511
87295
40329
14654
8719
65489
32755
9363
15999
91009
43061
34505
15547
96907
14408
49291
56065
53091
83886
64263
43549
27454
19699
89878
94125
30471
20920
65449
23153
9172
34918
10819
8598
69154
27084
75343
63697
46299
70827
59300
5548
66193
23833
28529
51209
73280
50778
21839
318
92347
53093
52309
82753
11809
27530
81241
71788
77134
62786
6615
66303
13161
51103
38174
36049
15622
72009
89549
56108
73889
83547
68659
20991
73948
29914
32179
32339
81302
23174
41195
29193
68615
49325
84910
95939
78638
37651
20369
6517
60495
20816
19080
51559
84833
42
55300
53185
76186
46704
74171
69914
34233
36800
574
90150
58352
69366
22436
6815
7264
48316
43742
77737
94874
56088
38128
18417
80270
32625
91306
80777
97089
98923
79433
54794
14137
44
21467
78111
20491
45335
63275
14614
57773
48226
52848
62760
20085
73563
51942
56919
88909
46004
68593
26206
85768
37132
3590
43547
39801
66258
87015
60896
74632
80617
95455
77675
8515
6436
86448
54742
46177
21380
7128
47569
30387
61599
50676
82919
46536
77704
23366
30777
49528
44369
76263
81412
28553
52255
32968
32467
56436
87224
55375
86364
24646
59800
29180
36125
41302
6310
88612
23708
571
43143
47996
50102
20240
35281
97541
33223
57422
64771
60868
24680
54908
61177
93707
86644
36640
53739
98250
10211
82930
36117
26577
13190
35555
44553
26213
17083
21024
24119
45079
28721
97265
86541
77786
59092
97921
39129
2163
7397
82590
64038
68171
58530
89625
62760
27525
10324
23327
74362
79727
15318
89802
84403
66093
78725
9325
7229
6819
75910
69575
95220
75691
97786
33448
64593
31462
78665
43753
37113
9939
49290
44015
65436
37168
99501
71304
42037
4797
5666
71653
27789
27315
46417
19560
52245
70463
65900
1042
17589
34201
6371
50624
15872
47641
22160
16783
96467
78277
95157
34893
60008
29327
43221
54629
1630
94864
45925
37783
99602
80350
65361
5185
88026
73478
69946
61045
76694
98742
47530
61772
48853
1655
21355
60959
96588
26598
21375
85255
58858
36796
40030
36104
68305
23782
67441
23301
59018
50320
12997
14391
66166
15599
88880
97997
76684
5977
59522
75487
11331
73044
71207
68417
95532
6079
19253
62994
55371
65064
22454
89588
19000
86155
89070
20733
70149
6579
44158
41557
58229
64780
94232
2
53866
93268
21695
78457
88865
6484
77727
72958
43735
33810
70483
32355
18869
15433
2165
7633
33624
33451
61345
31949
92381
39983
68853
97276
77896
57814
99876
24470
9752
14962
22812
31640
48751
9770
53446
62385
39366
59749
36059
73479
90082
72472
35242
28945
37559
56502
51167
16896
33750
52179
14800
83635
93428
25629
93156
31227
81459
58384
76877
13937
72752
47038
35569
97289
97007
39944
24748
84522
15649
951
48743
677
48639
10287
45227
38198
92062
10176
60662
24519
47401
18176
74051
38697
54463
52035
20767
83482
12308
89066
53464
13286
35008
49778
90948
52214
86601
2846
99668
66761
4061
71960
10882
47963
55574
6446
98957
47637
74221
63515
74664
198
63708
98721
61175
66184
92816
52259
4071
90910
27290
56846
49661
68521
32157
75749
77472
26724
89344
73907
27302
41073
93743
95743
74547
34341
78716
58370
28180
51822
78323
63995
24880
91475
58090
9974
6646
4723
40634
89580
56082
68309
51300
89538
42850
18433
76531
10957
62166
57761
11257
96373
81996
87075
61495
12220
79417
24849
23892
67920
52538
67899
84870
27949
58545
63218
44731
49511
17461
61062
8545
17236
42394
5515
61219
20668
1381
17012
5082
99042
19376
89970
87332
53114
21153
6752
54918
87463
84272
54685
62449
59636
24074
25162
63414
89272
18046
45294
43529
43018
84451
52174
50400
21682
73248
12650
63226
59404
22100
49781
96607
30199
78807
19679
3643
69917
11883
21880
54830
82953
56491
30279
71640
75199
89243
92834
24822
77863
21174
44432
25939
80652
82344
38149
43116
92250
76854
39201
66052
51607
56159
70966
78389
48794
8013
92654
97012
30122
82442
80264
66575
6706
13945
10036
68065
811
28731
96523
24012
31753
19269
48163
21106
2554
24572
24152
74667
95336
67114
3775
24615
60268
38328
93621
37706
5572
66153
94780
87811
25851
25140
89722
79511
62338
86585
90728
79071
31190
71399
97103
96638
63416
84230
29530
84115
16042
52280
12020
46785
30382
11727
7544
39530
6332
12228
1522
42248
57731
85807
64487
20208
10854
17419
34142
79292
64070
10749
6565
70432
69407
72754
62834
55659
5601
10135
61001
75247
46072
90448
18147
56040
2783
18006
15097
73566
86278
48337
67766
82697
88787
44907
64289
6916
99972
8772
80958
19613
32540
77718
10733
11707
8123
60736
70789
12738
5263
48855
2789
17369
11588
58162
58705
80491
27483
96591
43308
31196
50338
60588
52297
22990
99769
36444
11950
91208
33662
51398
3585
76335
84812
26565
8165
26900
49671
99480
39355
44043
37814
29188
78117
96746
71940
95097
84508
14143
36299
54479
63277
52398
1042
80718
35258
69090
41737
54686
63132
86184
89037
70002
77555
74960
13066
49216
79572
33624
86988
40778
86793
99681
44148
9303
79510
38460
56729
81695
26150
61942
7399
3338
98148
517
89622
14437
17344
74867
45779
18594
94040
68410
98684
4793
62539
67453
91692
72692
20311
20203
77657
63084
70762
10806
329
82026
56595
66124
83409
44979
64467
15444
75604
35980
75978
4238
20852
7562
18338
9083
21941
38996
21036
37676
8998
93646
95663
79165
27775
81252
74840
7613
69808
24970
48774
99533
51052
36407
30776
73703
67430
71060
41446
74718
3093
29599
49630
68580
98373
66849
72832
80019
27485
77624
8582
82953
542
41884
99420
72736
42
85085
35188
19481
2384
86251
70072
53092
85563
50137
23795
37408
12494
7236
68520
15987
47988
46336
84271
28493
323
61832
41388
73632
8187
76023
11738
55558
24557
62759
58249
21835
56846
76447
62020
64334
86216
72228
15741
3754
96319
73030
52124
2627
2743
67589
15942
31172
88336
56186
857
35019
79062
7716
79715
56700
22217
34920
61156
48456
71336
65928
56200
84869
95845
98428
41550
41610
74682
78902
58640
19323
41392
55889
1161
34287
93554
78563
59443
68509
78323
15241
22457
84093
15988
41422
37960
36201
45044
6751
45277
4096
8797
18178
976
4426
42989
39526
2655
70346
7702
69356
17547
11643
22091
39219
1553
86703
76934
74166
26316
72513
64740
72481
92685
73175
14746
63079
37610
98002
40720
4968
50118
6030
2334
93313
60714
60864
32854
16938
89849
7989
38383
15021
14235
65002
51396
56432
20133
34186
59765
2618
83781
50497
62644
78463
12096
91878
28132
42230
84474
18977
37289
45088
11192
6837
53476
30650
96735
83651
6534
52581
60265
10342
29523
33555
68690
39436
30449
52416
30553
3800
35580
66344
90651
54845
99465
90564
58957
4800
28251
13362
28937
12393
36636
12284
55098
41644
19364
18123
19716
45893
14762
74680
48171
56916
34455
90992
53178
69919
28821
68102
76689
78095
64472
47587
52288
81253
31877
47903
15197
56503
47753
78586
12363
49582
75625
29882
32520
23631
51774
18669
86990
60864
24438
68035
43382
87259
79232
96243
88989
31215
47248
43977
33238
81132
70388
86451
19709
12908
43594
4034
33143
41103
52832
26523
55174
66677
31048
70215
36095
26359
46311
46548
57348
81910
5331
34352
47763
76884
18999
76065
28902
12090
5452
31541
10653
58984
42219
89402
32168
10014
72140
32393
70285
36854
57106
49690
97655
39503
81909
94918
50317
48989
55483
47698
18249
2121
90801
34557
40748
47452
67156
43896
64340
77311
12817
11513
89780
7830
82596
95241
79130
79177
34918
67959
32705
12937
64951
95587
50874
2991
20168
32182
17148
46588
29421
88618
39701
86804
37858
96931
14112
3215
849
30723
4628
74862
1909
93038
70637
59598
65277
8983
78713
84718
16973
45012
55833
83879
56867
35234
85569
80486
36480
81706
56344
31388
63105
490
74237
77766
13508
53034
82788
27082
37638
79659
56399
20180
26263
71877
75889
96829
660
78438
98492
98594
17270
43558
33414
10598
36053
41338
73419
75940
63765
42050
82279
46603
29271
3791
63560
46358
46836
46778
41439
50213
25734
43109
23580
20294
49346
90210
30042
50880
19421
46420
40877
10536
77983
25591
81051
93684
73070
23283
41606
92551
58760
25906
95622
15459
41003
80251
32141
65862
8574
20647
5186
80532
77539
29421
50384
44460
97598
70083
39454
63314
78152
59617
20621
4537
1203
33575
38033
87442
50325
27667
4222
21843
44012
71604
82029
21384
98686
41294
37799
78473
40187
14199
99677
56053
54018
65544
35288
98383
62590
27538
40594
51684
26643
91655
34838
84708
13415
6393
18159
69997
73642
81437
72346
67132
22100
96199
96937
93424
83378
24661
1903
56963
3322
27569
4612
8058
30383
6926
63623
88602
38837
40352
69816
90108
23650
308
75555
95188
26013
35222
51839
94275
72113
43305
58434
73396
3181
40312
59830
37551
78670
73446
79954
64073
10156
66723
15483
13644
46917
51830
34600
89862
32833
11086
38847
12503
98245
90644
45890
65876
21388
15904
63271
86801
76043
26254
35989
21997
78220
19529
76416
78768
44628
90933
85071
61043
13005
58783
23301
55260
50917
72802
94250
36568
47714
8020
85949
14505
43286
56743
10279
7436
1188
99329
46137
92390
8829
70789
49287
64195
34863
51128
27625
11276
30905
69179
75822
39898
93034
73353
2767
12689
95473
53023
27416
27768
15225
12566
88035
50376
58854
51112
3356
57982
39766
25158
50440
97659
79347
18420
51766
92345
26055
8433
53438
58107
36497
31655
26465
62266
79353
51125
16131
42753
48992
61395
73732
13280
21186
81633
48810
6268
17328
70915
59048
80125
74729
83297
14335
60891
90871
8554
72715
87828
68908
7801
39446
11764
3793
75844
91893
75202
80856
70882
84151
28447
70741
3104
46768
69800
57141
70290
92327
43500
63158
65486
30602
27192
8478
40147
17281
37183
20632
4453
27631
55732
50211
6804
54974
27105
79219
88779
5017
60794
23634
6336
8776
3274
88948
4544
76002
5963
48110
24525
1687
10972
24175
62028
57223
77345
59804
25292
4913
78209
88316
98240
88309
44307
92711
47367
43753
39056
30599
18249
81945
70409
74766
90996
83435
38524
69687
76552
71672
74981
85387
67709
30908
45779
11168
83751
6539
92256
49683
81890
15774
96935
26238
61058
7217
69128
44727
98665
74726
14001
78934
28223
7639
96767
26584
95723
18935
25104
22226
17400
28733
36099
76490
45552
26953
71821
31079
44022
89525
94833
62273
93746
64927
40428
10195
90553
80615
64206
68356
62699
690
26630
66237
42102
80120
36928
83410
11953
40385
58643
50193
32939
38718
65476
10039
75050
31334
177
47623
58493
51764
59093
75891
11509
95473
32249
67679
91732
10655
65385
29121
31534
80930
33887
17615
16842
61464
44946
51861
12477
4054
52885
93766
22536
62056
66497
77089
74639
96738
95334
8777
25601
60200
35664
54148
74812
89987
55366
53009
7010
32035
13931
61999
38646
95084
28432
77034
82002
53791
91527
22469
75577
76223
14059
75633
21994
76746
26013
2281
85682
57956
68531
9803
63878
96916
60050
94445
49872
93916
19949
27150
42649
6052
73611
16621
85607
89290
43465
65377
93378
83988
9371
83809
40933
94358
44158
6049
52315
59435
61574
42802
42940
21302
48254
83609
88815
51068
58989
61479
55048
50776
17972
96747
45968
97076
53189
51061
34227
15057
55131
38245
828
57790
425
64223
23681
38398
7214
20817
8146
93629
36742
4609
7440
57475
97191
67894
55345
52464
49297
97221
45545
89016
69417
26280
2600
51052
57643
6815
35875
13161
80738
41148
86768
91832
77914
75912
38076
53604
64291
81303
92271
63793
38713
1409
49607
67324
34327
77412
8842
95065
69846
42875
75540
2986
76995
59797
95731
14456
2047
48768
77537
71877
85116
26927
38267
24337
59678
43281
92330
24540
11828
92912
34230
54174
83387
78175
38619
12665
95826
86877
22679
52481
77192
84718
50162
94945
5021
93605
27046
46842
1655
55280
35107
85786
63882
93200
52630
62407
70521
54006
28014
8970
3480
85665
45421
17367
49642
98439
59274
14734
40837
55389
1468
99807
11347
50352
13072
81026
14558
54111
70070
7189
37252
85590
41056
11718
12230
34975
75457
39267
66487
14363
90753
21965
83558
94778
56573
7031
71832
30849
77846
43653
87875
11594
86126
30756
45013
41338
6740
74111
74130
5729
26579
18589
74841
96082
92713
1087
35152
63078
75390
93276
7094
48339
49638
8694
38928
84384
85870
48131
46271
25926
68603
2576
78427
46269
40611
70888
93291
85858
91247
51314
42894
84516
9964
66735
49559
83833
60001
89412
56156
11087
97052
91216
47995
97783
23787
38308
97047
77531
1563
60531
98682
24034
32395
60269
25197
33453
30636
98118
81074
18894
44535
76820
15433
56101
97989
42807
46366
93277
9185
62760
6090
9871
24901
78147
44664
34769
35907
71012
61342
87425
46778
92874
85869
61125
86321
76514
84571
71593
98293
73281
57010
12675
39188
42632
51336
88469
53322
42002
48380
53914
52612
70197
47106
7223
35719
1603
26419
45670
81025
22188
49196
62943
71053
36211
48922
29404
48510
96920
62681
78336
2216
98394
7854
67284
12691
90151
3834
40131
93150
85632
51408
65035
31381
1585
68464
32201
52276
27729
45157
8921
49565
95015
96422
74373
7274
74429
29781
58806
35208
95938
39554
10914
80848
61414
40009
48578
90018
98746
28727
52375
29349
66156
4780
27337
86758
2065
18243
13995
20516
82233
68095
18566
15835
51583
65958
63397
28579
68495
22986
32562
28548
19443
70289
15461
79005
17208
86116
92931
99269
39834
56400
84046
27013
48870
25084
2141
54715
23986
79157
77245
92332
30686
29361
91351
54769
68128
46249
30516
66877
17300
56761
12524
71574
25034
63301
94295
45352
77987
79421
99911
95848
28273
30532
91529
16767
82639
58177
19875
33268
68245
75419
70572
20529
68222
84716
59784
74097
2964
14354
77706
66295
15029
39869
45095
73907
46266
57060
87173
65120
70701
21233
97320
52034
66795
23040
91690
44286
27694
80281
76861
37157
43135
59716
35829
88380
31692
71659
89909
2685
71733
88715
5700
54609
8429
96148
42565
37611
21825
14217
48784
25883
52520
60975
91393
72842
26346
37121
18871
49035
63768
89196
22405
80233
93174
9020
83399
24660
4953
30831
95553
24340
17065
47086
23366
26884
16440
14670
16393
51238
714
36067
77035
96036
99138
52874
39115
22737
66331
53905
57723
2396
36537
8939
3788
49758
49797
26984
76252
34525
59931
7192
20060
41185
25290
71196
82448
67555
4027
43281
64173
80900
10421
89481
8566
95479
49980
81689
37378
34133
39963
38706
4970
54104
45946
80238
14377
69006
74874
56196
59540
56942
32320
13522
97624
6420
88197
77680
43377
82103
69752
14997
71720
22615
61889
78024
50337
38216
20006
83087
45332
16791
40475
53163
91027
56688
4131
76079
42498
93257
7039
5696
20682
89246
76955
53988
93989
91750
88809
13101
38684
8643
49713
67136
85260
99114
63223
63139
38727
55370
1836
41661
8035
11778
72018
98656
67692
70665
33021
43333
54449
171
47878
59950
57820
81139
38797
21174
24954
51548
1783
94019
70551
90928
25681
85413
26205
26793
70892
10984
88283
17810
78910
41252
12185
52630
59635
99626
94490
19010
81215
14059
46259
48891
76224
43826
80344
84197
12333
20566
42222
76009
54998
87979
88601
10283
36857
97224
2561
13714
9460
60740
28424
22393
38675
70219
12328
77561
736
88046
45396
70859
29253
31234
14146
37195
63391
84080
75874
15257
14262
9258
41002
10460
15719
87450
14662
79604
78271
98330
52310
18093
51457
50247
58205
28691
77234
93800
86652
3038
89951
92712
24873
55490
78421
46815
99856
87351
96564
27792
47449
89043
75022
14544
10606
60657
73835
27075
7818
22706
97888
59273
66031
40297
2761
41572
92844
14578
36616
74714
41589
17350
20312
37513
15857
5204
44865
52883
10787
77169
68280
89491
65141
46128
63591
67177
58754
45060
98584
53201
66528
58742
45685
48805
90607
31229
79611
29511
62925
2976
26064
62026
14660
97695
51562
48364
77256
57320
62271
58504
13580
64206
47844
27659
61736
62655
50041
41127
45944
40988
87633
26316
86299
20977
56569
36742
31109
57453
39099
72409
27606
53504
14465
29183
85939
20592
60313
704
12213
20676
23428
46381
22679
4781
21481
86116
90520
12330
52631
17254
2369
82119
89859
6916
52536
41123
11901
13735
6047
36498
98343
46746
6338
45041
56441
46944
62942
41499
65900
42408
4526
70648
47371
85137
8587
32501
32067
67097
35869
83880
80562
41895
81275
56337
81077
97089
84095
31272
98349
47518
26728
36087
77489
43644
68836
54237
31750
17156
95344
93395
44340
36595
11183
95653
14373
66688
54133
61037
16254
45056
47344
96088
62190
16073
8682
31562
86595
20649
14284
62963
37467
60163
55752
71255
20973
45274
77554
37239
6578
28022
34147
7664
22334
45968
39607
68884
49715
24217
39774
94261
26298
56173
72183
59948
46899
30267
38446
18394
27440
66828
37034
42560
89447
66861
72930
87085
7603
65027
74893
12340
51647
74375
36759
60443
14228
68145
97134
7519
68875
35166
55702
29057
82172
67531
9319
22751
31456
14710
29710
28364
32251
78131
96663
38758
50551
55022
95022
93228
78119
78677
81629
25682
44477
43153
98696
43346
71576
65292
40097
45242
57373
58950
97497
83494
77388
65316
19256
87874
97127
82910
8108
57880
15569
31205
96217
67075
20867
53407
75239
16300
9302
63450
77168
34547
53153
99053
72519
50393
89165
82410
31719
97164
84515
34632
21310
63110
97327
18798
28367
94789
16244
94313
14487
89352
78526
28959
19468
24141
63588
37310
63365
91293
35943
55901
34987
52422
30429
92795
78228
55404
35365
25626
60937
84941
62337
54439
55593
5841
31372
57707
72677
44181
28716
36447
52451
39393
30486
82824
68062
37262
69585
8
76269
7604
73116
79836
10838
46596
36186
65024
95456
31402
3381
39351
66738
92162
57925
69653
6876
38748
77673
14004
7800
54667
36271
15633
62721
25033
69442
83654
48473
91558
58374
84910
94522
39511
38761
67425
81596
68355
81596
37727
68268
37474
44091
84924
75309
815
48668
41093
69074
32727
36424
16550
58892
62229
25770
77644
49294
88406
19591
68395
80631
32497
46060
38832
56863
81240
78165
99580
82385
35807
61985
82293
25225
9443
97932
19264
93545
8283
51684
53922
93737
68024
3923
62310
23239
1098
67432
3559
27073
91498
73680
16875
38976
56587
36462
45698
31720
71274
70205
31126
36767
52848
8916
18989
31962
25543
69806
886
33959
50205
36287
58300
69751
70734
94544
9221
69706
22985
26892
41055
69719
44924
26785
3810
8138
26732
43554
83465
35347
31473
13213
94900
78681
33104
97757
54198
71795
86304
71980
16381
4117
34627
54462
73562
20361
80338
49221
69414
55307
73660
61180
96214
25642
13066
29344
63331
8427
44882
13828
93881
96734
26744
48104
84196
54129
81445
58626
33261
75089
98913
85300
23530
48450
69998
50604
44400
51938
475
24791
82596
60293
46009
54006
71063
79549
37449
22925
1959
49155
52997
49936
19953
67838
68149
95963
63938
6072
28964
95259
88972
95404
39363
53712
23856
58599
77005
47298
56078
22942
33788
36005
55903
62407
51863
25523
37178
17222
38123
23842
31188
69860
17699
89440
34187
28416
13061
98899
98028
70410
22045
1182
39395
98690
76427
35235
15205
7431
42541
31325
73421
20848
89841
95404
66930
99262
7056
7975
18086
50854
29623
88108
91282
86702
82191
41362
63837
25495
56657
64024
31166
86377
13126
39444
75059
85920
7199
71578
25255
47783
71314
85453
18071
32399
67599
54435
81961
33746
37783
76739
80185
86132
94728
18053
60745
36354
34926
95320
72538
96464
35256
36979
99337
17683
63168
27380
6748
54410
2779
2454
9724
30207
59118
95566
39715
99806
49854
2371
92609
1947
57796
50182
64152
3000
745
75671
17330
49623
88663
57704
63483
28703
45687
89745
18051
98867
50942
3608
24708
8996
96869
7592
46339
37573
37677
56315
10935
5879
9493
68869
98747
84472
14575
52008
48617
65479
28115
33024
67721
13080
96668
29217
98777
22785
58481
5253
26159
73712
12671
60046
73044
42400
26426
11325
55184
23453
49777
32793
33585
38511
42269
13725
74313
97033
24811
52129
95896
52008
53270
4417
72256
63800
56818
73171
71560
3779
59462
4388
72380
9642
88743
78454
22268
85910
92071
60359
45409
82484
24780
48962
27972
49646
84167
92201
340
19989
37574
14884
72551
85971
79222
21551
47262
28090
67238
58169
38664
564
94430
96025
82344
96311
75930
76666
7786
2197
11273
95609
5420
82112
85803
54554
86208
70675
91533
64661
32811
64562
71771
14352
50901
84061
96487
26600
82556
45476
14321
94105
39046
235
97710
23225
19705
6152
30972
59282
76091
96058
11061
52374
7328
10066
77709
74244
89785
40197
20953
497
86025
5412
336
62294
71073
14336
78623
45953
11720
93445
93162
80342
90057
2999
9585
4090
69391
81268
43663
6172
14928
67543
99248
11463
79852
33733
68430
1324
97883
89414
86255
15475
98941
28794
52664
7201
68297
58605
96548
91964
52479
8663
9529
55763
48189
26410
52711
79560
7066
27411
6460
329
13683
68259
53338
40746
58044
82960
14846
77020
66449
11228
75854
2216
26144
10700
22209
18097
80808
11386
25501
59518
14024
24753
28131
84975
38418
19902
25017
93260
46784
26939
29965
60444
83197
83983
83755
45
14859
99927
79681
92166
44484
85900
32496
26530
71639
47739
84272
81274
6648
22027
67868
61314
47726
73112
13949
57838
17836
65567
54884
45636
89678
43151
37576
63438
98203
69103
91019
73920
43377
15095
20764
26597
98176
49316
2291
56028
98574
52433
26127
69465
62117
11198
88393
69663
2114
26237
74285
32398
92834
89359
7504
68873
63354
43208
58377
16208
24527
35146
7687
32903
7094
35779
84718
36515
48985
52313
72348
73083
28792
29849
31616
26025
24936
10824
63406
95211
40820
97678
80494
29349
52111
85057
74389
54665
93842
6156
2809
60301
43856
49201
80647
69041
2032
15252
64808
13156
54730
43884
78468
66582
68930
23196
94915
99690
8731
91378
74654
44467
41815
79547
8514
66292
2296
32962
21644
67138
58415
18935
32773
42925
38590
74462
34961
55488
74677
76147
8943
59214
1379
40085
41499
52626
81040
18972
28959
42385
1922
94198
63989
31477
8104
7645
251
52587
14485
82144
18705
57723
84834
45936
85180
11066
78508
32017
12033
59688
14658
17513
14692
90678
28451
86852
46437
87042
39181
75462
75544
52597
32419
38758
50262
36837
45059
33812
52173
98701
65717
75562
17827
48699
29465
50556
42746
96257
76514
3033
47076
82321
39018
87020
41718
57619
12062
59752
16152
68908
81794
36438
31984
81898
64177
45815
58375
15584
62667
88761
34320
49024
85296
50424
57485
33112
20925
89223
37199
39091
27642
88899
31940
42705
79838
47397
97838
88099
73622
86673
65221
58005
48208
99309
15786
34021
88015
48848
38049
99406
28256
54711
21879
33638
41778
63035
2318
46061
12456
7872
9763
90052
94252
55913
1409
85315
82581
72332
68726
37001
35829
2577
34492
99104
64730
88612
52504
91720
82974
17050
62208
99552
14216
34934
45078
15822
32335
57462
74378
86100
43313
34489
61549
28210
77251
7543
91652
96572
20053
27836
29717
18554
97311
89687
63776
31653
42129
40906
18745
37810
94736
82256
24279
75326
84019
78390
31145
96188
26953
91490
57633
81454
29136
27978
28262
98319
36626
10823
65022
34386
85153
14076
3151
65303
38101
78904
5024
71221
54677
40888
38783
41823
55250
66752
70449
88109
27965
10837
31214
99189
73948
6166
95872
10359
84131
76445
53823
24308
89857
51614
34183
96159
34560
12011
84239
57955
52493
34282
12298
45762
8171
57433
70870
32860
93288
8364
86362
210
91782
81056
72912
52955
29055
91312
56476
86290
67417
73199
18564
14792
32697
55833
5789
66461
85634
59903
86369
81472
23837
91015
6785
43912
24187
51125
77507
45456
67763
45413
12037
26782
37224
33704
46644
86085
48052
88660
153
35565
52061
47152
12847
83150
11898
40145
73132
66095
97076
54416
6077
25465
90848
46728
39376
49757
37228
89496
46354
14685
9213
76123
95235
5461
27676
19045
673
93107
2751
98916
59492
83612
36766
10290
67015
79322
80431
8185
30804
93311
71079
67304
50033
78743
58361
63687
35349
15749
167
86872
85748
42758
47758
23070
172
80858
25201
31900
63246
99133
10045
95277
81893
62399
66694
1308
28924
21055
52563
42870
97585
86780
58603
84761
53105
44215
87290
46685
1903
83176
26529
66220
24156
99030
12225
50031
77642
96605
5372
51939
46208
75006
45706
78573
34192
45238
12687
61608
9078
65255
2250
49384
66463
72598
2550
31280
63144
67289
49670
15740
93242
57855
8457
2813
5511
79306
31159
22299
791
58892
69739
34575
87938
49780
87464
54679
37247
5642
13417
14290
58498
671
36261
37991
72624
44146
23983
6134
61687
9081
61920
78447
78931
66965
60084
95689
60833
16505
83641
49386
82090
46575
7116
75000
73188
74023
52172
51917
51249
75894
43609
35237
14589
30383
2698
22943
15561
51983
95233
99252
64932
97963
56753
63986
47230
77737
38597
78390
32878
28855
46340
32917
68889
61111
98360
84658
64820
60780
45781
25731
94993
83714
96743
6081
111
29375
29467
85375
47983
38838
47231
86912
30569
2049
26085
72861
67413
94873
88124
9392
86093
79016
12869
31732
59933
39610
5979
80304
73342
81785
17823
80485
53116
71830
21404
28509
27606
25264
40503
51632
36366
87947
71563
80873
256
27548
43431
95557
84487
10517
22341
92872
51635
79318
95376
10729
46728
28503
86747
23770
90308
5933
92013
92803
94216
58004
13373
60699
86916
13449
37566
30503
49093
13389
85860
67410
14876
70732
51238
87334
24208
15905
92944
97302
64334
5520
65447
7158
61422
58645
97796
94180
69702
35029
58129
87767
28128
95996
93923
51813
75055
1383
69868
24225
14339
7276
95888
46718
7368
4796
99804
87353
40998
58529
76244
75125
21261
4798
72897
18169
96782
26817
98787
3086
32685
57719
77938
88830
69372
91541
73281
21636
7150
72053
14362
40208
89571
97274
20852
11615
75707
45748
50352
29163
92877
24719
22403
53957
91911
45311
97947
94997
24881
95496
52272
45414
60410
21133
79185
76008
2510
3142
14051
99694
47791
14226
1009
38812
65625
48180
17100
3750
27595
52466
19685
51634
51410
15614
34278
76147
30812
73226
33422
83819
66123
82992
85769
16900
71268
46411
7401
43198
55353
24196
86259
38910
94749
48563
80022
62216
4554
62866
8890
80043
89544
13966
28902
57015
75913
89488
49866
2500
29874
58622
37810
21067
8398
46908
57702
16057
28148
57537
63817
2584
37066
84306
16276
13112
37315
58653
51134
87686
59534
94955
65107
15266
91902
28466
25210
20054
10273
28179
71200
49970
58189
83167
8522
25127
37792
7250
7155
79478
9754
88314
41657
80036
81588
88065
16199
60225
59628
18069
14403
28539
38388
14974
76036
11358
44185
88467
11469
39573
43723
67215
13362
44614
66427
74462
46465
739
36700
8399
3873
86880
96115
18812
58225
9843
15686
80612
31535
34110
20774
71627
90176
15729
50481
20544
88515
54043
28335
4745
17280
7245
29436
69150
85435
77457
55190
71579
6576
31805
70241
17844
38368
14896
32485
95245
29715
2443
74484
1835
89889
30803
46533
70296
8074
54310
36705
61409
50566
5790
11262
41665
33411
57353
12338
30790
12317
80691
41114
5858
36631
82872
94168
5787
84109
7906
61821
92088
4589
6914
72834
98913
56662
72178
71991
86944
92153
53163
31274
81421
26798
79877
12064
77809
66956
4580
71746
3858
86007
62134
72316
94661
40765
33322
66282
50200
76886
10318
31053
95740
50248
47249
47183
77661
40846
8692
34180
82393
3788
72899
48736
54519
12211
96086
5011
41472
33947
35302
86580
65698
47528
68255
65199
58686
92346
97614
72746
37737
31331
5031
5545
35837
71068
78289
25686
38380
50458
69443
59583
10638
576
24575
75064
73931
74954
39649
74424
64866
91115
13014
19612
23290
71564
15764
34252
1608
53870
39500
87408
80356
8832
8495
83820
18087
32870
61442
14240
49932
33213
52237
84831
75259
5403
46070
44213
29888
74032
98582
97249
9422
75091
37429
32466
34732
80370
1198
36684
94946
55193
15835
33249
85023
96026
19863
57190
99542
164
50296
42671
57547
53994
32471
62260
66316
92867
6633
91058
6503
7700
61911
64879
88223
97927
4995
40700
41872
61087
54531
28543
152
45560
32215
82344
75064
52620
97142
87231
86921
92945
91486
48578
60331
14297
98447
15491
52226
28975
69922
25734
91868
12787
24320
31615
90668
60173
76877
35810
53528
8900
47970
6016
46785
96301
41106
22159
78720
96116
11126
26334
50550
64878
90154
15189
76746
48806
14066
93286
20297
74691
60676
55583
63597
52693
17547
75782
23526
19648
47851
23269
58776
70527
59450
25491
59639
29407
1264
35775
87858
46184
20427
20158
86274
90041
52338
21349
1455
71160
89991
71636
82377
35239
59668
40777
75708
17741
84213
25123
36128
34022
13381
42159
39489
77844
37841
73527
40900
4979
80191
32736
97568
15677
5751
94462
71820
18310
98771
50191
7150
92179
72327
51069
73898
770
82749
15856
32272
19402
92796
45011
98798
77856
82299
36264
41536
12948
44868
85941
60709
94167
79243
73787
38620
78739
47475
4093
63407
90371
86347
17068
32228
58974
37905
67654
50533
81754
86461
74022
21112
25237
56891
22846
22668
77950
35922
58359
70415
21620
78046
16022
20806
51978
53479
69743
93823
13562
75483
47627
79946
92204
37419
29507
66840
98400
80758
7157
24583
5349
75447
39762
40987
29052
90002
66171
48658
55444
1339
55559
95032
63254
40747
80999
43034
57778
23595
3872
50360
49614
89599
41904
4848
28122
8235
85463
37751
42746
92807
9274
9998
76618
81217
92076
83576
9987
32173
47519
32386
70925
38041
9496
55360
74516
29305
2071
84146
70702
63580
10457
31083
4907
61768
2653
4089
50974
8800
46348
94883
80971
63282
16866
85770
27510
44533
15848
75678
98762
10897
86878
68679
62683
92041
62671
20084
96427
36835
94112
51112
42195
74563
31998
22932
13317
67269
12724
49830
18483
97311
30928
99488
18703
53677
83390
48001
50959
70208
74264
49892
95310
68180
82306
70614
96443
13710
80017
76890
94185
85686
13635
50372
51418
48431
61207
34144
32214
38499
80152
53095
44401
53841
63313
86404
23133
50755
13322
390
77381
29248
83349
24473
83401
9577
67111
84081
53623
79366
28154
13573
18981
37647
75744
19054
9359
77930
19529
65367
88065
83423
30087
58894
8179
24888
424
13302
93123
84691
67244
57143
32660
28948
1824
16631
71625
78971
49129
73695
93620
36538
13692
22939
87019
42933
79570
42066
88521
1033
55650
67242
73860
49715
2035
17962
13852
46469
57830
62710
42094
86465
48048
95959
76880
97105
85417
90051
63959
31488
65870
23153
64478
19226
27399
26904
43543
13564
3038
12748
17513
51816
33930
91426
84640
16403
49020
20937
17656
13867
56121
26266
88595
17457
46331
46476
84261
17550
28277
82686
99007
3902
63565
46991
71914
62618
13516
81025
13284
56618
14264
29994
68664
68510
98707
14195
55118
1331
59572
20393
98769
22608
95479
46260
98673
9389
99529
23338
25523
68465
54039
66413
40747
36646
96376
25986
96100
81478
66466
80921
68535
24292
90148
96700
11325
93020
19730
60674
98883
83643
94521
3220
2501
98874
30084
11619
8484
67652
97596
73452
43106
9568
24178
10268
55286
63429
81243
219
90194
766
66892
5366
11429
16037
53376
24572
23226
3963
60096
2960
24230
41558
32222
22143
41618
88241
47431
41625
24986
18211
12643
215
45406
97149
40230
47396
27917
22352
18355
89572
25624
58309
93911
92554
24806
5302
79312
62930
90633
83559
46920
44506
69160
70353
83769
65736
30815
90072
6321
93465
82553
37119
15993
72616
15541
49424
95481
88927
29601
64173
29405
86532
73467
23794
41256
65493
46684
22175
11105
73674
884
10739
88588
98311
71355
39512
67221
44788
57639
56916
93483
91665
34555
88566
14277
4625
29598
31752
97982
86246
91962
9154
24346
32334
105
77420
58930
47785
39849
53909
43990
32475
77701
87101
63885
12418
16509
60953
38129
7660
33448
90616
5704
55133
336
97880
46758
56390
94681
57045
42224
41130
92183
97754
48029
83670
41527
62368
95492
55548
31565
40760
44805
24431
13477
82357
89407
6051
94763
52267
86806
17359
61864
42423
4624
99774
17452
47802
72719
35926
87404
68784
8359
59510
41289
85179
20472
88851
47422
2900
84552
60245
93394
71049
64364
13114
36361
46790
58354
7416
75930
62317
70061
13667
3389
22327
84215
89617
32806
16448
41929
87627
34870
12003
25748
52582
5502
46996
5615
61135
19641
42771
30114
83917
31905
47699
30534
93856
6246
64498
75819
14562
76870
61337
11565
20176
52148
24471
95206
63273
40420
16037
21632
11332
20314
25295
29765
97980
11832
48588
35910
58714
25563
55149
37456
73290
95172
25515
56263
40228
74929
61468
63865
4651
15120
52333
64060
18896
18818
63462
4974
94881
83716
61927
88523
23907
42838
61210
24365
63977
3144
62391
7181
29734
89887
64285
70389
12666
78781
82767
53972
61802
98082
81344
65951
21923
23449
88970
32504
16133
4927
83521
86855
19350
89990
568
49396
93993
37928
34128
32710
28935
30468
27562
55297
79683
64020
81285
62803
10679
1876
81788
73107
42396
78374
62469
38682
28155
50453
84773
36807
89023
46306
23903
64560
57634
44448
14253
31793
98872
73801
31575
81522
84144
12708
57317
5649
13297
54727
27027
99277
85495
41487
32843
92029
61122
79944
97286
61981
46809
56096
91105
41978
92257
58405
94737
35371
41129
83079
45777
63652
71547
32609
37809
21488
95197
45791
55375
16434
24176
45486
46584
67841
50371
5102
79382
37463
31561
20137
99204
85604
75171
7672
86504
72269
71277
38858
52281
6172
20145
1498
5113
12704
58748
59928
80766
80673
75699
12049
19230
87278
81448
80916
61199
86897
68562
70340
66194
85303
29364
66930
94431
9336
6947
12879
94253
58442
64877
44561
1439
12667
42879
2589
26872
1174
1091
83598
86114
30876
46083
95337
7804
61704
62357
13486
78116
62032
51333
74152
6138
11729
24444
72674
47681
65254
86534
27471
24519
52821
8353
44048
97468
28069
55528
19212
12999
36966
92598
95846
79537
81160
40576
93893
69262
44090
67816
78313
86490
31416
48861
14539
62649
61117
26981
40687
88494
6563
48803
59639
1779
58973
18231
41081
76873
36517
81493
91145
50682
3042
13551
53177
42554
75363
2384
70147
42972
51749
88465
74560
41181
71694
20224
89581
50380
33371
27649
18844
33962
13201
5147
65441
9098
68981
83038
21085
46210
75014
28839
4803
19111
744
78282
63265
32590
51470
23511
76153
48511
30185
83727
84469
58706
67125
76173
32108
45349
13853
47861
3434
33507
57653
80517
10492
90416
69193
85634
3041
88826
79981
34416
15185
34776
37514
73056
12497
17112
73315
45683
85880
59541
5041
5820
4629
34329
32406
16150
49829
49063
36706
86130
37869
14759
3682
91580
46736
58662
6371
83935
8174
33956
46415
69988
56930
52524
65531
5745
51454
7208
74740
59007
18609
95142
39447
22043
58307
52419
92116
26821
46986
58525
79696
8513
47417
86229
83367
35477
87794
94326
72714
28381
85020
53848
5814
7019
99801
22040
97630
79041
14051
37074
58195
60544
49880
66855
72024
84800
7559
67811
53862
48008
85148
27432
74123
45633
2903
7957
15123
60468
69278
4546
5481
77526
59988
13929
44092
63797
54526
49105
12982
99413
38733
6696
2541
41553
39524
8495
12192
33594
87816
11142
41531
33672
3787
78276
6819
20090
15854
29274
41256
10101
67986
60827
70389
93777
85155
94360
47803
60276
67902
28695
84220
61096
15028
39463
27891
48173
10733
56355
16559
72059
46089
58814
85571
69561
32849
75293
44314
85834
93542
66429
70011
64237
85379
41191
47824
41043
62780
97918
63976
8038
42164
6677
22153
97552
53156
85359
75532
57454
98952
26871
60614
31452
32677
79038
11839
23916
770
48892
74811
63103
96040
43475
38193
90773
82019
42539
24519
31846
18704
56085
12604
96936
95740
47464
53969
18567
29940
77829
64815
95105
79176
5799
23833
44421
55750
31628
55295
82575
9330
43665
50657
35000
33310
22137
32779
39555
25010
34364
56526
46549
44222
13239
67809
69454
9682
3119
53155
3757
43125
15008
80131
91026
25620
64877
9629
64696
45212
21331
20618
49225
79923
43899
87988
65979
53951
13207
88505
24469
64869
15253
1218
27531
15022
38123
89113
81580
97995
56949
29308
13251
54892
88032
47268
93823
51018
5976
23022
12357
38709
44938
74355
90656
78212
41083
19213
94778
22669
53343
99685
6717
27752
78491
18286
98504
54613
76880
10331
37519
60478
67626
87866
22863
97986
37326
59228
52431
35601
78460
87658
14958
22501
94514
93402
75564
32389
92422
58555
74460
41453
4640
39832
56034
31932
95903
77890
43206
61692
62398
14366
22464
2544
18531
38129
16087
35244
52243
9082
84165
32124
87665
6080
20119
38534
95379
15279
79188
68802
76183
30622
41964
23700
25439
21063
19023
93878
39025
23022
95384
77174
69732
19925
18887
11400
24801
71701
57710
7339
68015
41455
94741
17265
95702
15350
29913
86294
16145
93672
97689
67964
28424
59853
81718
80600
70639
18166
15326
10837
58948
57328
39004
81173
65798
49441
83589
94574
47475
6328
25797
58748
53481
25848
24050
43707
83498
98311
34148
69200
47838
14073
13713
29223
895
16053
20590
20946
93624
77242
26336
95959
38410
2083
29507
68922
84346
23973
458
89525
4930
33007
63674
63815
66860
56857
96422
4229
33373
73599
57423
78126
64674
78841
32996
5970
44517
58286
55855
98068
92780
54368
37039
84367
30443
57695
46077
46326
10719
81476
9305
24933
91318
43154
98849
18133
86802
59199
53483
34439
10084
43478
45840
5264
55517
46685
56419
7040
6461
89936
2780
33370
33478
91221
65319
64107
46898
15249
71931
48041
50024
94322
51746
81840
42919
82112
87101
2790
92158
84597
6539
57227
93453
57239
18339
27155
50764
7030
8275
96093
94679
79978
23842
36808
88453
83937
32806
31735
55009
34038
82039
81812
69152
12804
34299
24965
7725
94562
71052
56823
26718
27510
3323
37820
80
97704
30254
8185
72522
77128
77169
38548
5997
56781
96094
95083
47726
89522
41210
60403
39364
24714
76825
2027
27554
84360
99809
70448
59482
18822
95197
55349
63397
2196
58584
371
91699
57026
4758
97625
40940
44357
56777
89007
18574
93379
13964
38309
35694
1354
37405
81889
54566
81904
32448
83567
4273
29275
8370
17859
47172
94445
15832
82176
67054
32540
12142
30745
79975
21471
4146
47160
50460
67359
5658
29345
47619
56281
36906
46250
84277
64283
32937
26843
33541
52665
88308
51286
33492
23896
51737
52830
30605
64939
34850
61433
31632
71099
61937
5049
86304
47331
32918
23708
39317
55680
87824
26113
28399
97431
37787
5333
47569
22213
41462
1097
31790
19361
57197
94523
70480
48353
93084
3850
72012
42591
95267
18997
91393
66657
36763
26545
91123
60685
6464
80679
6575
10524
28901
58619
14742
80846
86689
66585
13417
70734
72824
76521
12525
3686
97900
63067
86124
58251
76695
81259
74859
55995
25170
76710
94783
90321
12664
25581
33164
39052
66778
79760
63286
60941
81934
19974
44137
7681
72177
49756
47216
28584
80925
45315
26306
10008
94833
20225
43457
88311
79831
74529
48781
45850
10227
73629
7532
76044
1752
3045
37670
9661
25546
59735
33387
99713
8750
3643
33027
99916
20202
83885
9907
42574
11840
75042
33932
3472
5886
17446
34838
71466
55535
30408
32258
99605
27595
39303
93309
79690
5508
10319
8682
18461
51526
97452
50949
42969
23359
66683
32060
57471
70185
92399
16157
33503
7630
66892
73282
29338
56214
85931
3546
30920
15886
48700
52326
12248
71305
41263
83834
51343
48452
77533
94125
26596
77286
39240
34954
20633
70295
33183
12595
55580
54956
91565
86500
83522
10177
61025
60046
67341
19696
46890
71348
91554
37329
8497
64154
64202
51629
25327
19761
86768
54223
53979
47490
46124
16281
80136
13820
59472
77112
85784
18966
31663
25185
18535
66363
73155
74020
12532
35886
78788
71131
78724
23757
66056
19061
45923
18494
5863
68088
37417
25640
77242
60025
89683
75606
81885
10517
18948
79143
92269
44386
40914
41186
18459
46003
20399
49034
27340
68534
7786
49955
69622
44194
98270
63618
88369
88824
45013
51536
37954
48174
37725
14736
62183
8060
52310
16210
56627
50023
18990
84074
9161
27269
38973
74201
41622
44462
50816
41162
10914
57178
78130
74578
15677
65229
86059
62294
16998
7180
38286
6629
5265
88930
816
62861
68834
67759
80231
11399
27828
50392
98299
21867
4159
44525
7176
25926
54348
56350
90970
18891
47362
96721
50747
90931
29630
98524
70485
14100
58468
34191
50314
83271
82855
94237
17321
16658
33747
54311
53638
2306
13980
28119
50812
11874
19592
79873
24673
4078
55190
56410
49514
46868
57550
62435
95507
92504
30012
90460
89584
70931
80208
47147
90011
84352
56943
13180
58236
50073
27182
94409
3641
6174
99241
73449
17821
71747
58620
79344
82304
272
64920
1486
59003
69925
48249
84871
1702
71296
67193
29534
39487
80449
77267
4113
75330
50031
70888
73690
7083
52878
94705
52763
53667
61394
7147
29464
5559
77897
306
22192
97745
21467
55957
61862
3939
42250
83868
25447
78564
46414
38942
17886
16180
52586
51626
77612
30193
27538
91333
81671
20495
56261
12487
43563
15339
10792
72163
67559
62235
45984
15562
91011
12227
44477
23196
41953
55904
52462
42624
56880
16381
16168
54714
24421
42629
36825
27027
74909
90316
44912
82443
38396
24377
40275
95937
12866
58724
87074
60877
14127
87226
40517
83667
41724
76393
38320
75375
8036
90657
16986
20940
95383
23051
28001
95894
40361
89648
72109
94869
15604
38677
22483
66421
40435
49270
46416
38694
9467
19831
50462
61768
90656
64378
68546
18858
1215
39547
70318
33447
48036
45425
32279
4183
62540
59859
84405
51255
45795
98148
79496
89373
51563
93433
29570
79512
38478
14651
79348
89894
95431
74843
91603
91816
78747
16160
44403
28745
58893
97006
21212
76260
71330
48084
42058
89450
96526
77558
47872
75212
37794
12872
16017
70848
4638
77584
97002
77265
59034
52789
83235
87492
73983
86545
52245
73170
22752
38201
55863
98717
1425
88061
77089
75235
13478
7059
22696
13765
15856
17196
1480
10839
53667
88980
25709
8936
54195
91822
62855
37306
78419
86153
61567
33193
79792
61199
46397
94459
79994
77070
26746
24746
3761
47357
65395
42985
87350
26428
43603
83087
27223
99755
6923
11056
74489
50855
30975
79002
1213
94510
42212
16512
83001
22845
69628
8544
45109
71594
7697
90768
94855
71905
61511
90212
8915
42423
79638
5417
49393
68799
39608
11314
42455
30175
84198
89010
55918
31691
97517
91381
91779
19386
2134
91612
13347
57935
67204
92812
5738
64577
12848
21306
80117
56782
32909
91675
58786
11325
867
84794
12565
9899
79236
44955
89108
43359
38637
93359
39622
58215
32050
95605
24157
33318
1998
9337
39810
42111
3518
21349
14588
20123
19524
88380
62552
8737
70060
76580
89573
73956
26783
47800
15026
32610
183
70174
2737
21297
75883
83393
35330
49603
91820
16449
58304
45179
25946
57975
19420
47848
16768
73160
57355
41769
42524
32605
181
45454
88654
73585
35145
30199
86435
51450
61986
81097
18557
41195
31480
24022
49738
37068
83814
51137
84704
44452
67849
7710
9412
5231
55071
13445
33182
55675
35050
67129
27351
28729
11075
90578
51094
42193
44221
1791
3857
83127
45575
6884
75906
90998
52575
11294
1505
3007
22438
73964
87788
7177
8356
8097
24230
39879
17124
40553
59748
67773
96421
57386
47352
35761
59433
47035
41864
81588
14831
3967
31089
48708
35418
86384
34956
57473
69016
25975
99295
58611
39840
20320
73058
6895
89369
39521
50603
27256
42467
7284
11495
4455
713
79563
69589
79869
31745
809
86813
35856
45723
96119
8409
25290
78140
20967
42238
75682
53375
38685
63313
9108
25572
29427
74691
7372
4139
77790
6666
44479
82551
4938
38316
88045
60269
84513
25358
50081
82153
74358
34355
75968
21162
25185
50729
10170
77251
83765
34066
4404
95222
22315
82765
36994
39813
55138
38882
91945
69704
58995
60861
15473
20551
35435
93813
44237
77630
75267
67163
44507
38934
2171
96873
92092
39448
52488
45510
54576
51075
95876
35885
87694
79193
95296
27855
44812
65064
14390
71663
5541
26789
83948
81093
45614
40962
40048
98872
22954
39377
86724
85796
31375
84958
75745
48855
7695
37266
49611
4650
8909
28166
13878
39620
95360
61690
44835
41767
35523
58640
29814
86542
40570
93901
73280
74289
24825
86943
83965
1532
17570
4234
19616
54171
45657
17314
20036
44506
58240
53424
91769
22436
10160
48097
13912
43557
25051
95392
25423
80718
11938
10299
16188
78788
66564
2940
29256
73867
325
44379
57693
85933
84694
35479
82685
49481
6046
26915
27269
35405
50095
5834
92714
94263
60595
79810
18154
45091
91970
42045
16830
60816
41543
27982
49543
64646
54312
37207
11412
27382
80960
44108
12793
47278
15408
41352
6042
32711
44863
74009
84391
73149
27063
24329
9848
68059
26587
1972
79422
96245
22844
55791
98659
49991
45944
84473
13592
90685
29166
52913
9951
38012
1207
62835
68006
90624
4570
30760
25065
17658
34696
28310
44777
79439
37031
63798
48935
69574
79199
45864
17798
21789
42491
7657
18979
1261
49558
72078
46934
93020
69717
39486
26292
8341
36367
18890
25680
95251
72037
68914
32133
89844
74834
23319
31060
45219
16367
26468
6319
70669
13194
47940
46289
15693
55708
70953
53030
6351
9512
67136
58747
36889
76847
11174
5833
96293
30554
6048
30135
43440
23270
32419
12274
4160
91600
18994
60628
28321
43508
75662
95367
69996
43838
26759
96911
24432
72260
71769
18521
86641
60645
65089
61889
18456
55982
16395
70086
5101
34626
25638
78231
47772
87836
96730
39869
23122
10454
25804
5574
67099
44828
77529
60303
23101
94627
85634
31229
4607
23937
14321
87755
69377
27875
41213
63610
26070
64535
77494
86382
29727
79205
39351
38692
531
61462
76774
66452
54189
11083
93039
53626
57195
77595
30259
28642
70831
44431
81851
62402
15385
46941
26856
30120
11244
22766
96489
44689
31745
9245
16475
83887
43107
55685
92712
89148
48700
82872
72981
31763
9494
23553
38342
69161
40113
2898
75877
26515
89534
7663
60746
16777
28
67192
80965
68083
3108
19620
88638
31645
85633
67170
9691
39055
51852
67965
64017
201
74733
73034
77448
83301
96769
8113
37964
97287
14195
68235
83321
9131
48421
53693
37131
37739
70697
58312
1743
32753
18646
78132
61886
22653
53786
17011
6544
10451
29973
74419
35974
66900
90528
49268
4190
88541
55887
83873
3634
33850
38700
46547
90327
72492
12309
15356
96666
91241
80456
31758
69623
12016
53026
77774
62781
69258
10504
35873
26268
5619
11201
75603
27732
61196
37427
27252
61810
59393
98178
67869
67204
27664
12805
608
72745
31635
69029
54496
20159
145
24860
67430
45282
39962
50390
58876
85468
2539
19573
23673
82351
2019
24091
54921
21271
60329
76457
18170
94481
94638
45039
91616
74887
81136
81978
4000
60860
4406
77239
43770
53059
64762
9835
61897
91159
1628
36200
78255
57457
60035
3910
71243
26827
54200
83484
16018
46098
79990
94213
63685
91372
65321
69258
11828
61324
95054
22170
96820
79593
40083
42540
30568
39628
60139
3951
75433
87122
92861
38255
18304
60707
57936
66892
7148
97917
26450
78726
27278
43327
60359
81567
43771
21278
26534
13150
5962
89809
82178
36703
26678
11787
90407
38318
88481
59313
42741
65058
82679
29321
63240
82928
89739
54828
27482
34933
82625
75397
36994
58098
7789
13145
29724
24474
6772
11439
39476
42970
72136
87086
58507
61561
92218
76311
62611
95328
29382
56963
2944
38094
57200
14001
95523
64170
30500
60170
68489
11067
44499
94779
34465
62387
24207
34159
78618
64380
56742
74803
78798
9681
91435
54187
94453
68458
30427
38954
15066
62801
56950
27029
37356
92162
74603
62807
71696
64509
55725
9715
27604
3769
75161
47503
72593
87863
39059
37521
94892
37535
28372
35473
61360
43576
81225
44493
53381
36029
19581
39404
78967
66342
50918
95139
73856
12093
91640
64276
21306
83173
77683
20221
24533
21747
64489
22101
57888
26655
42977
71286
61589
68085
86030
89701
45573
65289
38846
58435
41915
80804
7204
19909
27715
20361
50156
53730
99928
71131
42560
19751
8203
68369
56171
95158
29229
36360
52200
79755
59996
36200
47747
20244
41431
80631
81915
99416
60080
99864
14818
43690
49213
84362
10247
2489
6997
53748
10926
94
99259
70652
20859
63813
55708
97225
14373
47420
7735
1297
85525
79418
68054
49920
30272
39398
1447
7116
51521
50264
12399
99861
85628
67157
63576
84142
96049
10534
61300
38822
95099
98593
25338
45007
5511
81277
58622
19928
67226
57846
60785
42257
59643
6282
60596
90568
95367
62350
90141
48360
25523
22135
74012
64129
47090
98305
75366
12260
23952
59121
55967
70092
77693
25583
47027
7521
94825
25858
84871
35283
79692
77864
41720
74768
60561
47217
37202
73618
54380
18454
51391
49649
28148
61074
5510
84076
25977
18339
53195
8740
30145
10537
98425
13212
78555
84730
45556
21622
19422
96172
48102
56065
93073
24612
20066
10971
1542
53700
44070
67119
59245
69156
89931
57810
75431
72493
37272
91032
24700
34101
13373
1476
35981
29776
8616
63467
59144
43406
4409
72525
5302
63804
22599
70118
76099
31362
79827
44974
1420
47863
4074
4678
15877
77573
29646
35176
62630
84685
33161
9799
53391
59672
94022
69780
60947
30575
92298
90311
1893
18046
33216
54538
77167
92122
51427
86565
21536
41541
11316
24384
44176
17293
78167
43674
79244
95325
24331
43817
28397
65046
49553
73450
10674
84666
25414
57197
95948
59366
90417
70374
46389
1252
28652
67471
58507
27284
35617
73166
32388
43367
1396
78832
78739
35781
15639
58810
59606
77448
67816
92562
13150
54540
46513
80324
71554
66634
16035
59412
82346
53739
70727
16088
88784
60735
50320
77261
47398
44907
54402
87148
27923
59262
23187
80239
38009
14957
54168
74192
96631
72365
33564
68797
36683
40890
64805
94946
95962
84096
82333
57900
40456
34237
22222
19134
57528
26509
14229
32271
53700
87010
33260
14541
13647
42805
10699
98010
55669
85211
86964
29970
161
93760
88382
33711
25356
53841
90698
83005
8121
10272
87944
4296
37892
43119
10075
43108
24031
50340
22649
25338
32084
7500
10625
35899
54526
3156
37443
40962
79712
2480
78388
9957
86354
94082
58978
11142
92472
69741
78150
68168
98090
33641
64142
46841
11986
39521
26080
26218
63466
56236
88644
63222
54840
1143
61570
93363
43890
36228
34173
80273
87189
20638
35438
42186
2224
19194
13306
80680
8428
18820
4506
25984
77254
5960
78162
79118
91195
47603
30360
34034
24905
8588
34717
73323
55613
1552
41019
44864
87622
31505
94299
44396
58777
34642
70492
55400
19901
80878
71865
30793
56545
17109
62286
8565
40793
92208
16039
86234
33184
98776
84210
93791
78344
55949
2226
61572
69283
55791
42303
44299
14602
78846
48197
1649
86124
72515
31081
33295
88211
38892
94412
72788
76130
3381
36876
50440
56468
78553
35130
78252
34037
83132
71770
70514
61781
62525
28618
77362
89578
91582
10713
99008
86489
78000
1603
50594
52628
49703
37187
74059
40795
23913
68761
16792
39227
43397
19141
1447
89394
61276
39898
55950
34540
62400
986
77512
66360
78291
20250
21978
75169
87449
86117
63327
84909
70019
83912
10557
14599
81216
22487
48648
23226
94442
23911
8679
48023
71278
56298
25499
50508
49842
55139
86944
82807
39704
78340
72511
86389
53611
74262
2858
39327
19717
19407
59848
744
51601
71324
16580
65675
79597
26684
53205
73016
37656
77066
80763
12269
31720
91536
10227
15429
56270
72629
11434
85425
17201
24023
80849
85961
70801
12463
15756
95008
22916
43904
24969
38298
29156
41119
35531
88456
10095
52269
39453
45287
45308
56406
16782
12384
31250
52752
37708
81453
60031
46909
38341
58703
31966
89962
83489
44163
16576
29280
16346
46413
81495
20591
87820
21524
96196
36489
51940
89449
81467
46102
9575
44933
11506
49569
41321
18313
628
59484
65084
77749
87203
83796
99888
26866
83362
99751
9671
412
95750
58794
55930
29175
10699
72238
69198
50985
63821
7542
56605
84891
81119
54722
86555
67460
28301
53930
66260
39318
90949
82972
9818
89667
84176
33703
82922
13442
86162
85816
16399
76715
95862
27661
10124
82697
16999
10073
58551
43585
3413
95135
67631
10344
997
27676
94553
6142
7657
88454
2507
9151
60340
21141
20598
8507
51442
87504
61392
83393
55536
92465
91228
36478
35227
74254
87116
49934
2535
90875
40369
71949
2574
60720
50895
8814
94417
63292
1758
16948
84494
16075
13082
97570
69889
92010
89259
7904
69493
28483
5796
14157
82660
2605
64222
65562
16889
23496
86602
10246
26296
17141
14093
47697
50596
77755
47686
53133
83983
39545
5284
56630
95814
7113
40297
77449
98341
45674
31816
72452
88107
79468
59257
74477
92163
15395
49872
89159
59286
94890
28302
76396
54804
66509
74323
90166
49856
3677
20321
3077
36746
23998
79970
72230
24038
24835
47805
88427
8435
74380
35464
87959
5176
52277
33711
69063
86391
55331
15175
26769
57375
67265
62093
66605
36201
36579
41292
57016
66511
10471
