api2_id
95943
35719
53069
52812
61688
24456
95749
46018
63041
85812
90437
13318
54855
31928
37742
39077
51380
66562
96524
12041
85114
8029
64114
6153
86959
70843
28471
66819
52436
36312
61525
9875
88212
89891
60269
81427
44371
23996
24755
62523
25385
96797
62022
10044
86820
69057
65930
33718
78155
41409
80383
12570
45803
58309
36804
47743
76595
92719
58014
81887
10593
78705
93350
2380
26559
73205
38642
72658
47793
65002
35665
67140
88336
21267
60082
78813
20120
47551
14691
95931
70312
58865
61099
33633
72208
33428
43190
86081
10873
60691
94437
26298
96135
32317
38408
27338
34978
61093
63987
27168
11130
73911
95565
47014
15667
94243
6755
23480
83469
9547
19441
29011
95869
2140
71218
1215
27643
36202
45015
19752
26519
72680
92126
44010
44364
95233
34663
11325
51886
7141
64121
54199
46040
48790
2011
32671
86845
72683
27403
16634
39152
92800
41839
94814
43417
20272
81400
47327
53286
42220
7571
50207
31599
20427
14151
45671
14460
18768
7250
40494
77284
99846
49579
26936
23752
76710
64577
45424
20833
45625
87125
1097
34721
76639
84174
94395
97504
54788
9569
65125
44519
32571
3229
5855
85101
64704
15069
62733
2853
86395
90116
7057
6643
60754
86733
34607
28035
36598
86740
11787
83722
42792
10274
8101
88283
77197
98492
2120
54239
25759
29122
54117
80818
64925
57841
92289
23612
10254
12255
38391
63328
84282
52696
2978
897
9694
50105
902
23429
12598
36176
53478
27018
36943
74395
82470
31605
40087
81916
45418
64339
84170
51776
20021
22752
85709
66161
86499
28252
27844
58501
65108
73159
90756
60297
28354
43203
95225
8042
72379
65650
32224
81085
10300
66954
70370
70001
86724
2678
2258
45478
51027
85400
92210
7561
60078
31669
52261
8307
11826
2708
4003
41134
54242
45381
68924
69609
54152
37971
98611
97925
43120
16005
72521
3426
42065
75001
62890
31197
24764
44317
64568
93609
54591
32345
98131
87136
46558
58549
55955
89535
73519
55566
2193
17933
11030
48867
65894
65665
67155
56427
54689
36208
5809
38132
80401
15766
217
39794
79426
44596
47525
10472
41909
39326
70278
47547
92108
17255
52546
50034
69300
58886
40346
39640
64379
14707
58979
89255
48491
35475
19861
3174
70299
84514
85383
47835
66275
4537
27111
29356
48410
44860
12580
60765
85635
9179
8024
76685
60106
53842
13980
67042
32989
95543
78466
58436
61404
19163
38055
42105
15453
84800
48873
89547
86094
57487
55662
82212
32485
20971
91633
77913
17794
64489
66371
49328
72148
93585
87031
49707
3073
11859
60468
24537
1346
37708
1122
31772
87300
60837
14409
77241
18570
40729
80931
74061
3920
31960
96771
58826
91484
82449
64664
31443
52328
41881
77059
25849
39079
77334
90884
77270
68637
92299
23765
29523
74489
9260
3125
93150
37686
8568
56956
25607
64740
72849
4788
18196
93059
25275
79054
36193
15795
47470
57739
30936
84719
54693
95230
95593
57960
7377
49084
519
59796
61366
86695
53200
43673
47037
49946
24720
86018
97622
46328
68893
2623
37641
66232
80559
34373
70151
34278
86859
17572
16229
76064
67726
60285
55432
85543
91590
14856
65283
13142
40228
34929
96343
34187
39532
3525
61893
64241
76610
77527
39182
39252
57668
56596
26811
71466
8827
3594
23316
54656
88511
7193
9395
49434
82457
98336
94839
29405
75628
79900
19380
6090
49159
6808
75506
4470
40010
7857
58902
34803
93613
28986
95429
52472
25416
34706
84563
42138
270
76543
60280
65709
54482
90870
3102
98621
59257
87131
77810
4526
62328
9740
38213
46987
51685
85280
10838
52245
14338
10292
37126
63413
47505
33874
86999
11712
22636
55043
48060
16856
26724
99160
26480
86841
52857
76997
19511
70727
66546
37196
48926
76387
54409
94949
96600
71303
29462
88863
35060
64555
32581
24001
95738
75427
33363
9864
36635
52905
61377
17044
2801
10274
99352
43489
35877
72281
86367
66826
49169
66641
77392
49968
52881
60051
75970
19181
67779
32302
60873
96610
11241
59560
56317
22289
57151
86558
15690
67801
56951
95236
52863
99093
37168
82254
33623
83039
29881
16417
38010
36190
13526
61546
30131
82125
20104
72958
83127
43810
37320
28701
20814
9288
27349
24350
23262
14430
6459
58644
81894
59152
48413
77133
77998
93273
68077
73555
72832
75589
84089
7013
91020
90798
57873
68255
52898
52937
18775
53922
68442
5569
26792
32032
35830
47185
92757
88224
35705
66766
85646
25746
65034
76110
6935
92810
4117
19931
17436
80786
41159
31101
24781
87984
33715
63009
87765
65372
19427
63924
56954
20656
5831
46177
23273
87228
36105
94696
66707
63680
38714
87402
34021
74623
66640
91128
37455
487
43988
89134
28090
27943
43252
48822
51666
11373
16006
13527
44954
35126
26749
77726
75882
67752
82010
75365
27744
46849
29675
7887
28195
80277
86786
64039
48950
76505
86789
78450
34100
2807
70478
52059
39864
52187
83709
48519
42796
77258
91519
41204
91572
17014
27635
18596
53096
67150
31819
2248
99668
63505
23871
97151
14731
82484
38035
58524
6507
25947
78789
38752
25320
11302
2749
79104
82597
72042
98746
11386
70297
91259
83776
78382
80251
15346
5524
87007
79689
9601
37063
11812
70560
63632
78313
32821
589
96638
89736
26525
23550
8409
52401
40135
48172
76351
28114
75888
11952
39333
60385
69111
95309
67995
3679
91705
64542
33104
16014
92853
26318
23836
7553
50191
33856
54084
15460
34749
50287
61585
51119
47548
76564
4530
76076
63970
34417
11875
74426
34542
48222
58708
42479
67304
55718
25961
96216
82901
52478
93125
10530
32537
83180
24345
76129
64668
84763
86164
82164
6682
80375
52805
94447
17216
31054
73341
31672
77818
53014
55386
41916
87254
20342
48454
67589
1931
20668
49703
33767
42228
10767
64417
88970
69973
52568
20099
48020
30586
53231
95977
75606
7804
74775
74713
82761
78046
546
88641
71604
37914
86284
85934
71900
63618
15988
8744
15750
332
46415
58053
94834
44167
65357
96425
6747
91984
875
97710
54395
95708
86194
73631
1047
88523
72141
15931
66926
70577
66983
17056
99883
48961
72612
29463
20806
56514
45035
14458
98856
64825
57144
626
21570
40429
8317
42403
53983
40902
1676
19601
80231
59296
73923
49051
56931
90593
76633
8350
7016
19736
70252
12745
73121
85676
74181
82682
66141
55699
78986
87435
53087
54340
34659
97087
13993
71847
77515
84927
93869
26571
57881
91217
86139
37653
72779
32888
86174
57715
95299
82998
94011
46024
51118
60822
56423
46205
36050
70744
89567
40518
55778
12096
44412
88013
79223
42971
84553
31707
1607
18275
98260
47111
71083
41661
68454
24088
42060
57461
93244
79742
88107
85348
55706
85024
99307
14857
2380
61540
55535
50724
84194
56763
50004
18543
24533
37278
87808
52650
75574
46689
45548
33741
32278
23368
83618
63631
85160
95281
41183
6891
90523
58298
58261
76454
78354
44373
39144
12924
72657
18109
60094
50579
18800
55219
97550
6219
37175
8876
82435
10782
28990
23373
79334
33300
23173
73721
56187
23356
56665
40779
36622
9948
85754
74259
14749
55151
80012
35147
32716
26000
64905
31583
78733
76267
70699
29241
20604
21596
16387
87053
4631
57735
8934
86791
3946
60548
27296
82433
25228
91000
4720
36568
51784
50120
28309
7822
66229
4788
49203
18467
10857
33733
77896
15736
80165
55866
17874
50110
46703
10910
12924
77394
59214
94293
15886
83305
60409
357
81885
48106
94139
87581
47558
11278
62143
14566
56955
71085
85697
29594
24810
80943
81414
61354
9990
52179
92067
41150
16965
24465
24110
98236
88111
74818
64650
50122
38339
37926
91600
51778
82835
13634
68013
98069
97861
99049
24451
91287
92748
14522
57536
65348
78720
1759
47822
9587
57539
33991
77410
24438
67528
18087
40646
9292
71696
57071
45067
97795
20534
39947
84725
53331
11283
10126
75845
91530
99854
18843
99288
17059
95577
50640
30082
11247
63131
63224
35744
84228
58966
67799
62705
43488
26808
93979
16509
86799
59189
99523
47183
56083
68672
70442
23715
67190
21885
50965
35030
87681
95400
2556
67151
94803
95015
19561
65645
33707
80960
34198
27747
10313
29363
66943
36819
37548
26795
47241
41379
75691
59666
5217
47857
63619
15458
62838
51834
73614
66257
23367
17928
6642
20596
1187
33798
3528
9575
15847
36248
23651
31467
31741
21379
71427
36617
68260
55870
28489
97604
91940
9156
33183
30095
18485
27598
32775
36529
31458
61159
53065
21832
10790
26716
98352
20171
66315
1818
80468
13912
10746
45609
461
56620
26652
64631
88607
38187
73041
67641
91046
46587
26093
24779
49052
83775
96671
20941
89649
73339
74336
3091
82823
77811
30118
9440
15760
88869
47633
39097
21210
46966
10604
47910
72036
66128
68179
22038
43820
4561
75741
6064
93062
57325
24249
83055
47617
86054
71205
45043
19808
21367
16074
84096
61560
6467
6670
19405
72505
77102
79445
26573
94032
50125
97918
92621
45156
88541
13291
51645
12511
52465
47097
59561
474
71825
62816
87129
97894
46901
8548
95033
27320
76949
13224
58540
6033
31560
17497
95012
76061
27742
87332
28209
52539
86801
44627
982
59470
1814
31618
20681
79737
96571
40528
49546
29865
19706
23710
56438
25357
71515
67189
68262
81227
86135
81265
2801
53278
90717
78355
81283
45994
16860
83225
99053
79210
90766
78866
84018
7201
9991
69333
75030
11266
17059
46629
9481
43158
62017
56632
79615
50234
66584
42374
58682
48174
39861
854
87224
32451
40517
16059
80932
58653
32536
25257
92897
12716
51097
34907
55863
73434
89222
89597
65841
73716
47314
1287
52079
62715
83950
1471
94339
97386
9962
30631
79027
56203
43944
92202
10395
49113
54934
79856
44592
27262
26191
39317
37814
16916
8043
74694
81475
1045
95273
61680
9887
38518
39458
27499
17050
27579
42290
32146
71397
24705
10036
67580
51338
72504
85075
7833
11319
29986
65102
69863
60723
4988
79146
92138
62735
98806
19912
13216
94524
78081
9332
10691
61929
96666
95537
87915
58929
27654
97146
54571
11280
76224
70924
38895
38797
32326
30033
97886
12428
20384
62689
42867
57126
55471
21058
8190
88836
31033
19471
3957
87126
13830
81973
42794
91804
39245
92572
5593
24633
50646
55823
48330
43610
368
60827
44938
7180
69464
2701
47661
74418
53210
7871
83536
9935
80390
42605
23184
4465
90899
26254
80772
23406
16340
57274
61034
27910
9586
26490
3628
15979
27941
6051
10655
81345
75177
17390
80553
89782
1659
70915
11818
92662
42167
38125
92147
33087
67989
5709
90568
42887
15272
56414
15474
80991
22561
5229
54496
24977
31296
78092
15359
59719
4902
35587
47463
94735
18525
17262
1374
84823
5764
36120
99791
55621
51823
50489
8153
79152
84127
56729
20175
84488
48847
88155
82554
25481
58964
76250
26575
34374
2192
47011
86980
31867
9287
82334
99701
56628
96580
66739
37596
49968
54794
36924
7225
15386
49635
33761
24294
26149
47550
32275
17392
52774
22824
28347
86828
28056
15239
224
27134
11171
74045
57642
89829
25786
29864
8148
30252
48078
70670
48827
73127
21956
49540
39293
91455
23549
12274
76057
36365
84962
5437
19351
54249
21194
20103
29344
42628
20162
76056
6491
55425
1726
58883
34106
18919
37655
1756
24796
4856
21042
26378
29982
87623
37031
52194
90765
50113
75658
20838
53020
54106
47350
72484
31617
39681
39580
35201
34353
52226
87319
46127
21543
37969
49240
68124
94559
12274
69887
9598
34722
14669
66151
75402
37385
23397
31710
60287
15881
18992
86734
21342
17436
86922
77183
82776
28609
52835
65933
51627
31967
6166
76505
23857
38984
46082
87605
9187
67833
61070
21603
28423
42283
91578
86132
39180
55641
56452
41420
83371
6261
16919
30991
11949
99640
12401
10485
16921
40113
9778
85714
5996
14057
24917
6220
11232
22095
40071
34036
16280
1571
43130
35162
46987
57041
73184
5445
93455
51180
79349
91688
946
31348
77643
15822
56121
1665
31650
67915
12347
37775
50311
7399
32228
16577
6992
73419
68736
4988
25972
49067
62080
75472
46189
75184
29000
5176
19791
32969
39057
94845
56963
25145
82865
57482
52072
97459
61294
17570
93611
49424
59267
13494
58342
34978
66876
90093
67920
20155
35279
58637
27409
45515
59242
45858
97639
39611
84625
25286
14553
18498
35860
6060
6699
76572
71262
25255
82473
52642
17795
24721
72375
80032
91748
35047
36191
78167
98657
90377
14472
98931
82658
96414
95109
49941
85143
67642
4420
80732
26975
47270
36018
84095
54042
70056
28576
74333
20830
48164
59400
86616
46300
34888
44657
20401
69271
77667
4103
61572
28042
6545
50414
25323
4561
91408
17489
62992
12521
57490
72923
42633
78101
42346
19923
13024
90526
58618
98124
60833
45066
67421
73739
80686
74935
42477
97142
76691
12220
56276
80600
58801
79306
918
39972
48404
83197
55730
9998
58629
67297
179
61480
97491
79202
31020
96910
56444
37923
57401
14123
95357
82383
90828
53854
52929
30596
63430
4760
72034
68154
49885
17944
88779
35706
81423
89140
71657
3668
79968
62930
4768
13404
17048
69523
84501
43214
55775
76903
73662
52110
4944
84414
24504
33748
87390
70983
64756
43129
76902
64600
49357
11033
29297
40240
20835
48083
85079
33662
6794
60138
11219
86459
14438
2851
44171
53660
46841
59773
69846
87003
97576
78775
5820
82169
97403
21145
95263
61522
84189
30547
5997
91444
40693
7251
19002
58849
60148
76985
7306
63741
4342
34647
65098
39113
28175
18317
15277
25576
77817
5961
78481
37561
73226
62135
20850
37048
31866
16095
55949
41813
94232
34682
4386
49254
22213
36679
24866
49730
15038
80125
50893
64194
59209
13487
21232
80112
48310
60654
36684
80101
958
42959
48778
93926
36345
35138
32457
23616
21172
56029
93271
50269
52850
77580
60046
45266
65738
48129
44962
12817
84626
50060
42051
83108
28699
16448
97202
54441
16277
30513
21906
16999
31011
93218
87246
23675
36577
5158
64974
24884
97606
88383
66910
27137
73728
74514
90210
36205
86551
54247
23639
17765
3082
86417
27464
61587
47274
45612
55895
92101
16933
87179
82656
52446
72974
3769
59666
4104
34146
49197
50021
54758
18344
64731
9769
91986
19550
26811
47590
65554
20378
60836
2383
26185
51137
40016
85202
68284
7088
12390
30470
92686
45696
30219
11771
27133
71524
76323
94779
87056
95594
36556
21469
45073
88488
20008
5121
53383
85894
50142
70117
67989
78536
83211
54413
24519
68076
67055
9252
18861
17177
47061
34761
61006
50930
98800
14635
20231
39520
94200
31590
6050
97633
15009
78191
64286
21550
60943
44279
40583
17089
15466
33387
67181
24061
78431
37935
77466
98980
21804
94604
93571
42923
45124
75075
35890
85900
30178
89740
34538
51006
49189
62370
54134
4598
67954
70964
89327
61666
15936
46685
70972
19406
18280
52862
36734
24969
88063
50473
48092
46065
86639
73602
18143
28503
96637
65330
39777
96268
49210
73484
78148
24190
97371
99119
5394
53364
59511
9
59633
36607
62997
77281
86493
19911
88061
12755
72728
48604
75132
27069
17630
56487
69245
22367
42687
82537
45165
98553
29977
55372
54611
46442
50565
59304
66675
50276
27371
37654
16008
55331
52991
46410
70898
2913
91234
45482
52020
73439
36008
53108
42750
198
5523
89537
54558
11479
3920
98950
53527
87071
60633
7103
17150
51625
65016
26073
37918
66490
29711
33460
34414
43748
21929
93644
76421
83952
69256
86925
93421
10204
64047
48489
33113
51365
72134
43748
33296
83501
1033
59994
48184
46334
80073
27504
68604
12188
67012
74747
1391
94479
27662
18681
61630
38036
8604
79948
61255
98527
39564
42189
3594
8514
44003
20640
73097
70450
83252
72749
78040
96594
73297
21017
14357
14342
68702
58813
87514
92054
93291
28067
7520
63764
91046
80879
10311
98729
8002
18698
74543
86081
85886
36765
46669
17453
86127
69783
19907
58903
9721
82490
94243
91065
96383
30697
42717
95325
89654
18165
38843
3810
44366
3546
72352
82521
53599
85781
7080
96390
14492
12765
90561
57775
7573
60912
24370
71797
14603
30896
55722
16549
53756
90503
58614
22170
99201
72340
39371
30653
72232
51607
4231
71443
8075
52859
1353
58691
31346
24926
49882
75077
54428
66173
27868
7239
8735
1218
68828
86618
57241
7642
59646
72402
38165
47630
67600
73567
12208
80540
75289
26607
74954
97539
32001
10102
20641
24450
48409
90448
44933
20612
97609
27974
74454
38693
15446
40447
41284
65523
5268
72601
32393
49918
46726
15863
73137
60469
53050
70755
2435
17572
97983
82095
97342
73455
9054
35535
70753
29021
27519
20213
96139
59468
85010
36317
2262
31923
17576
67135
12861
68934
92908
73318
60188
39544
89552
58750
79298
31968
43982
80829
73175
72232
45122
5785
50038
8582
32806
54281
28732
58456
95374
78642
10945
90313
15296
89617
76397
99303
74470
93210
76868
74145
60757
11388
60582
79225
68198
81179
13870
84764
71394
62870
45950
98836
15496
90915
96817
5730
26986
23055
84323
8232
50255
56094
28231
78511
96544
22168
20658
73784
99856
72670
81259
79034
32450
80714
69210
11676
69961
55025
68574
96929
21363
77535
5492
33930
75556
61995
15900
38947
53334
1576
43647
26820
97456
28483
3603
41880
95620
9493
396
29168
83621
64539
20910
25449
32196
10185
47112
93000
40505
97539
80564
85806
28721
24347
2802
28263
48148
89854
11297
58116
27034
67654
92129
83933
24587
80597
31339
48196
471
89474
12859
75979
58797
24318
44536
81728
42375
30449
49388
31533
18536
36550
90255
34701
49899
79567
26773
98874
71843
20759
47902
25676
84976
51017
80040
64477
74943
5701
29289
10521
81263
83598
72180
50790
3476
95967
29407
67547
63086
13294
4244
1739
36520
13294
65474
46459
88705
1160
475
76184
91214
27529
82026
31574
87547
52307
51220
49706
49167
17583
85052
47088
55621
8738
79144
68993
79570
15364
77457
79137
25349
7027
24391
84068
30464
79177
4014
49859
85467
81785
48124
32269
6365
43872
25130
98810
7159
48069
43824
53539
16683
39759
76770
61331
68857
78756
40386
23714
59109
97496
39030
95641
30696
92519
78300
23630
14668
1276
23178
92951
83432
65502
19608
75156
43649
96029
41287
24207
23306
30662
96698
31310
83280
40593
97528
19972
93555
14305
81509
48988
11671
32064
48561
12940
97795
10942
40011
83184
91788
59548
36316
94806
98051
73247
19250
8548
43382
73849
83396
82474
87548
29608
71025
8788
40596
65651
356
25690
76420
50785
26877
28700
23923
63548
56423
96726
51039
77095
47338
7339
85410
53227
6650
49351
84895
64687
32900
82447
80372
33833
88995
91644
28302
7092
40545
34919
79336
69865
41355
81646
65379
94747
20481
52186
83363
49897
89360
22888
92285
90597
94400
40905
33475
38602
7842
9189
6351
83048
27661
15380
45875
16040
41928
37271
77731
79535
34234
90760
70074
62122
46976
35816
96149
78974
40233
93057
17948
41658
88769
86915
87767
50232
25965
53310
60410
68468
81065
82218
8487
4689
22330
76633
23980
90865
3469
3470
25465
46304
16471
75692
7698
94474
70566
2259
99018
55495
94041
89502
39849
62490
44652
49403
14949
56776
80278
29688
21204
70700
29687
60112
10689
53386
31341
93296
73204
82713
62981
34309
81941
59274
49405
4563
69031
91470
6443
87345
21345
22315
80996
71128
93820
63711
82641
91370
42232
55658
3302
56925
78503
17481
59608
40568
68705
95700
8518
63610
57333
1879
86994
19463
70849
76062
45657
6530
32876
4399
15219
35819
69784
15530
91450
74791
73261
69189
91874
27868
17825
16364
9094
59807
33899
79533
88022
5060
85744
34379
83512
82034
4739
98815
34725
47339
38669
71260
4621
9657
41800
98626
83622
16854
70216
37922
25585
38836
93474
44775
77086
2639
36536
64146
68467
73995
77285
26731
89529
98752
90782
37374
9408
59893
31801
60371
98559
57867
8834
11223
41890
26687
92958
43336
42876
78759
22696
90971
88700
912
97978
84282
47801
79272
53180
11816
84055
73410
27849
47509
62369
14492
28400
86650
56107
21461
52362
41295
54919
14529
74165
92142
13870
36701
70672
54869
48406
6075
11041
4368
60762
97937
75752
98810
81048
33107
86248
66427
86331
26751
70630
58006
26098
79335
88870
59512
59346
92047
90691
32018
60223
87503
24335
8073
10437
70034
27883
99029
92758
80485
83754
43457
13752
99153
23685
376
78716
5555
58348
39717
99567
34955
26476
11359
23353
32032
10892
84788
43763
98682
17646
8009
84721
17864
59423
83571
13195
38301
5172
71076
25332
63342
79057
34975
21288
75120
14185
58613
89874
40417
47443
14342
86256
13184
80976
76682
92669
9913
26667
64457
99475
19307
27798
85105
42996
85733
29965
18436
17596
79413
70705
92377
682
22887
85427
46078
90161
98730
83448
95704
69815
10484
42128
84464
15521
2751
38143
7458
90000
98256
40799
70740
43411
79368
34874
20409
43809
21757
13979
44786
4021
75309
20848
68301
19599
86417
51086
7126
73906
54463
91945
77224
61881
58522
2431
99075
51443
65464
83398
42730
44074
81437
30617
3861
7897
34887
915
46744
39680
74538
13144
75581
71492
36179
72770
12229
1958
15029
44317
83352
45288
14736
59056
42278
75184
75963
11700
95485
48
93985
43590
62092
53099
47759
92319
52140
1872
95187
37907
65130
42846
34215
63690
30178
59737
53739
63910
30279
98268
75567
33722
60674
97482
30708
34772
19712
69890
27435
62809
93883
78211
76109
49210
52091
70707
97144
78397
13390
86056
40288
14085
7197
33673
33675
6842
18026
81582
85360
76146
15278
20916
65885
28985
50561
6388
89328
17223
13475
68289
72463
15178
51586
66242
4982
88218
88076
17017
29109
33786
96943
3454
65349
64457
98613
82390
21049
71679
88120
41933
46866
74861
45830
50843
70294
42014
84752
24468
5968
54779
96031
34304
87545
19420
60858
61622
93900
88360
66261
14833
60197
7018
46931
79691
3528
70094
58113
78691
54716
67229
15319
69421
94698
67152
89756
58118
7743
73747
92440
36507
47689
9365
38648
29528
86403
76343
52947
76902
86850
78415
26923
87273
34530
51426
50920
4745
81207
16532
70741
55698
83019
99772
68562
66137
98805
28867
62793
17304
82640
12416
48855
12388
84827
37819
35373
89220
53184
80169
80919
91520
93364
36853
51902
76013
80102
74543
70222
2588
25315
31187
66955
87850
89361
7571
8156
22510
15557
72220
25865
52896
76510
84238
36978
99390
86880
18838
32861
54645
97165
93135
76672
55145
81907
3210
67286
60625
16882
41966
72522
11757
88762
75762
54133
83746
56314
10651
94596
83777
32483
36225
58448
95414
27549
8455
85248
88662
11897
23089
72771
98187
34284
88383
44232
44922
73691
84659
41573
63760
65370
9474
52002
81589
11769
31582
63915
73732
78815
50339
71234
49978
40712
40959
32712
85532
65761
32424
36983
6909
16226
26763
23633
64479
45248
64062
59757
35183
44724
46355
74509
90325
56815
10532
95610
99512
79066
13659
12178
39061
92238
39659
79525
66496
22811
43529
44233
66740
18558
81822
94321
51753
78338
64428
26252
16943
97846
82768
69446
41972
98031
50062
85831
26749
73441
30007
73081
79598
96319
63022
91088
91835
19065
25824
29168
53833
8989
64100
92957
65101
75353
95457
29294
33434
92135
70100
18558
5694
75019
36737
35190
75401
52073
73876
3909
81278
30230
71818
62896
68790
77739
91153
31182
10505
28145
32830
75555
53566
1957
3707
11936
88562
78345
21440
74920
37753
45086
1835
91836
68783
3068
85082
41682
92100
30354
68896
43369
54439
41338
72681
91233
10014
39430
38278
81373
8758
21258
74383
77889
54626
52053
19880
67452
72461
59664
40455
26404
91680
75926
68756
8816
73675
90115
75857
7730
22791
75158
51673
16005
79141
45768
65933
34800
28436
52192
66841
50497
6128
4621
34834
11490
89791
84290
62841
69163
80811
89784
89
8570
90976
25984
11524
14102
74495
17653
40367
47128
5366
35708
41613
64313
58023
82168
76932
13244
34980
46069
9163
38639
34525
41743
78417
7169
61777
50178
65544
49218
89739
92047
11681
64035
68817
70033
6819
23261
74554
39306
19508
81589
29783
91883
11673
70887
21185
80058
13949
94492
94877
88481
63362
51024
28303
58160
18225
10933
23267
70628
85024
95579
19419
64472
89579
36877
9692
68058
55361
18623
29590
74688
86017
54840
75738
41983
81921
4587
19054
42977
20199
22095
60884
30132
32430
59609
89888
50055
41737
94429
39475
9050
49052
8991
17718
25454
47926
65883
45482
61117
9831
38718
57304
94084
15639
48388
31970
13097
50448
71111
96686
22000
16522
81065
44730
81717
28483
6128
18178
5069
72223
8783
1337
1498
81517
18059
526
38746
70974
33860
23128
5900
17269
28349
3091
55049
86288
19637
14539
4508
25655
69236
1647
32153
88621
50861
75189
92941
79478
33189
77451
31521
36030
2599
10807
20483
37136
45162
88614
86577
76517
60287
9270
64828
47854
48113
48898
30491
55171
16954
98054
78826
56139
8279
41218
52531
78838
71849
90612
19487
97760
34690
90253
82182
68984
36298
29443
5929
9188
13526
31292
39812
81842
58774
74310
55193
13179
91796
18938
12741
46206
36563
1074
47040
41821
41599
89076
98565
18128
68319
14098
85059
21266
30953
75723
4758
67368
58903
60936
81484
97415
56795
47267
1550
4250
52133
72366
59295
6050
26995
34273
45361
19752
67714
56376
15141
48095
10671
94867
63283
62060
96746
84705
54733
64674
86239
14510
65873
47184
60469
19357
48522
95342
38289
25525
17893
81804
11727
21716
82625
74238
18762
55057
8920
6572
793
48136
74519
7237
47937
51816
38224
14364
60647
24999
4525
97735
70081
39089
528
19633
92755
68018
20364
88104
81559
16100
99558
90135
67715
49267
38821
81094
3122
10007
92308
3199
4855
48644
943
59360
56790
41357
4608
57272
4626
83369
21302
11742
7062
71525
25357
17879
16061
29655
32138
96235
68149
89511
61709
98398
95160
52862
86902
5847
63381
79017
86193
73808
52315
52858
74364
68310
87081
5269
83569
72920
31978
18381
47909
41860
45487
39659
62015
63615
13572
47919
51407
8056
36012
59663
26942
13316
10041
86460
487
39554
76846
69681
54471
77772
81750
64171
63391
25541
93511
34042
94551
46203
3956
13353
24870
25471
69756
31481
41094
33504
64362
69099
73225
94785
28722
37132
33295
68376
20241
80367
81249
61403
21005
4242
95900
75490
60473
50216
67706
27614
13072
93526
69730
81805
75474
47711
47081
26107
58004
49069
78280
96389
68645
13882
23186
98308
70787
65925
57997
9702
33077
66744
64074
47217
38818
78161
88903
92496
5520
66645
95397
52951
71850
35715
6179
58550
7628
51103
11590
56597
22516
35588
4558
49400
28571
90926
81932
84151
39558
41029
41959
90976
46438
16211
88518
23027
46375
33005
13837
17725
1804
55940
34889
45518
10060
39764
34904
1128
93117
83863
26505
43525
83302
83459
94959
94148
89023
5649
62827
93301
39758
5293
41272
91152
89157
3675
53526
3172
47559
13475
81249
58401
60744
11195
74669
99444
89745
16576
56712
12551
79315
54886
25180
23905
6180
64890
57202
27357
57909
52898
67347
12064
83265
22189
36172
43875
56387
24144
9443
43827
32946
46605
40779
95546
81775
71989
78405
85714
83975
70282
20107
11610
24363
35783
14692
88696
44876
68003
12804
4290
80804
12284
63836
64076
26789
54252
90667
11579
45596
87767
87966
94909
41651
74529
85652
51081
67605
47573
46604
59406
523
80088
55561
22214
99987
55314
44870
97108
14120
19255
44126
57133
49461
29820
69921
59682
14697
1377
62497
22412
52396
9067
74864
32398
73177
2980
21733
59274
32594
25137
37448
85202
88000
61121
98179
7789
32681
1570
17107
70890
52653
94928
58415
22218
92733
72632
72208
94255
43725
84854
29514
60158
97340
47008
4638
52312
62996
55741
43937
61596
23276
13858
90449
4617
18538
77034
9198
21148
11877
9110
96134
22629
93496
22948
69757
9636
55316
26668
88526
7609
67893
19912
61280
43186
86607
28364
38949
98705
95689
99098
10406
96963
32633
93551
36135
32792
54748
23290
72722
57218
87660
39946
19463
13659
49568
32056
63361
59987
54157
24099
32402
90432
23354
35453
51983
2556
70964
7003
3004
28542
36881
46636
83898
3689
36419
6558
92312
34315
88815
50604
27513
27046
18085
34806
85078
71844
10496
34675
52135
13503
8369
27724
49054
67195
26291
73227
23372
19166
89424
54053
63832
19513
67703
34995
22352
88738
72026
36634
65652
76126
12591
90325
34459
47550
15455
63645
21588
29191
37759
63116
17681
85677
72582
64430
65160
77307
86300
8215
65610
84387
71646
45630
30775
43734
9892
77836
76670
99173
74710
33791
15470
38607
12384
46513
20306
92231
28568
4260
74889
53213
54398
8162
51359
89473
94980
66754
82058
29214
14918
91313
68888
4310
97041
35949
46188
28058
36115
53854
26782
58378
71221
31293
45304
51938
68326
68505
52875
41192
62925
17020
8864
11109
4062
87544
86035
39363
22218
1138
1952
29222
2255
28715
26024
58649
96933
53876
32985
52680
98456
32310
76271
31151
37400
67512
20022
29041
23198
9216
36807
50505
83943
91933
91924
26283
37727
48827
15297
48159
96934
58853
30123
27287
18637
40197
34238
87855
50739
34335
55119
9100
64503
49455
29873
38380
69932
31186
99642
83622
81554
98409
85768
33286
85606
59276
53665
67707
49119
57993
17450
40812
37485
14604
40837
14716
88135
90307
78910
28563
17141
42039
56564
49591
75102
36339
36190
62351
19955
32499
39839
22636
70677
54133
11968
11000
94877
62626
94063
62268
58254
12022
59443
50310
48549
6112
66467
21965
61010
43600
21398
34659
66391
6593
7257
37506
32505
54182
49047
42297
29907
35379
2677
79925
65612
83537
15535
87782
13462
14412
26658
67769
17115
55159
62603
80105
41305
62802
14879
53593
37777
82288
23301
61678
52772
93460
69912
34309
58430
7496
78691
5099
81180
48408
61594
5697
36538
92207
88299
28523
15319
35709
9315
15992
47497
78487
84531
74966
95568
24571
58256
71161
65619
51573
24503
9019
43268
47758
64792
98619
19760
56369
22249
24071
96013
97985
6914
28451
21239
76508
31222
18997
95091
64175
95215
51965
2561
17624
53101
20650
44833
39557
91285
77019
65660
59767
22661
39079
79745
41886
18639
80363
33143
75388
888
1509
73440
15496
73561
61415
9985
14736
14574
44608
12061
71498
32687
49120
71792
68303
31736
13722
86431
36173
17779
79732
47462
98793
31574
48808
69007
55222
65316
29849
75792
70448
48530
85653
1640
15042
91565
6306
31430
51311
67834
81973
55315
19810
28852
58950
98691
38476
99110
72384
12689
36931
91654
23152
84334
88947
67232
36166
10240
15806
65661
88540
20557
72063
42410
63387
91999
45912
93858
40101
13284
58767
95778
29058
96351
63284
86966
47887
70377
7793
9724
9654
47903
57366
79654
24935
67020
16853
20543
49832
34624
17692
73481
27277
52745
67255
8917
75553
92920
44521
86574
52975
76489
97568
21844
42190
12706
29189
15584
2516
83925
86482
48051
81699
81612
86083
83096
89260
76628
96101
88567
15822
89550
20883
95725
2500
39936
44435
24915
14499
6456
87468
91720
89199
37294
89520
63457
75791
88046
53995
93430
91100
65038
82712
57974
31868
44167
21850
95718
92309
18122
85272
76305
37446
60816
39694
67696
32802
70379
45960
68606
8583
22273
2403
2770
49830
8303
38192
16046
8047
59900
70513
11121
78355
89834
40443
43167
98087
41721
43077
77461
53303
62979
74590
78744
61522
14718
55951
26331
75110
72430
48110
80762
11177
67679
98607
23697
11823
36155
90718
51096
56626
42678
71828
46922
67749
11799
58724
20446
25534
47869
56282
96491
51533
12518
86738
22413
14837
15166
64789
42747
7204
25994
28699
92218
90963
26379
23800
41537
34647
50294
34406
69136
37351
16100
19468
78763
34845
51391
74184
6827
31036
64339
99926
68086
60407
57909
90909
32653
6046
78561
69115
99235
89796
26724
1409
19060
16542
25965
52705
16688
90948
32702
34120
50340
85991
57976
83311
82743
29440
85527
41587
97602
1939
91498
99126
33373
66281
57595
70911
21092
32356
64645
90402
95883
8365
38703
99808
82206
12330
47240
38837
63213
77232
81074
91613
90195
84130
40883
47185
6043
56431
16019
44968
16267
95628
76483
43996
75195
9385
17746
60286
18598
20320
80026
88662
98443
63672
91814
43619
77118
54142
89201
95274
74527
77081
2890
49195
68925
34496
20626
10422
16572
63214
30434
2811
40446
11682
87722
54114
22512
58739
37024
63270
97070
42089
59942
76638
3495
22030
32656
84495
31554
42808
90184
48913
45352
8878
6766
60269
38864
3291
86107
71895
5266
92312
76019
42815
54549
15775
32294
51894
119
43129
59109
75257
33977
94331
95591
93196
37627
16821
64741
86138
25571
45598
73131
69554
20586
94054
74917
98086
60793
99105
70633
25860
72916
32616
8726
5079
95157
85234
10138
18281
7392
7970
44502
48868
4488
12231
12735
16500
36667
2485
79947
57383
85826
49124
52189
28610
80366
26300
10129
77767
19344
12086
62472
44871
10863
76088
72985
30864
66245
96528
94763
18802
11976
30884
9542
84167
76675
44747
23545
94584
11667
55299
70696
3495
65925
54883
47238
68855
56496
83881
86382
45006
58462
86436
79203
46389
74758
24582
52188
27042
18689
14684
35542
61614
21000
99679
63197
73665
60264
11296
22673
27941
18340
6056
91604
94286
16818
69826
33997
78142
91941
70424
19106
52774
69166
25054
62820
64675
28444
39187
90011
6988
93329
3592
17269
71724
78600
49627
41849
98385
62896
52101
67612
93059
93109
76556
93181
7486
19435
79682
52861
17605
94725
28683
72279
38647
3705
75838
64322
47032
4870
60483
32169
83492
6757
75028
5925
57411
46417
70485
98513
81415
76198
16040
26826
42552
54124
47736
21754
26230
69871
21469
3775
75648
19917
89155
17855
99743
5616
63721
80594
53321
90985
72567
64497
23282
24361
40360
88479
74173
13501
35303
40523
32582
82872
15308
2912
50120
13285
63728
22773
81591
63753
90726
36688
93897
63121
66274
71540
43023
64246
12942
94223
27046
77069
70936
78803
79209
25702
88921
19122
43821
46910
45121
58486
66130
90480
3669
41864
7432
12034
26723
17246
43094
5229
29735
89862
89257
81978
9766
65756
56533
94132
37749
66484
37875
49150
62139
43648
99178
64540
56982
38565
99480
41824
94837
90874
19941
25336
10865
62779
16556
68479
80480
73754
45740
19217
48590
34663
22570
84078
35778
81105
51728
10804
4143
30670
39291
60622
57831
5753
57184
6613
13891
43182
91619
82053
10544
63357
81358
435
45534
49820
38355
40117
13787
46867
42307
93228
8286
43832
32969
28276
64114
67064
85246
15095
26601
15230
6094
98435
90694
34157
76290
57331
88881
70637
89675
33576
13557
86423
88327
79643
20573
99326
11021
96509
73428
84216
32637
16979
68668
90527
12015
88455
49938
87544
22766
87646
58059
94989
8717
12365
25912
50594
82177
41625
89972
24839
99403
73782
94780
95138
58373
40932
92000
89685
75020
13814
1495
93544
3529
44153
73556
53213
33763
45690
94890
90430
37839
66724
22247
60524
16281
76399
40673
74578
27717
6637
96129
46275
9733
6927
42146
90365
56605
24944
83048
2505
11704
725
25983
84694
4199
35020
92587
64863
46657
79458
20695
212
88921
70287
665
63527
313
39137
63264
52026
50826
39851
8143
1647
68173
39745
94984
73799
91810
22883
30021
99782
11613
85565
68514
12559
43097
18355
82943
89637
62433
50256
23834
29632
89389
15176
42171
70997
13841
52418
97453
830
35734
24850
17315
11684
85661
69266
12105
25347
16218
16261
87763
99359
27790
18015
74387
74
50545
46498
32994
10907
39254
23973
21559
26327
52478
27534
77088
284
60409
81343
61072
42034
23364
1673
94569
79388
37873
65395
56852
99168
38923
76172
73599
31851
68037
31927
79090
86151
30836
62487
71331
7449
91967
31879
31599
20670
14275
22433
39830
34483
24841
60215
74007
33881
72124
24897
34018
95622
15488
71212
87880
55976
97029
60439
49576
36296
92083
52823
85288
42935
60450
18328
78627
63413
86196
44949
35074
21383
28506
48026
59957
88368
79305
54000
21584
65457
23451
87647
5529
84943
36906
86731
16804
24014
58458
56753
68663
15327
82046
91574
90240
27230
60959
68032
88940
54857
19652
246
45518
16816
64039
59016
19154
9194
66571
28735
54064
20064
18427
4109
41802
63725
77458
31887
74520
97647
58434
56456
17745
99446
79010
89336
45205
67869
40220
11940
98779
91203
65624
69613
11426
18684
89959
80113
81211
90334
99240
31928
77372
55518
14112
20514
57351
12262
63034
12918
61139
17162
2569
4615
25202
16924
21691
83799
30
5604
26125
47233
10763
19737
49040
93656
92532
66268
15672
91480
72543
86035
63897
12404
36411
85052
5704
14580
7688
92639
95171
51633
24317
8216
55233
16996
70603
77457
44052
5145
62123
21018
7482
74649
74998
46176
9600
74546
76262
84687
5094
81079
95595
97006
53541
25752
69164
32491
53373
22006
64713
79561
98104
22354
73934
14996
64642
13737
90370
66315
72624
51095
59378
5424
23308
29542
17596
47589
37741
46534
91136
28838
17517
26801
74953
76323
91065
68778
63609
75963
96212
1859
15731
84924
89772
69116
69823
28132
76696
26922
24479
48606
52088
49859
45069
18328
61080
35638
49508
98430
89055
32272
48806
34248
97798
22241
17197
14168
81895
4442
81186
42071
5924
48017
85424
83550
95514
30774
55215
77736
1673
24227
3512
62012
4076
98191
90174
11801
75747
77620
55224
12410
38524
37713
84787
89171
61838
37950
59170
2529
13839
56943
68897
71200
48824
69399
69661
52538
76440
80939
43428
54912
10853
68078
2605
48743
59498
42464
36556
47549
65067
79040
411
87532
47705
12887
57095
50651
12389
67966
46714
1781
76152
51728
58648
81419
42146
85040
22838
66879
31590
94701
16834
56003
18806
5476
89444
51723
24782
49800
69685
85674
79766
36432
68346
26288
85248
17193
11851
56511
5608
88998
8701
27299
21121
35482
82246
25295
3328
42113
83872
89712
59910
61039
32435
45713
65763
481
46550
21449
63832
74173
55846
423
56858
44396
44914
40059
37972
91271
56177
18300
36086
19124
94239
90886
16250
90743
93379
82774
41641
34397
26133
81169
28330
13037
43547
93248
79725
77266
38592
40010
51533
3634
56831
33602
18462
40372
64655
2093
52413
91669
7205
95949
40288
90603
10866
13558
55165
85095
69075
7690
45206
85193
71501
52757
96189
47561
9002
12196
5975
55992
63428
98361
57430
31432
33137
19850
35185
73695
44408
10673
31799
17503
28234
82289
81230
11442
62353
82646
60418
5309
53307
85493
65693
43289
31714
88992
85460
62969
55130
96685
61920
74039
63209
21062
71743
40830
5229
76435
13519
2213
99507
69364
15267
71472
18003
92920
75646
31308
92663
26464
70290
76039
50024
34384
8942
25335
3940
99364
97162
94938
97296
35878
84816
75819
21206
80110
9326
24151
36859
56486
10077
51425
96398
6080
73232
96692
16791
40931
70302
33385
88593
89727
89030
71485
19984
98919
33117
78418
54631
89618
5721
58430
69301
72395
55034
83564
42982
32174
85686
98855
26523
4146
38276
45592
22780
43278
47776
13559
56119
14485
11408
17423
59843
68251
1047
71941
70614
42208
22196
96749
88769
37701
15413
69052
70508
66443
41984
98781
2764
46495
20955
30463
15322
22982
72258
39656
13166
85396
14359
52950
51670
91652
55020
85308
71321
89008
92504
61247
67436
38788
91480
33787
72551
7473
73975
79827
33478
52683
37999
9925
67473
76543
15216
72282
9022
65234
43998
29860
358
35698
39256
60575
30565
1015
77883
993
14233
27879
76844
95814
8570
58126
97939
31604
16500
89021
45184
98671
12817
46527
87397
55398
29204
26714
96785
27740
24986
48512
71352
8235
20471
21882
26548
18372
89553
89028
78873
74494
82987
50516
25142
43189
53224
2809
68218
66120
35962
76876
15306
32636
13453
31950
72129
52357
29207
18029
93356
41220
5488
97530
78818
9153
46375
53000
56214
51499
2130
58923
38121
76198
43618
53811
45638
86435
76532
69724
42095
86596
94327
21957
4609
82321
33447
77519
10700
51490
54990
84539
18337
30560
2716
29095
68409
17191
64307
54893
23813
22292
97702
53727
91880
50647
96142
75533
11874
86507
59875
53858
79158
25213
41083
76677
73323
46420
78439
14417
82219
72378
78700
73155
97335
16052
6256
24806
73332
86911
41413
56190
99797
98454
78637
41202
53066
39520
6232
16541
77386
13251
16688
98230
36947
15488
72791
16664
30691
67403
78261
58088
62799
15637
25784
13269
67347
80208
48968
13113
79033
78167
7764
75042
11698
76517
93353
42088
39389
50438
28318
31918
93092
81367
67554
44750
32378
50003
33224
93223
621
67372
90444
40381
21999
96130
86187
36028
24216
35859
92735
87061
99985
59355
7934
72304
97289
92172
20409
21342
8403
7220
15975
86292
31233
88249
9546
62736
55919
27932
88346
98160
95376
32470
35848
34883
20536
16660
48211
83116
12778
12701
84873
91453
94986
17888
72773
20821
10732
421
15023
91640
74820
6897
53780
40359
93676
69960
12762
23346
24405
67690
67744
18771
30473
84714
8403
5931
97472
2541
62277
40540
24928
27251
17504
98891
14140
7356
60769
74633
52962
1112
7707
55274
68817
83749
27743
15427
38505
56025
71883
58173
4199
22872
15538
957
88933
18569
89304
17462
62911
12047
5672
7408
25468
12000
22852
49501
61268
98231
19627
45763
14672
86509
34646
70219
48874
12372
24200
51374
7579
95279
77532
38420
55891
31734
49538
71166
90004
72771
42482
50758
7455
73497
76204
33806
25868
46534
48856
5335
98335
25469
40541
99746
84527
28118
26358
62336
22278
84884
73425
42504
90599
18733
32941
29067
72047
67919
66159
73775
46962
92103
40345
46807
61459
47405
52826
72839
9894
7078
31577
86095
72985
81812
18064
49086
56431
9831
1858
1341
23979
55341
3583
76987
27046
90872
87527
83666
35574
54520
30036
7943
20182
96878
50129
72959
35572
25932
73919
95414
10262
19590
13479
44718
96159
2024
69538
14730
68549
25312
93606
81008
17675
22527
63757
16956
3726
20578
5230
50415
72549
91289
6552
26319
80097
91666
99343
65726
99174
12311
50159
61388
36408
65735
69467
71330
96423
76230
89020
39179
67225
28027
69593
33730
41956
37283
24092
89280
32618
41871
24168
90586
28959
14570
21519
66151
31724
29426
13515
29446
28575
92747
84420
1650
63398
35891
60807
95876
86023
26088
84347
40601
6440
41604
174
86283
17466
3914
26428
44138
82230
97153
67936
61016
19542
73627
29335
5483
39151
71744
57536
829
26351
92095
37548
24419
29825
45268
69397
24834
31854
36411
42631
63795
27900
67619
92928
37956
82828
73763
47992
9458
60768
71779
21017
21515
27538
28456
24228
9720
6767
40605
24994
89587
52653
87017
6171
59657
72001
29742
92659
3005
38841
57005
41580
87103
41266
15580
80544
46866
35874
89434
24951
6151
61929
36537
26295
51930
34045
53166
98996
61624
16021
7531
45391
17364
27632
66745
32704
34716
34827
1298
21292
10823
58446
43526
11649
55077
23134
17397
54482
92365
82120
94999
19808
49977
44246
73468
34132
30014
40370
73249
79828
52928
36085
78455
64803
6176
40508
3139
6504
68797
3715
24088
27701
96414
61806
26330
2644
2124
55175
14122
51195
33048
76160
9170
90065
95532
39681
99243
11454
10630
4998
17629
69009
94083
64767
73235
78327
23684
85287
84672
3518
36643
10040
16562
17244
35439
97628
58046
65385
95885
84482
28126
76103
25837
35640
67958
21293
74011
86375
10905
6799
77582
26385
31149
76665
26657
56466
75645
69307
3028
65195
57203
78767
4321
70797
37217
17418
4984
65953
45416
1544
21314
4242
55527
60449
60566
13190
77581
40372
90061
65084
85980
37383
64738
61555
71462
13849
42704
78105
1109
64927
50828
83851
99658
19235
35430
96255
67709
7966
35608
44583
63481
89836
52544
28204
41572
14092
27219
1899
17996
54343
89800
56615
14569
24774
81514
62710
85496
27987
80923
38856
99605
25965
59759
42218
1100
42808
36362
57820
42954
87395
9125
25348
66818
68251
30763
72374
30334
2883
80284
48354
3024
6708
61927
17358
84525
82335
22696
53431
9538
55169
2206
47895
62609
70657
3755
75910
50849
45345
97130
95767
49885
25244
69262
48247
27984
94263
90685
64090
53960
73972
79096
53409
52277
7034
69354
81874
983
89231
4324
83312
15729
54064
76275
26676
37265
40581
85185
11658
38330
43915
53223
32389
79340
51272
28630
19909
11631
1933
79598
51725
91942
32357
97289
77540
17104
13722
51814
9509
11649
30996
7497
84681
66372
9702
4488
48845
11037
12084
79761
88040
39600
3512
73709
20554
54593
77032
30517
99507
37853
84936
91401
69597
43899
53841
57924
10668
84643
78982
24717
66197
62131
99156
79658
53643
31423
99417
22689
97407
75592
566
66770
43350
43378
3768
36873
44022
19032
35154
73317
70921
36281
21571
23113
70637
99872
39612
51966
15878
46013
26665
62521
6846
99709
45193
29189
70750
4124
81397
10563
10478
616
35437
10107
68839
53811
8107
58761
64848
5048
74341
29582
86785
95349
82659
90399
36524
60007
29678
406
85569
14106
43694
65052
85465
99322
82024
69379
61208
83552
38716
47588
78419
77968
8346
34901
20499
63255
16777
60725
33516
74050
58857
90884
75386
79519
13658
47036
50651
69
46682
67732
36565
53679
40425
81439
5933
13646
2723
65551
77193
50893
5490
40957
19291
82803
45926
23458
12569
1608
10632
48780
8409
74670
78122
98182
71801
17356
1974
77625
7612
44590
44674
20735
47195
36437
3722
41431
85520
23054
93664
63375
99738
59523
93509
88629
54201
35281
83921
78400
83683
68393
5488
3402
26300
3058
20659
8419
55860
94059
28327
35265
21387
88247
70824
31362
29651
69706
24715
1407
21516
23480
99871
41022
96272
30795
38836
39169
21920
17909
12540
72166
59440
26350
1515
96277
96822
53741
88151
92694
23104
16052
71543
8221
15234
93793
89095
78763
21911
56045
78292
56903
46042
10484
6724
26363
68399
28973
68784
34557
20257
80393
55347
15435
84440
68293
90406
3282
42158
77543
6157
50087
85126
17450
29739
86667
53002
21468
43183
6790
2091
34251
69591
29030
29125
78995
32472
89412
17359
87093
40228
1272
13428
92948
6573
5323
93826
80218
50386
8584
11782
51834
45626
62455
13470
84681
36534
89817
78456
62486
37680
58164
12061
10099
73184
92329
41295
2783
21154
22446
35185
35591
22689
50996
51581
98921
97806
54922
91861
19966
51620
32166
46874
41708
8753
24786
81750
21072
70274
24388
40154
4107
29375
20241
1227
23843
20758
10491
569
27683
9365
75775
98554
953
42797
41263
51098
76551
9386
22928
88839
18881
24320
51000
99617
87715
27145
62589
80502
43954
89654
19462
7476
5931
43189
14161
28900
64521
11979
64131
13080
83319
33951
63476
36207
48259
58336
5992
86403
86837
3500
84383
99118
6105
71548
32929
3028
8016
86925
20495
80608
63236
31115
68874
31746
63626
3617
80017
20301
32241
43598
45697
72049
28952
12867
31997
15722
38760
14270
91347
21465
67074
25106
83117
34548
37390
1445
76848
88349
30506
24945
99790
66030
68124
79495
12757
52795
38582
57011
49487
66178
96148
53709
91436
1819
12404
94693
77720
35224
35842
54296
66308
38095
26158
19675
26360
32535
8302
33272
2945
48168
58349
79880
95625
34213
55056
39956
76433
41550
16057
58629
16613
80345
96170
537
52125
37383
20230
97702
89004
69690
48622
74048
1202
68476
37290
97891
90554
77860
92717
4838
91420
33847
58975
48244
62606
24090
78717
94421
77921
67466
38038
26295
4687
53911
27561
46601
68038
80503
7705
59667
50729
82922
20345
26396
96222
89649
2618
7649
79035
65968
46545
38073
20521
19959
75192
83028
58725
43276
78564
77321
47950
22231
42533
77892
11926
21232
79292
44018
60287
74470
10661
36573
42721
2683
81526
22013
51259
17151
78198
30378
75141
80460
41171
66271
58495
35248
28758
25872
58665
9053
4765
33958
87370
25112
68815
41377
84265
3266
59439
48704
84828
54297
28750
2603
54034
32942
35140
36882
23429
81185
11908
49976
52065
84665
66076
13027
32021
46810
78642
33441
35246
17262
85165
5264
17189
12960
98580
84482
92809
25132
45235
32720
40694
12123
41129
56032
34717
38032
31965
20517
80484
3886
50084
63586
24806
20893
78840
22888
22461
64621
37147
36817
80465
98121
6589
776
14328
97782
20688
29560
13232
37992
95046
49343
99130
42869
66776
62888
30372
62571
5290
5331
37277
67598
24571
99139
20603
65
94756
73573
36846
69988
85547
17960
24529
36548
2167
14540
24975
31679
10013
33765
86103
38229
61586
13789
85767
80509
72121
43548
15872
96417
74960
54983
21527
31774
55185
96127
55391
75068
42533
85207
61232
19155
4697
40415
74829
45616
22456
71610
47140
27127
59180
59004
57657
10972
54388
71074
1695
54924
27964
88588
66866
18112
74821
95557
57381
6366
88331
34801
33274
38454
41602
70119
28892
3828
19856
85150
13513
38145
93947
14827
10836
134
93415
47035
10563
9202
2893
99348
8498
70690
34603
86724
45477
74936
20155
73917
54343
92883
76989
99426
49340
60805
49222
92951
77339
34415
55264
90071
22216
5387
55507
70343
97388
702
34087
99287
28502
74189
32211
24892
58312
36147
27163
12525
97788
86000
34979
49376
85904
13294
38635
29618
90776
64180
54345
25787
72253
8447
10562
41814
62306
74579
18018
39090
29183
68303
18877
86219
30143
78326
43879
47981
99492
12728
28523
68427
31265
76535
71695
87669
44805
24132
62636
34381
62671
93772
40368
60108
6169
92133
94301
72259
61892
97257
7884
29342
75506
57544
38288
21888
77508
63092
18697
50785
47401
40090
77418
25816
3673
69436
98108
60249
72091
97060
87335
15707
12763
74712
47620
51959
91005
23497
43721
41617
67502
99415
97401
33502
9928
86423
70781
72477
82507
13460
50058
36486
25208
10376
16467
57376
92574
65212
84665
37573
71936
71386
57748
64508
91727
79110
85809
6024
31951
6140
6368
77225
22766
14930
33072
15360
36387
7116
28848
13897
60903
11579
77627
32044
39919
86577
47317
50585
90297
54121
89146
18358
73864
74062
15778
20335
20351
48696
96281
87075
5953
22465
3722
16682
51848
47717
81783
8750
66599
26552
7978
35397
92720
98770
83029
15613
19511
14907
98064
93237
13764
55376
39785
79543
38742
75570
21345
14466
45448
86361
93277
67177
12650
88979
4776
56873
24036
85047
93754
42660
7317
48793
37191
88770
65834
57964
62361
38280
37958
1946
22006
39491
98512
32161
41498
85944
69889
65386
16652
39603
88771
99526
15813
36279
55886
76839
90573
22475
37087
92362
95566
27598
93609
44453
72132
77182
76566
60042
16712
8741
81793
54301
9597
24342
2254
99688
37364
95936
64295
27059
93042
14645
38986
13375
19200
95818
14807
89270
33355
63159
36421
57070
51943
99756
25240
57483
62446
69848
14195
27827
68638
39992
45025
95483
13070
2283
96446
6403
48516
8025
31233
33549
28770
39783
48601
22637
12114
43339
470
34026
67254
6399
39561
63994
48044
79754
77578
53832
52456
32162
98238
15380
33487
99206
80687
13019
62275
28739
35369
69483
27370
32449
78416
29050
21743
30778
28269
68221
55436
2352
23139
54668
24533
91309
57740
8856
2682
62659
4702
83839
33049
27784
77270
98193
17423
93079
24630
81377
54321
6845
96130
96378
60417
51606
99268
61371
58048
99690
61959
85016
65685
2750
37012
88316
41032
17079
44728
55710
92034
86166
59067
46844
45408
56860
10821
18584
97396
86702
64352
95133
36893
30089
65621
74133
26079
98039
7125
6854
84607
72502
8720
93083
50463
47392
7428
99854
39096
22739
17198
51720
68265
379
826
32173
37545
69337
68382
39467
88663
83998
49936
89575
61045
50738
50054
18863
92285
90046
97204
82340
12821
79254
74157
29187
26322
79121
52514
46779
57641
95323
64212
58183
54284
56704
76008
36975
52756
2578
81350
9577
16748
74523
551
14052
68195
53968
75717
51673
24186
51636
51262
85273
86588
71056
22739
96087
32219
34528
68972
15630
20749
8154
39429
40519
86052
59514
72566
51005
9713
27035
14264
19681
66397
54917
22478
71190
76900
43219
73870
46703
20573
70833
84143
40031
12308
95968
97235
98519
41910
78245
24786
92846
18714
88072
31212
98926
89526
73154
6730
95111
38593
7256
94899
50620
70590
40833
80632
28549
7075
27568
5580
5775
14280
68719
70565
28841
83375
39206
46795
31786
36358
27990
13949
89989
22740
91362
66526
88526
69150
57475
83717
89864
99040
33119
88800
11772
75735
38677
33566
18151
56294
70601
43481
47093
21369
96239
19219
46412
60697
38754
7488
39356
11082
33041
79559
57906
73371
8894
30419
87112
6012
18767
28917
25210
19243
47311
77163
25953
91922
59747
56172
9449
67207
31457
12877
82504
88460
590
63903
42829
8814
95154
524
45873
78129
20410
25319
95948
46130
17926
55555
88144
25128
22418
49983
78717
57933
60560
10756
24726
64603
67257
92834
68451
91467
45181
9227
21974
549
87965
52974
15490
29750
95822
25988
98782
28929
65528
14909
44158
780
4548
75117
25839
65757
49949
29239
34752
61944
783
46249
9808
93692
38081
63245
66782
84714
141
18073
31659
69979
14550
9735
76539
98767
59492
90349
47628
36405
21377
63549
86377
67176
72720
63670
90965
38219
62979
19648
2403
92373
28908
20099
99723
58558
28732
11788
94709
25988
35973
55225
28999
52324
4030
46799
7769
64365
43698
63279
69652
60427
32977
46527
82366
51976
93477
62218
10956
49414
9728
30659
59103
24498
15507
76062
59214
20475
9274
71190
93225
78100
28166
93053
42060
53735
74048
5069
85945
12645
12671
93844
72203
99163
55946
8935
73293
26957
66976
53830
6218
91959
94683
75230
35818
88767
64289
23152
88173
98443
11954
44144
9762
3020
40416
30815
9459
50467
31117
95103
46872
39828
43456
38204
86104
90864
31886
95233
32487
57243
24871
77248
10454
31226
87314
8360
30016
91318
39363
54984
11610
73795
13679
53382
7989
74828
20867
23668
89281
16150
49504
98932
32144
2268
24267
45377
94514
23048
25850
81177
57763
12568
41291
25480
38338
82576
94498
50151
31121
70328
95764
34162
34263
705
45588
63486
41656
52623
51793
6874
23589
32647
48273
35470
485
13535
82093
80354
73220
44719
81704
4199
11809
83926
13499
1743
53082
90624
88113
80396
80871
13943
30898
8306
66742
19998
5333
46920
6512
88082
53793
90462
23720
18910
42751
33974
81688
99328
62981
46872
34536
3747
7691
41755
45730
56047
40875
39856
92276
72326
22434
24053
9765
53026
83855
21887
13270
88046
77805
90698
51042
48018
43195
12680
73653
37602
33811
71632
83053
55279
45415
35027
3092
15447
85801
87742
22896
89129
89225
34761
2079
19434
78387
99044
45508
21039
1426
24418
2748
7189
75982
2837
32571
57414
7460
54171
8786
77261
16810
6521
5286
53805
55528
99698
85273
40081
65465
47078
26922
60456
3267
82237
30951
98952
80477
35773
78099
14686
90659
82340
29439
1349
56797
12225
13670
15358
63977
70114
68102
32354
87428
66019
38619
82199
79160
1633
35277
86090
81110
12055
81716
31138
19705
71592
90849
11775
41080
24651
99594
48822
53605
38059
41800
52834
57064
43490
18683
57497
2660
26547
35667
33186
87507
8882
51013
43455
98424
54424
24622
66649
12027
1011
61635
47574
47508
75181
70976
83530
84303
85748
66120
60744
70726
64960
74098
67034
38638
34585
19477
20253
11841
20325
243
20336
46033
99717
13322
51143
27017
78356
79779
38643
8192
23787
10653
68054
58336
13399
12292
87884
60043
36224
26123
96893
46349
87281
32194
14007
47584
63431
27799
98291
11076
24466
71589
31588
22745
86064
22583
16390
7118
33201
97268
30261
68354
42202
99898
21518
49450
22033
23791
45781
89542
49920
47977
89739
14284
64737
91512
33541
16845
76105
83714
63130
5866
38639
96982
4701
80546
85620
38132
34560
61679
74828
85897
53868
72650
71735
6443
95520
33171
8559
97715
51590
12961
69688
21830
54638
73651
80383
27457
91760
88005
99563
40564
66166
34698
99417
30760
53784
23650
54968
97175
56321
8508
80817
92803
25920
89054
37400
78752
46618
39709
54591
78977
75206
616
51134
34293
41081
32101
6810
50780
58333
85102
9796
72020
40123
61847
5006
45959
11861
15530
65779
21820
91108
61625
7243
4239
26128
82497
67703
85595
87343
45360
57754
29807
27433
64585
44095
55218
76897
3659
45745
4398
19769
20455
65243
97798
30569
32782
41267
44374
29890
25656
18713
58751
45650
36035
16077
99702
48724
8144
69703
17252
32938
63361
87890
51489
14152
33681
76996
38084
50268
98864
84491
81378
25005
70805
34876
99102
64903
44425
4243
24506
25684
98924
3867
35895
68894
6167
18489
41244
64424
20078
36216
85733
3882
71198
29176
31409
23156
13643
976
49091
95479
94668
57873
63128
68735
12728
21097
78856
31376
65111
73727
92660
71631
68392
80505
7652
14324
7542
56048
65933
51133
97973
16012
23534
4801
60921
15511
44523
54526
54272
4048
88341
36778
31147
79284
48356
73077
38043
91120
92487
18020
48629
28940
71771
9813
37922
63872
40968
65024
37146
91668
4136
20415
73662
13098
18963
39216
52714
61945
38966
90757
76123
1335
39098
82041
53057
83768
73221
31610
29022
98882
74291
91818
93522
69277
86966
15683
96802
44894
7605
31838
76420
74693
84142
45854
22341
29061
41606
46585
37358
33551
21290
15333
3493
46272
17317
3862
57780
4233
40943
73806
20573
18805
59547
25688
21561
90109
329
44213
35312
98559
64437
71442
97318
99919
79969
29681
91438
20254
97516
89780
38299
63023
91987
76885
5124
85022
19368
46098
28001
45975
14282
16690
81568
76367
86779
70778
50617
67554
36641
37761
96641
47544
15566
10344
67701
45528
48761
14861
99538
38728
71720
64108
30816
13604
4289
89832
66105
72471
57071
27634
75221
59127
78375
9313
72861
3420
37168
12852
70337
94689
24087
87008
1777
19185
41590
32392
25788
89334
27387
25935
12294
59933
46601
90382
60343
23382
80758
46422
60393
29754
2521
52875
55961
6738
14143
38620
2414
12367
1383
65048
12670
56541
36359
40706
33044
57057
47623
50417
90682
31298
53079
73382
1126
73949
28906
79352
86135
29566
77880
93868
28708
42014
54739
47202
72887
86159
44044
46398
58875
67663
29438
54653
12409
93132
92330
79097
8484
6249
29243
91987
22435
33398
95667
47587
10403
99849
20624
21139
98778
43278
34857
41185
8478
38897
14844
72668
60969
89332
71490
37408
45148
34258
77922
79327
3731
62426
78638
1079
99099
40706
78251
90213
67149
87162
4303
39523
74328
25016
1905
87836
84978
46977
18323
74963
87401
12581
11534
26103
46534
59963
42320
42251
66432
62862
74188
14888
91681
23860
2105
53354
73159
48433
13818
38670
16594
54799
224
49433
98513
31025
49981
3733
89030
17248
5915
36260
51248
31716
47277
39843
7175
24147
24234
70343
11894
55346
30896
45050
5631
27034
926
8237
65342
88776
53296
51946
12165
53203
89181
86827
10033
12601
69320
28011
51610
1604
12717
44146
18232
3728
68834
49224
48533
83583
37319
21374
35304
88530
93946
9316
79909
93693
77597
60211
53875
6773
50880
54798
65565
88014
10452
33681
80271
74269
4009
24691
71179
99229
61214
40283
43103
99863
23329
86904
40813
43822
18720
39697
77028
60396
62745
82436
50222
27950
9869
89482
21227
9671
59968
26224
50470
49580
89379
39539
95273
43183
25383
9959
49810
19947
22255
55696
54217
97875
3453
24544
6911
90295
12540
43738
91088
46344
48394
25103
34903
80984
50665
83181
43614
37985
47209
78721
73263
60140
62585
49542
16348
34377
97144
65536
5211
15462
61072
60689
10832
76145
40052
11341
19789
84798
87150
10134
27987
22837
5630
49027
89636
16822
47498
29897
49641
60868
25630
2132
43380
71743
18016
18740
71680
17025
48682
58622
30361
21832
57968
55303
79198
59227
9250
12248
53348
27654
48972
7013
42513
5948
58456
65144
70803
83950
27136
66611
53330
48633
19109
41133
62454
9694
45219
80226
78289
40410
88533
47904
69766
57206
76340
7945
73988
64225
40382
78470
81947
17168
31174
828
623
74990
82209
53608
36252
71363
70730
33239
72442
18102
98438
61057
57271
95448
99048
17377
35082
10908
84494
41844
71326
43576
70667
28376
40350
1703
8660
16553
88988
30634
68900
51170
28527
67166
75383
35419
41128
27117
66441
70982
46462
48257
82631
4428
77040
86529
10588
3705
17877
54326
14716
84381
13715
47950
31522
77904
12121
54808
93062
36444
97009
76154
25940
96492
59899
13357
99700
48818
31660
53293
82482
45971
56086
70608
15892
1530
83059
23555
77942
12581
19427
53334
47814
57094
13147
41208
88910
58950
77916
79512
33703
85706
11010
52248
48362
79683
10627
3183
97685
6827
57542
93040
10343
14969
53224
46950
8561
33933
62009
87640
81304
7127
29340
87160
14992
70095
52888
11121
20913
96075
78705
45419
28696
55526
45726
55598
12165
53865
32379
45621
90540
24091
67090
21649
21006
37660
26204
39198
11280
6614
56023
56961
8524
77737
61911
36272
39915
6248
57060
5467
6151
79693
7694
92655
10749
37515
28928
83447
78261
14723
38008
97055
59096
80280
13757
27000
22143
87404
41964
81709
51256
68374
84196
7425
87800
55335
9653
3147
45669
96889
7592
67467
41100
6270
55532
19908
95415
67388
94710
48945
82063
15247
56891
2258
71847
33214
11602
9862
31051
20273
54759
35467
46277
82806
85786
39896
36581
9144
22875
71463
19893
27412
67460
55672
34945
31862
56147
24024
47802
1208
55710
50618
79427
54218
63747
40025
28215
82626
91385
84684
52640
463
78355
58056
98598
70539
24345
52714
64886
94154
95407
41916
17979
4231
42146
64553
48804
74035
99206
74023
49478
45353
32355
46965
41250
48586
63714
54242
97351
76379
55208
91709
69674
58200
6956
43840
73008
3826
74069
99233
79693
80957
72507
76385
56484
2392
83734
91680
89353
34739
32066
76763
13129
23466
34250
47854
59994
29483
24939
49813
73739
27062
58022
60753
90869
83381
21074
71945
81206
5574
96821
44240
18344
83521
71133
29412
38472
2880
87074
48843
95894
4907
8229
30653
5286
38503
78932
36477
66167
97809
20269
58534
11103
73477
44384
56456
29818
2697
4720
58777
61945
81237
45628
83721
79427
52877
15871
44241
49453
66211
41657
15349
39085
45222
31700
49782
32042
70305
22932
27297
62670
48239
17804
15450
94782
45510
63220
35392
35328
18534
41207
79917
90223
57997
33859
20270
23703
55733
81521
77693
93698
65913
8846
78333
35348
70672
37893
84004
16229
62322
37345
16719
42990
5923
53926
34833
55893
9422
93108
88297
10171
30295
13145
50274
50400
42517
38619
35775
61795
60019
48370
1990
40254
52966
61292
92316
46667
94506
54588
56035
94329
39231
69349
9136
4177
93382
69346
61502
3379
48287
26807
28220
81655
91759
56224
58426
80895
46276
20794
73805
98388
18497
33304
8509
87891
5401
60842
88035
46225
4963
8507
74757
37679
30929
97772
1876
77536
65320
24099
77892
88295
71070
5832
92160
85135
44664
93898
84882
2865
16855
83990
69921
37650
26337
13907
38071
47414
79128
3397
25186
8650
85678
53948
51249
70570
76159
34884
82429
9928
10665
63890
76532
22006
51866
59454
38682
50609
69140
68777
18589
22211
97408
51127
26914
47114
70751
28048
57556
22964
61925
18816
5498
39414
38920
11035
23063
73358
75962
31289
66275
72019
18782
14611
52545
40645
1908
12357
51504
1971
4873
35114
83892
49689
70939
25555
56674
69539
64026
43078
13968
72089
91155
8992
7335
90957
18907
28178
68189
57257
78906
40136
25514
81154
67820
87723
66291
80386
81670
12778
34261
62859
98681
61785
59316
8893
40701
71064
19495
14052
99900
25581
63523
71689
69363
83375
50174
87874
16343
2324
97710
69024
6295
60436
94249
97704
66363
24151
39082
29348
48134
71455
52052
47009
97790
2251
4855
99719
86243
37708
82394
74045
50137
84809
31532
39129
37519
33600
61658
32114
16536
61431
72677
85610
40862
6032
37174
85274
24518
51162
16325
4650
10590
27391
46149
34516
98648
7032
16542
81097
21911
5005
70358
61560
7110
50250
64910
24020
31077
57831
94919
29685
60450
60233
63177
35176
6966
16520
91673
97559
79404
68113
