api2_id
25957
69593
99319
65087
3856
93275
24624
96107
22694
47548
11904
28196
88456
12152
16873
55949
91530
84245
77815
32531
28069
29947
98885
82170
58886
51688
6077
8441
20272
20829
90463
89333
97250
23086
32955
63970
49873
14039
88827
26365
1883
56435
29562
89902
49475
66418
11277
88581
54666
86264
47673
20597
20483
69338
62782
39835
96361
54968
83211
10425
22275
16937
50742
45133
99287
55151
91213
44238
42618
16442
64912
41243
14476
30982
94212
28984
8911
55594
87832
5022
22368
53214
68756
3846
7733
15388
96202
91219
31846
26736
67082
78927
14325
43834
53596
91210
54000
83607
7824
46251
41048
22786
37251
19531
33132
32101
67947
52496
42743
13484
87183
51731
53312
17604
98702
97715
16617
47153
15247
97048
73377
57187
7454
75870
38509
16685
13041
11573
17976
29598
76315
24574
99845
30186
28742
75400
11854
86874
2198
34142
59550
433
36825
22511
90484
91139
6911
27686
85954
56489
73204
29642
61415
39483
76273
69806
52689
70603
61252
36535
6149
98442
95705
69037
80229
4674
70353
31801
64995
80862
15890
48045
15925
3788
15375
76869
5475
10801
95602
87294
46346
77048
68116
81322
89602
17975
5850
76597
1210
22921
42820
63009
76611
45885
75501
18007
86818
28227
10233
7051
22422
59696
73689
36130
10616
73873
74237
62724
82217
13473
87944
73014
46827
73833
66964
7553
55108
35180
76797
33621
99283
1754
599
38573
26888
33722
91058
84618
85854
81047
17723
63578
61467
10143
77123
33110
83897
47548
38940
38866
81015
74513
52249
34912
26551
67635
99322
28874
46729
47482
81391
43058
55925
51238
56475
7184
88219
40768
1049
448
70434
66621
82331
27519
87218
39291
54729
76038
15214
97373
69794
43677
85822
80272
4428
43394
90247
22061
9236
58720
60725
1630
70000
61191
83524
28064
31939
86153
61213
9239
4764
27784
25575
46607
43124
53498
45423
57770
850
15004
48008
14291
33599
52461
28383
82863
18316
18490
7790
77327
49333
24899
58053
88453
96434
25601
2789
50241
68853
6980
95862
90352
21078
60541
8953
56444
46820
98861
98657
44859
71007
19936
66764
71237
54999
504
25869
15874
67063
96577
75687
77005
31373
67085
57937
77138
29650
85966
20397
31632
68902
35325
14981
83335
39763
67084
92314
30395
19666
25639
88258
28895
39050
74254
49650
16025
60619
37556
5215
54562
41708
40141
47760
28270
24631
35731
82611
4981
70965
38140
7802
24981
68228
1519
96528
90229
69755
54976
77583
59094
22803
95048
38958
12791
94977
20476
54254
88909
910
83742
98699
88901
87910
92467
80558
48480
34093
1019
21562
32730
59197
91248
43788
17527
45506
51021
13873
23717
93638
1962
77021
9102
31125
88358
812
16545
14711
1456
17485
37115
4313
54739
40930
55411
70972
80431
29586
98241
41240
97564
3843
41739
6789
40775
42222
85616
24256
83028
23076
8301
1376
16741
67163
99801
636
54932
6687
27218
69941
4343
20138
25736
73514
92261
78520
24112
57008
89829
60965
2624
36517
45113
83157
82794
23778
80709
73715
52758
97304
71514
17709
81111
48280
71544
84747
253
53566
62848
60515
92038
23686
33807
43913
4661
12128
81190
66581
40747
41179
15008
94393
87243
75648
56127
8867
42374
47404
46329
39107
77358
65850
36184
20685
99959
21416
62549
28556
58278
59639
8369
64860
16104
78308
48016
61088
25401
8372
49937
36234
84244
86292
35027
73664
25870
85825
8858
5969
58475
36046
48073
9251
77579
19159
98065
33122
88406
79807
72115
10925
26905
65045
25342
20869
98280
1217
61279
26963
70397
34160
31083
62401
83219
72949
9785
25982
91099
16423
89851
26728
42679
38678
67996
85493
61405
3911
23898
93448
99768
33219
81942
41490
71982
53191
17546
79404
79679
98375
85039
2418
15477
17106
44158
82653
57190
56091
68334
32812
73834
91103
66375
8687
85989
91510
19452
48577
43147
99525
46622
75548
60624
76346
56542
14291
36619
48242
1334
78501
19669
56335
32327
48168
49575
51367
75535
4408
68961
66147
89318
54621
90512
20383
1385
80938
35564
80367
47465
1240
51849
70446
86142
3469
21206
66329
66737
72302
56122
78211
10734
5248
6839
76661
89779
27237
87109
75919
59583
83680
29879
76914
74560
31417
39311
98998
65453
2790
13944
16519
92282
89836
93941
51153
73921
14015
70742
29706
5026
11449
60240
91743
9500
46699
16936
64078
85084
20158
85562
87676
77215
38223
91818
28232
10243
33939
12801
48403
7772
67688
56440
69124
62618
59715
39366
37906
99327
65239
91601
68012
60753
14166
61037
87092
1360
43079
99984
97409
78424
37787
9248
82842
34080
86993
826
69508
85107
66879
87744
70163
91125
23669
49260
44548
90512
25889
13341
90500
869
15781
24663
28447
79075
26354
54689
40412
6621
29804
46020
79751
81229
54051
94612
29109
44460
13344
14559
89800
88908
67581
1269
44589
82777
96075
37270
96778
76661
56730
13904
8423
22929
48291
83840
91932
48207
82567
23261
95256
50289
42316
50209
65675
94428
24301
84361
29852
41567
3133
24519
92871
47579
67468
35636
70505
16729
24245
90106
90776
71970
65976
33861
88883
6457
49962
52606
70639
11628
10932
97949
32057
10119
9312
10223
76946
31063
42861
24187
88393
95231
7626
40441
75791
99508
40975
51406
14166
97061
3840
56296
45057
95677
9493
56586
58523
76025
96042
60370
25168
29058
5164
72975
193
3308
74586
90176
94418
87323
80656
42393
49923
29854
61687
79553
35218
29622
22837
63471
69048
44248
79222
4699
48461
75325
94273
40840
6411
60948
79323
81749
86286
13679
53301
79805
80264
50484
77207
19256
30316
84925
76049
83708
23760
53534
32625
1752
44396
4081
14417
28580
2036
10723
9713
23859
99852
64824
87286
20435
90096
84732
14300
30686
56009
55737
2692
43114
91270
31208
99988
14285
30248
31107
88
3821
46266
3705
10373
49428
16988
86711
61481
38266
12084
21814
20213
10678
66997
6458
54679
20810
85097
47198
42446
6904
3498
81780
72021
28821
95263
86401
55724
65164
74789
28601
77892
71948
56588
61174
25849
50818
75880
12907
48948
89124
82500
57532
201
38943
75435
2778
17504
59967
28381
88066
98241
58028
88932
41395
38284
85088
95612
91214
19708
70898
33055
55887
5831
93370
78369
59878
51867
87600
85684
27879
45774
95153
79688
87861
34797
6502
2347
98138
23526
61695
94680
35434
60662
29353
49250
628
72638
87417
58012
37005
56376
53525
11472
1102
69025
40139
48823
66501
77633
90097
98355
25303
94439
33919
62302
89363
69986
41510
52496
62769
17546
86346
62150
56658
29975
78276
21339
56132
29936
36237
96285
35244
9683
90657
24525
51186
76865
74241
90657
66529
53528
40856
22258
98516
30581
25690
32649
38877
97884
50969
60633
7459
30377
93884
20984
31672
32423
33142
30524
59370
64586
97488
86481
52473
12994
11879
82259
71728
25610
4955
22658
7306
61375
13332
94801
25507
21140
20915
25096
12240
75078
72199
44949
92086
91762
36373
26429
38773
769
91028
18436
7502
22529
82801
53761
3245
85182
75716
8846
45312
8714
33120
2431
99235
39943
24
28510
40858
21587
11246
44810
70832
78083
12135
4129
94767
51448
26493
98868
2204
61407
40930
36474
28676
50465
29262
13292
15015
29006
80772
18507
60306
35217
40688
33171
70794
56501
50549
75287
64842
23957
77925
54165
4239
76918
96726
94202
87193
98437
26288
36350
55311
19559
60242
38482
46738
24128
59782
22771
344
50875
32891
42026
28976
68754
86742
16302
11692
98822
3347
69253
86216
2268
8324
47732
44332
12523
3414
71839
74258
87902
31807
96591
56218
16342
78744
7875
43136
66161
74844
46714
26423
63063
51238
64720
34680
87927
38820
70097
87152
45110
45615
92673
48169
27944
20368
32145
72147
14195
70186
47735
94577
46118
24701
62718
39392
92381
19379
42336
33656
75732
98050
33632
61426
18363
89621
4914
51745
92498
72224
35379
87408
82118
26716
30946
5402
25449
4362
42498
73964
87788
38606
75002
17105
13178
25389
7035
27707
26057
67760
4473
85532
1856
94097
39891
25394
48672
86230
92319
52229
88726
27690
38949
79995
47747
67667
50699
83026
91859
69734
23850
67325
51414
88312
57197
26057
95785
97417
97001
26366
3787
21957
38934
25325
60700
27604
76493
27684
91933
25401
2031
58616
52594
73632
80530
70647
64351
26734
93966
89468
85297
62903
90181
71481
25389
70614
87238
91764
89908
42309
60328
62069
72509
78388
39075
85077
12487
2160
52499
24288
76037
90965
41126
12136
84529
78084
15820
81852
40590
2352
44875
78732
18566
15954
25265
81137
64022
59927
19193
47604
3212
31153
10031
7199
8548
64363
74148
24574
90476
20680
49192
97336
52657
22773
94415
2327
62535
75823
45104
14575
29686
12312
73129
64098
43859
85567
13443
52979
44181
82454
22548
24952
43806
12
13099
16061
6711
11495
20903
89871
18001
2644
5662
51839
68650
43467
27759
89004
14199
26645
14647
8804
26419
60793
39162
93178
99328
18944
41007
18814
23410
2611
97976
46119
4050
98823
50773
3479
6521
14704
59456
54489
13161
25826
10901
95727
12174
56447
23049
75923
98222
79832
71916
64244
79310
25284
23924
55393
46652
92608
73841
16620
64038
79067
18777
17898
60521
92199
2838
5566
20866
23441
99057
13608
7719
36209
48370
31248
86468
88036
32548
71767
6884
76243
63311
40069
39118
35666
62739
20488
11195
68479
25552
20251
58690
757
71823
17424
33340
58184
65724
73226
67492
61381
94327
64941
69262
30132
58193
3657
63313
32044
75974
69413
46357
4978
92433
50292
93414
62280
86735
48609
7100
61234
67959
36930
63762
96108
47871
76984
88075
37760
38795
12848
16731
25602
74636
11230
68246
77726
31950
49098
62186
32123
89377
9624
58679
16757
59399
79682
57049
19207
95988
53326
81748
51335
19932
85245
34635
94654
96539
22193
31149
53199
99812
81859
4226
24068
58059
9831
85272
95
37826
40316
59246
46064
27249
37045
46443
55408
14839
88651
51529
51450
51034
68601
64048
65013
94018
52602
77152
59581
50234
20278
42318
48293
32100
74113
27579
43323
23871
13231
75847
52944
90885
67776
87935
77140
62761
8380
52684
19391
66451
97607
27446
11488
59561
49852
30407
24827
71915
92606
76146
86123
52689
87667
98152
79775
4106
62469
32189
38421
28975
92378
97297
55071
38177
6351
65135
23062
70322
60088
82705
63464
25061
58112
16660
45095
27121
99995
49212
26203
79796
68156
72998
69685
54283
57638
85355
36464
58247
85692
10975
80036
81702
69077
11549
22835
33591
80699
44486
49633
30459
70023
74077
89017
6828
56513
72102
18187
52133
30346
49132
51462
36760
9000
4214
14410
9506
92652
88234
56571
25362
84627
54859
21016
66773
828
99894
30748
62546
97929
16890
83479
59
24117
74101
15005
23458
9545
26493
33698
80019
73277
71584
30187
80952
66586
7638
12312
31614
85457
95815
59183
18220
62710
81480
52362
88195
73773
10618
59714
78117
27158
78026
92695
27460
3581
82628
53378
27428
66144
37036
9686
62166
94611
65062
6794
26585
11813
63303
64654
42503
38622
11098
21732
76580
97567
18447
5819
5568
11058
64206
61655
15458
24656
7320
45346
41841
13141
18600
73533
10674
11636
82389
79219
51995
73293
9380
84180
86075
50015
94003
38694
57392
59490
83786
74629
26271
51569
42560
13548
13848
69127
39803
37644
13833
18467
84177
87245
96606
70294
84339
36140
60815
64096
26899
21710
79263
45156
88284
4659
23174
22590
1237
63716
20045
53572
2997
64535
34174
18140
20811
90167
45832
33743
58233
55176
20282
24491
43285
75922
19260
71086
23461
61071
13226
15365
9611
50762
50692
8094
75313
6330
60859
30973
34077
83845
96788
24376
47426
95504
79667
93037
98289
88893
81585
56849
39170
49232
77581
81570
55633
51254
44175
88754
4552
77603
9446
94008
33851
21874
14052
88448
8467
58639
99802
99221
72310
27506
38437
96405
64282
44070
93429
67083
15194
27583
48707
57167
95594
71457
13019
65881
19599
65960
85811
25834
87865
76466
49864
63326
8678
3179
35877
95672
99097
47576
67659
80097
90886
69631
28472
7019
78732
39090
78462
36357
13682
93562
31204
58479
70155
3879
28914
50888
52524
2027
44680
50523
59423
56840
51984
1842
72273
40223
15621
25004
88045
29028
31310
23322
25674
92883
94523
81430
65310
9097
47420
48785
66011
20860
63557
9832
35288
13084
9981
41168
71067
64786
83060
79161
1298
81327
69418
76352
60100
35167
12542
66403
95020
87890
57446
69601
18435
65255
5494
37341
66317
33538
59025
3503
5667
46696
72084
62795
46837
66412
19077
39137
82605
40930
84894
11835
39586
39584
72065
62039
21670
4682
96252
6429
60914
7813
89314
21649
75257
59627
75168
5110
51304
23220
98412
51059
38938
46930
96661
68781
28287
15248
20866
93760
12564
26188
16129
94966
88054
13571
7295
88902
86481
41691
75978
85965
243
51508
29974
47864
60804
2488
97699
24707
46912
78027
1193
72157
44081
47651
39686
64688
48034
43239
59648
80921
20866
49461
98531
28765
86999
82660
49226
48391
70908
65683
22184
72350
9898
86337
5041
96378
16559
90538
57031
59591
97321
32465
15569
46165
589
56760
22348
80339
66568
75602
33377
55983
88843
22059
65311
70546
57610
15721
8916
67178
74048
2674
64465
13653
76885
64378
95001
81649
83847
5261
62718
70900
30052
90266
21417
6143
41908
51470
81793
89238
98465
88890
21732
50305
63041
88890
82378
77191
28564
67844
1022
77313
74842
73886
45307
26262
57146
94184
87740
22644
23336
79077
1402
77692
64564
44141
17
80212
66138
2407
34087
5731
55650
72892
4247
50229
91307
98592
93893
73718
65812
74678
1017
66496
71070
79333
15373
38512
52633
97850
32719
58379
48800
3858
18026
64443
75617
69540
53781
35412
13475
33566
82
3891
81481
4116
44950
52446
15276
2323
33812
7059
80245
91236
42356
30044
62720
4933
27732
55222
75293
23271
4644
87905
63428
71917
51501
59783
88664
44600
65155
25852
61651
42188
34261
66855
15972
534
42364
15990
59756
28877
97113
64792
90814
1294
52610
96833
5818
85245
34042
44688
26565
37379
61965
26122
86336
63597
65321
31729
97897
32608
80861
74456
81847
13264
61671
17509
80436
77685
64237
74830
56655
23617
71495
77217
86216
4271
18124
88374
6303
97323
58226
7587
97067
5203
9397
70663
4644
20983
2466
8909
20979
2617
80243
15979
90634
9417
51966
85074
8050
70940
42764
17976
67184
49441
78068
20235
67594
30985
58749
81840
46181
32818
53946
82704
24872
50104
1511
28476
89448
55354
26399
11943
58950
27084
30824
38559
64169
88313
93734
55939
56337
97263
55657
38669
13369
14410
10440
25195
63246
70603
39446
40601
251
81782
33152
26395
46685
27636
43547
96941
83463
75457
63425
87290
32729
54237
39621
61602
51553
43490
79906
74133
38232
78034
97694
63436
84993
43178
340
73209
26867
84851
39569
39008
14828
97978
60858
2798
64461
20587
75782
56554
26023
45796
21582
79074
32768
52530
37878
81818
35930
11893
67580
55249
58119
90914
48714
39998
47861
191
89339
51502
33379
81881
37863
42832
32224
4617
35060
67051
53493
61459
53800
20367
57609
1917
97545
84998
94393
88328
52111
92844
67608
97396
66092
53957
64446
28649
69506
42361
45033
37085
80254
46133
64265
20205
28271
62667
70965
78887
52883
9913
44545
34764
68977
80694
95789
35636
57176
20196
24038
70319
61715
58480
44741
17007
73101
38721
94177
63369
89674
49404
78312
35503
26844
95483
89155
89456
4105
76945
98509
7819
50144
23618
91784
44527
59244
51894
70821
69613
6543
24449
20778
42691
47788
48699
50486
6604
70584
62583
70551
68504
51256
91587
79627
86878
92893
47741
13315
82629
91209
69891
90015
59502
38136
82256
15564
27703
80533
84979
71581
29077
93891
23094
54011
6248
87485
76566
46770
88030
48074
445
7010
49864
81871
464
32933
74170
81441
62702
7902
24054
96687
30044
9112
64242
42062
8120
4691
84924
69473
62787
52045
28292
30228
69353
59048
87492
15359
70440
51525
41836
83462
93983
44129
19774
66024
62130
6256
82280
39305
55841
33420
28410
57424
65167
68560
14206
9019
92914
9794
82925
50269
90314
42832
25640
59374
54856
66209
1813
79731
95355
86999
97530
9612
67613
51095
46562
15428
58838
20840
92143
66510
51616
52665
25215
77704
37087
74018
84914
83871
35005
38741
74119
46871
1647
5885
94357
10695
34462
67421
75324
98511
79202
55178
727
46514
31105
78329
46839
37699
86353
57425
81778
82195
42445
43222
94505
79928
23805
42535
52062
73346
89430
28067
43825
8273
77136
3424
67344
49435
69019
11900
62828
3319
62200
79330
33308
36214
22583
5766
49458
14865
20485
33189
5244
1898
19177
78700
57743
41149
24263
74925
11577
23789
50443
18959
76328
1022
37918
72585
79584
39420
74886
9440
49656
68828
85627
83454
23615
87834
30663
60347
89981
77289
41697
48761
16195
58802
3948
23119
17629
39360
55265
38635
57983
33865
72191
83229
83508
84750
7595
51812
47661
22767
582
97892
10799
61776
82569
43063
5841
41574
83004
77468
99307
86748
49628
6330
3257
14884
75591
83623
97991
89639
2618
26768
43230
69286
7256
25720
28500
6248
62034
84570
28888
59362
88340
90860
23722
37696
30678
53459
62478
22162
70569
71796
81759
27694
87288
34360
70765
86402
24744
23528
94417
41040
84746
2541
863
20820
131
44862
226
28557
90010
11887
13945
71390
16166
18367
74321
25863
46531
52660
54431
8940
29791
94795
7460
30456
98962
45535
1427
45766
24294
65595
6416
32664
20678
75505
96882
51516
24390
68889
590
10780
59493
59300
92455
99211
73660
75832
60673
8249
39237
4872
76054
91722
87077
91525
44397
83236
25643
23311
32967
69930
2103
80862
47077
63162
41186
18330
28121
41075
60825
95810
87718
84053
45700
7727
3208
64116
76338
20460
11278
84623
5909
99848
57463
45736
13165
5400
37566
75063
25713
96109
81163
85583
62197
85791
73178
90269
70000
83780
58738
97602
17597
59848
62271
13471
85830
62293
17376
24779
61405
25738
61424
1377
40915
46263
53798
47166
58797
99966
66397
75353
57163
97640
82254
49171
95670
67710
19183
31043
81260
47277
71150
76868
82651
25159
16288
18668
2719
71734
89528
24269
93215
13420
24019
36719
89982
49234
30039
24055
73976
57587
5099
92059
81078
6302
63527
37297
96444
95045
249
19758
87367
35281
85257
51787
14427
73633
18425
20972
45713
54692
29984
66607
75114
60861
44507
95451
71583
97378
47594
7812
24703
20938
95017
69524
96791
42080
73781
23857
56352
43397
88808
61395
91766
38985
76693
73695
14813
45553
86598
26219
75967
22454
33083
6189
75460
39235
24352
69278
90041
87607
8370
94905
95868
10748
68707
84012
17089
96495
20136
81496
23726
65228
70756
84375
8462
20478
65001
33154
30597
29095
88049
99551
19493
99542
17988
86572
81377
53178
78503
73128
98121
20326
12752
11595
67838
70534
83395
16586
70974
38538
29921
22716
23167
44735
18215
98008
60396
80397
57448
13917
41064
8428
75863
43135
3273
40692
66067
38438
92369
3030
57635
21986
75768
98207
87055
97401
28082
92800
82677
86721
23635
87424
83525
60535
62958
39722
33028
63456
16291
1189
27996
41429
1148
90402
63620
76684
85248
55672
25488
53888
26089
60072
87842
54442
20754
44634
47168
61011
98478
98603
38002
90357
52330
35748
56284
76852
66004
60894
61526
5992
25055
27130
55414
10994
51652
27083
65315
82212
4545
76603
23972
32688
26913
24225
21934
13766
8941
33158
39312
56466
90943
16343
16098
42131
8539
64101
72540
79418
34599
227
71615
50493
43441
83436
47690
31641
78438
2776
93166
70913
48181
70455
16148
30702
24997
90055
60063
654
7478
65734
2601
68880
57316
5949
66838
10770
5295
76382
19746
30261
93828
88225
52881
99776
78808
74093
79534
41228
30293
91970
93496
80886
86849
19663
23252
26857
92946
43001
90996
40835
21657
67120
27966
16305
61772
63233
15328
43987
96513
49742
11257
58617
97260
25943
89154
15295
17905
82920
56079
96097
8361
59935
67973
66940
27723
42699
44468
70807
37740
93360
12383
47382
58996
97504
58189
44679
59968
17073
54392
61931
79496
39771
41018
66122
66356
83064
61467
59826
14543
22925
61516
8254
95530
7478
45830
82123
66617
9205
3405
55083
2935
75773
42957
63240
32298
21589
65109
91009
93676
69339
71923
62509
54855
68764
8036
15018
91943
20878
12406
97043
52167
87469
46689
83018
1985
17394
17
84863
92599
46504
83352
83825
92667
84842
97799
13868
98656
86256
62097
61650
93374
70647
27513
37214
77380
94398
46206
46840
72724
14386
68927
67234
86437
8279
27283
59027
88974
46856
12120
88758
55548
10889
79361
72945
95053
45013
12879
54740
30431
86963
61292
34706
30779
88340
97815
64955
21604
57042
8182
36753
88945
51740
24284
90420
62306
59633
76628
26579
90432
52499
76958
52115
58124
62655
46470
22363
45506
73430
4407
44658
94074
98652
66711
82647
68759
58456
34223
22056
61412
83875
57317
88315
14225
47637
58190
89386
95942
52815
66134
64159
83794
94995
96827
93406
85731
73307
30184
44087
56462
65309
67207
82005
76234
4449
49686
4594
65345
63738
35705
70557
64546
32613
10983
39423
48297
61540
27510
42061
34375
28556
4166
13407
90737
45350
95711
47020
83511
78190
90305
21417
45402
49541
5558
18842
19290
55152
56696
51157
65943
32316
21048
26309
90992
56584
62596
77288
83267
70115
69001
26529
51531
58715
19283
44358
19460
28754
13722
39297
19867
5532
27814
70139
22785
86496
24948
46801
8365
39800
83372
30140
3001
90969
12525
98864
47529
86083
34599
15685
43461
72180
48805
40617
81273
88969
63405
95409
48368
67315
96280
94532
10888
38323
72327
62262
96853
81267
46776
97408
35635
16145
24840
9707
35997
75522
50632
53216
19812
84471
88381
77081
27700
35571
20181
64425
41975
17445
8855
40886
77188
79958
37780
55227
58488
93264
4176
50092
48548
59071
79433
30597
85838
92471
45839
88941
37143
73624
84510
76615
26164
34643
24633
63579
23982
64429
68521
57840
43861
33508
2312
36353
21139
83362
73205
33084
83977
2581
85135
73574
48859
17148
18934
89914
24393
77590
94942
908
81825
31508
60218
11206
27719
5997
53972
23712
43141
78912
11587
53093
32121
42043
67478
2245
67378
30396
69040
93664
13925
43051
1413
66638
47874
87606
6604
14426
80550
63732
95360
95133
39104
30395
87046
44342
68645
67748
13891
1267
45408
68857
9407
71019
62044
84226
20893
96620
68626
6879
85498
78267
48779
81055
31282
92768
63304
59960
80522
90030
58882
41003
65343
91591
99627
99105
46226
15500
43664
33333
96038
39275
30258
58559
33558
25932
65316
90193
30558
87924
78447
33991
82305
10102
2223
61263
77839
11312
26339
10678
18284
91721
2459
29563
59184
87771
31352
61118
80838
62120
86097
83296
62675
28854
28378
34102
23227
29824
89949
55112
14075
32568
86650
23123
29600
65065
8641
74167
68376
19910
23424
59336
13892
35810
45376
26111
30138
87878
98072
25821
11825
91580
64239
82488
43128
8991
41274
83653
79487
50588
45724
59502
24684
63529
50995
21798
50814
74193
69300
49461
47933
40629
22812
68927
33998
37323
18909
20071
36716
79377
90162
98344
83305
60037
17147
39289
11976
23016
7666
27264
64709
58951
30022
38664
53915
9871
80025
35017
66256
68387
79145
82800
13674
55621
58325
32675
60234
58833
7310
27100
89832
40109
16335
74646
10561
14334
2130
83206
69382
10839
94944
18166
26811
51671
3025
90804
95282
58016
9400
83798
85913
64966
53919
56426
42797
4482
58249
20806
95676
36903
64703
41623
68461
98072
23845
68140
49463
97926
9660
30648
14099
73386
13690
98565
88130
24546
18206
11463
33654
20913
24790
76775
63740
34779
25027
57317
44503
17883
99911
46600
92897
38882
1097
30045
27146
41016
697
96203
70989
18897
30462
23257
44067
94419
29968
80581
39745
32072
8834
4425
74680
86068
91562
51927
37482
95865
98088
49139
50935
89844
72347
35517
71290
51472
16866
87569
90083
61784
4455
77635
40744
54579
63481
94483
43372
6669
25796
92873
77227
75787
77782
24995
7468
67995
67124
37912
88857
29837
66383
76802
24406
68074
71015
23391
86660
60285
22157
22640
42912
97992
54148
43391
66963
65318
35099
76982
85220
99738
4975
39725
57707
60069
28547
68068
47720
86963
42537
93368
19008
3648
61997
86693
13133
49384
61566
63382
65544
22314
599
67080
55371
34649
7026
43639
38127
26762
40059
31146
34577
69781
58807
16567
70979
93510
7898
70614
82437
26598
1154
38148
39060
70024
69604
70009
49813
43985
14126
30121
32835
52921
61113
39755
99831
20482
38572
50714
32976
22971
83028
79351
57879
81853
2659
58812
52293
64893
40888
32755
16956
86118
43790
30395
14464
14607
63337
85044
26811
63716
71036
75726
49470
26684
98767
33891
58030
3369
37494
56331
82225
91221
40406
40240
91261
79650
45337
41005
24153
17740
37355
53367
42450
48717
14818
62230
67580
53496
93450
17049
14666
81677
36694
79770
57793
18434
82857
50642
45708
33049
65811
45788
88400
68729
38792
78808
56993
14871
52581
63205
43204
48378
38623
4330
72932
73360
86476
44833
55799
41586
75425
99656
27657
52924
90737
62999
46084
98209
80419
79806
44189
39634
15748
95507
74814
47182
13784
84967
36324
17803
90918
75810
90071
36446
4183
74429
6539
38388
48541
78006
52136
3683
22455
91577
73556
59297
72526
10673
38195
127
19128
33549
9433
70494
774
68883
36170
57699
92431
28674
77975
84012
81187
8474
53765
49134
24076
63149
17043
12173
89480
22357
19919
27241
3419
33991
9749
34234
74345
42636
54300
72202
38891
97973
44188
43148
73357
93119
33407
20928
11083
89488
98974
56370
94140
58764
35517
38232
80192
99311
23978
60780
63873
69000
4832
94430
42824
69556
32622
96908
68911
89402
94764
29732
81653
29928
33497
544
3672
33024
51876
759
17479
33234
85579
84759
93115
64288
8091
56714
81029
56942
63914
94526
45728
16154
78802
25345
96298
72600
78277
72808
14155
90923
13767
28332
60147
30004
25105
14760
18233
93668
26309
15992
21715
31677
5657
83437
33807
10803
66555
46890
8119
69775
46286
91414
34210
39615
74167
84761
82263
9232
18740
10622
87165
51336
63027
13807
55801
60009
72777
98392
16739
35290
75489
84524
346
20196
6311
15015
7724
50186
2362
3940
19710
41212
77018
74869
87836
36374
32791
39934
75231
17673
741
18114
87852
75994
31999
51126
3479
74307
89149
36621
94983
95179
62913
24118
91496
74914
9167
55894
89045
89171
96158
715
90256
46650
47740
27942
44104
21877
15965
7379
2080
14382
87689
96178
80868
88884
84439
68524
59650
92132
4449
95666
25806
36180
98636
32233
46089
18194
34941
1090
87707
57196
57927
65989
4832
49594
15294
54139
56838
82425
30678
70770
35406
85457
67257
61156
5344
93675
54811
25456
86060
21413
65051
58530
45293
33612
97500
71220
93495
22374
18913
85418
69687
82095
5030
58767
11582
55723
58790
92363
72876
72146
64133
14119
53138
65764
19056
6285
20466
54017
88817
31709
5721
21825
9321
72602
44230
5747
71200
87070
90879
45994
6013
79630
64424
49310
81471
30674
43223
11791
1078
57821
28519
81812
99083
9871
44982
8766
59315
12079
89864
14685
46635
58130
97324
72256
30386
44187
47094
43454
92209
67493
95475
92391
24504
72573
65207
55194
89342
33625
21390
76600
56991
86279
88840
88785
49974
1980
76175
9639
42913
43839
76540
42015
50525
97098
92572
72131
11932
3291
8890
51028
45394
1647
29886
24415
41395
13502
91669
85
73147
62832
73746
31032
96326
13144
9069
24276
91258
79673
63873
69339
17602
44321
9687
75330
84266
69768
56742
90757
55906
98595
51195
41295
66727
36613
75727
78963
34082
53833
13495
38398
95869
10010
1171
62161
79657
19551
90977
76489
13296
74837
55869
3848
48285
76577
25017
5664
27001
92590
61973
15045
84137
11837
76822
60455
70650
75161
5151
27612
52130
94052
42290
3331
71518
55610
75668
95723
75047
83232
55016
11902
75175
55301
11354
61878
89568
70120
74491
66198
85449
66052
99617
63407
83173
48777
32578
28578
1712
42534
1332
71332
60406
26829
57709
75378
19004
23476
5746
76112
87679
83283
48353
95152
56340
81380
80097
15135
40495
73419
40477
11654
22431
27359
92420
6094
57781
69249
23061
16847
96127
60463
54914
81302
42730
2396
54448
12846
46559
66167
24406
49939
95394
20743
57905
14172
1043
69042
5838
72106
94612
52074
86339
38507
17269
7886
83355
81085
80176
21311
22007
20008
56830
43976
93132
19873
44302
97902
14489
81239
16796
12728
698
5403
88023
98816
75569
82020
53971
9830
87572
89638
12929
50204
75180
43964
89282
48646
19226
62925
24428
74858
6042
91021
49850
32060
29278
34230
54585
62951
82830
18196
84971
42959
10326
8903
44349
99650
57192
40593
79232
29017
56965
26538
39448
51893
91045
41149
74164
82405
63047
76087
48924
67795
38424
66019
68422
88405
42161
17426
17126
49216
71284
6090
45919
55253
58713
81428
49658
64294
44338
71255
73323
86582
22681
41800
53806
16913
91136
8693
41818
72420
18527
55544
33546
67387
7097
45930
47578
83521
3830
79296
43340
43730
29600
35035
50678
1802
84656
77787
18407
71358
67273
42539
5166
90182
94748
86014
53676
40933
46370
92341
90736
29721
85346
81832
15670
58307
82977
14602
50140
38105
22383
1508
91393
49668
8349
24499
55402
92775
98963
49234
40004
22221
29664
74011
64677
24773
93638
97675
76711
59507
87429
90309
60554
77020
28144
61602
8461
32774
20215
14445
75814
80852
51377
16849
84581
76845
16083
69536
94476
48366
93732
70604
96979
84789
39435
62112
29987
34758
66585
54808
21491
84891
65714
53631
38094
64701
77264
92461
76047
32473
72741
20675
40465
91557
47924
82834
5754
84265
7769
59041
67874
82239
19613
37021
50193
41715
18694
29963
33285
72632
54482
73281
36958
19814
76750
31424
32048
34972
14666
37047
52150
41681
38078
15604
8526
98782
68467
23680
60432
56791
36366
77553
85
89536
4101
27520
91668
98173
27187
41279
1291
44465
19913
83444
35807
53652
29434
49134
54727
66362
93260
53295
3236
59117
95185
73469
26417
46368
94219
64660
24498
70779
47705
97605
54791
27749
39516
37865
5660
48007
3776
22424
699
32647
1696
41381
50893
84314
32306
35471
74976
98496
62581
24834
79904
22186
95300
29597
71910
16407
4677
1930
46389
31547
51396
54147
18377
76944
21515
98494
78379
69105
39544
63598
33237
14503
18120
88137
50719
45458
38662
47272
83250
15503
90344
23571
25569
70864
8116
12693
69867
187
84468
19191
96395
7238
88821
28866
20390
16307
70749
73786
75228
82821
13644
19120
83812
33438
89124
79334
85799
13125
70016
42042
2191
80204
72984
42969
50422
74640
93673
29426
85257
84730
46308
58394
92936
33193
20011
49211
32305
34736
75604
66876
25238
19008
76493
96266
86303
75782
94441
4609
99619
63165
73233
69855
25010
91811
73046
54162
19046
44817
75038
20296
65854
87391
15894
36006
66265
34843
10655
28644
2161
41200
62221
65012
74900
86786
18847
16764
47719
39838
37789
9713
58861
29986
47601
88529
62204
99534
97182
12007
13055
11612
4307
45363
68978
27865
94489
20047
13112
87038
22648
28788
88247
29881
10944
81218
40779
69002
449
35252
34794
55775
95854
87530
2981
93809
60489
77699
80511
13819
98866
90586
68367
10116
12016
9503
50074
18519
30156
12006
17631
30586
84960
99292
13825
60295
91866
27423
39571
14958
67933
92848
26841
52535
21900
61346
6109
98721
52660
50535
72928
35850
49353
22836
52129
71887
38776
87878
28894
33662
69668
5452
31789
46075
15421
52369
65087
61061
51646
47935
59263
47910
4323
65336
24004
85998
73910
25967
30102
6330
93949
6369
42381
1165
1778
67663
2169
79978
59914
20587
87247
64139
9000
3231
68310
26025
80714
62757
10471
51245
80852
6335
32089
27965
65965
78301
37921
65034
84358
42599
33990
67298
35047
12702
68820
85801
8863
35663
684
51306
18666
3865
68336
18944
17604
2883
2254
88952
63822
68468
79246
40419
22782
2992
37302
91991
20311
40531
21634
35704
8002
71392
53391
71346
74393
27539
73403
59233
83134
3808
37277
66052
58436
15319
38930
51695
19451
60806
5477
21931
13414
77944
85843
99443
69170
27300
74528
8849
49905
37819
16737
6774
92781
16417
83644
75699
69817
74175
6268
74850
24562
5445
99156
53897
58379
59345
64900
41342
15923
62492
99631
50770
15541
61850
60852
72222
48145
99732
5011
70766
312
27205
14795
4361
1608
91622
20892
71626
88390
78293
76744
92365
29163
21381
63071
67322
7817
6567
33777
64090
15049
58418
27828
58504
19532
66944
71900
41368
82114
31257
65145
45513
15097
41066
44176
5383
77279
48257
65405
64110
70949
39156
92936
91524
77936
19382
45371
6499
75263
18974
93061
63463
17069
37175
10765
61873
17534
41729
88488
22143
75108
37019
17050
10845
4771
99671
75090
12908
2036
25402
41768
37478
3516
84819
42147
77877
12933
45375
78349
91975
29270
36480
71973
54175
494
85395
27302
54841
73555
64017
83563
6166
29279
70947
89332
73108
73302
87452
16086
91252
87615
21475
19732
90769
96815
59026
33726
41540
79172
77338
71778
12375
23429
68746
94659
8366
44768
52186
51174
8789
34641
8126
97540
37865
3453
48291
44507
60540
28753
77922
14261
49934
33468
11865
34294
53087
40878
20025
2240
90308
69412
88885
16793
36774
76564
12994
77913
70330
67192
26837
27469
7274
82497
98840
7525
60169
90390
57868
21780
8306
69055
45813
67064
96071
22724
22973
4615
61843
22824
79127
53661
4208
69115
49341
33603
45843
24123
60800
75742
35008
96916
99552
19193
472
85409
93947
50079
73087
56945
33768
28997
5136
77392
2782
61308
45178
68711
81230
31402
39355
19727
56289
84381
34223
78354
28059
81709
96585
60383
29624
14004
9246
28084
28433
98329
28560
92495
34102
5193
68146
16786
80740
49136
62665
88943
31130
84137
19963
48187
11776
95187
79142
28678
2618
38115
4238
59371
29615
74759
41171
32562
39758
8096
94947
57155
50688
68820
16879
45445
93207
28382
58086
92560
1072
66851
57618
62176
75152
88698
79877
47977
37765
68783
48982
37987
7356
65351
81654
55290
34890
64693
58562
2182
99788
74789
31046
17681
3051
84928
52800
33585
18744
17677
25518
38298
70400
23026
56339
33425
14170
21546
7866
16491
79598
98077
76740
77211
32989
71329
47954
34739
91496
60850
67016
43965
91203
67607
85147
79129
43652
81601
91277
95266
12469
2867
42099
41466
83807
36794
58799
12450
52687
26797
43948
14484
98379
37949
50305
67351
40254
39499
11204
80293
22349
28199
7685
37821
41522
26927
84873
86241
65795
79845
77595
8485
72941
52607
31134
88249
96893
91525
12922
89566
31234
19564
18486
56343
46392
53560
13466
15214
3081
34991
86335
27296
44744
69453
2722
36450
93854
83227
65025
7781
4107
82778
22723
23950
96873
62856
94522
69448
30723
71773
57836
38102
76336
60135
57766
3020
38138
93871
51530
88364
71537
52872
44347
19106
70183
18317
22595
14549
19564
14378
61550
62311
50827
5398
17285
84426
26875
41034
87317
72842
80281
22770
77128
4445
8157
72900
58677
82192
5136
20455
89351
18232
21949
56818
37639
44204
98051
19547
31747
31264
41459
90143
17152
80366
95844
72448
87210
32901
90520
92620
85542
35165
35781
21981
57550
99645
68566
82571
88536
3546
97462
61188
56525
22707
80341
298
73224
424
30728
17306
46358
75435
7383
10929
60797
33438
84132
24333
60341
83942
53203
91599
62670
7724
24005
37073
56625
86463
34843
93179
70120
88826
75913
15826
66159
72073
12123
79115
66591
68230
98079
31273
18510
34195
83119
21194
67000
99684
14864
24832
77892
23976
78012
90480
50807
91629
16746
49929
94589
83959
95600
74719
99709
94120
63613
41783
91276
16289
29108
10798
32495
22619
21266
94369
54811
47694
6779
62724
12876
62296
47622
80198
7141
57520
71255
97038
6054
16502
88796
83211
7619
73260
10873
471
11568
54263
98717
58977
94763
1865
74019
41677
686
36147
79475
30466
73355
29097
12518
15621
64078
82194
79493
41900
31188
31041
81602
42606
28320
36729
28594
55362
74108
98051
52605
80821
3799
80524
561
83251
52876
65364
24904
20096
71649
47012
39730
72780
95030
81783
88903
16048
60775
71017
95168
39709
93879
11196
42196
64635
34136
27763
56700
12099
54186
80488
39399
67525
96301
79622
21693
15547
39905
61476
49520
74101
45570
10279
38716
14897
23179
316
31048
88059
44854
93973
55607
90562
12724
1799
23530
70558
69524
60293
93322
26885
50389
8766
93279
52293
3393
71047
54342
5733
11372
73373
26083
89275
56360
43400
19395
43353
44445
39881
68090
30938
18542
44633
84041
81697
11577
11169
29504
74789
13424
94391
66208
36152
30300
79615
16127
13340
72564
25687
25053
64011
89603
2882
35160
51773
30738
3046
79711
53036
53536
16594
65080
99766
12930
76476
24244
18155
15567
14479
95326
83399
1033
65941
22923
28010
82870
3167
56504
11759
28550
80123
31390
17255
46675
20622
51746
53887
10867
10290
54455
10397
31660
87841
61558
37119
90349
12930
27185
54348
67488
23941
34392
83409
99539
77308
73223
2092
5374
56558
76352
42132
9843
76154
46909
51580
26088
21667
91095
17590
4859
13379
82504
68151
27521
14590
84654
80422
65537
25497
48512
56978
85066
10666
45762
96343
7821
77039
56345
41231
41682
43451
26817
95072
83895
26215
48014
98414
68754
1886
92130
74004
53423
70461
96839
17759
70112
4150
67644
95135
77901
38044
10283
68794
22187
27559
72859
48969
13517
96388
89485
34282
21656
71270
76759
71837
1636
67071
20162
17672
89011
63550
5619
83375
96416
12545
96404
2627
12225
3016
52054
6204
72923
10838
79208
24234
93923
11252
44639
52032
24800
44004
67495
25990
27444
63549
55792
33598
63260
33640
13073
44179
35974
56411
21269
83970
64587
6370
94166
28812
37752
84240
36320
86066
55390
89398
37725
11368
42895
18555
52969
30851
86585
67419
1824
68800
77685
65197
44961
42497
15307
47938
74335
68865
15813
88116
9161
78128
88518
42518
69244
37838
18061
2481
65380
77074
5137
75234
72747
19028
19307
25725
16543
74734
81741
17917
25174
31267
84206
26052
1435
85744
90209
84148
11059
62541
46785
53035
10565
47537
40982
12800
784
12023
98523
41348
8033
81313
49148
85394
25304
56551
68697
58274
87991
16248
16586
37268
8847
76446
6993
76666
13488
65189
19375
62585
85619
39611
12207
97087
21098
67555
34095
61300
55615
39856
56381
29923
11992
90207
82946
57508
27184
15151
86427
53667
27618
67119
98705
69906
52731
59549
4147
84198
94527
73502
4058
76902
92853
53130
96419
59921
84657
45021
37120
15939
26581
72517
76081
82484
60312
9543
84190
30354
96938
54329
69396
87505
53013
36176
99332
96486
26330
10614
26535
44216
65830
40790
13250
87670
84177
72671
70966
47937
46141
61571
38958
15711
47583
20251
87526
60848
96179
47313
21716
60380
42351
22498
44965
42667
78665
15515
20966
44233
70301
49374
96109
24632
22527
68848
26897
86122
78172
99472
23177
3301
87673
63554
30993
89608
48705
62790
21135
95903
44851
41067
88988
46229
87380
63881
30088
60002
53253
70248
78493
92350
35669
46722
77038
64464
4448
90495
90480
10974
27494
42982
44570
38732
90506
75429
42761
80859
23345
97062
28280
55951
30007
47481
31001
93536
4994
8487
97841
97362
53764
94157
79382
24891
33879
98738
26326
23143
31216
67684
83129
95035
31252
18022
4396
2569
64516
53982
20775
87293
24082
11899
44116
71691
33059
11091
9397
46190
18547
2582
38336
56253
93050
61536
44498
24822
85922
15251
31293
86499
1835
55541
3126
84363
40637
76595
84731
98888
72629
66176
76798
32857
29495
6213
65868
76408
39429
8879
27740
50183
89004
88545
45161
17800
30667
21940
65999
72452
89694
16748
90013
93724
73473
99138
75446
35025
19639
10091
11704
40129
71940
39205
2773
23847
85709
39817
95184
17169
47621
25485
74525
15627
88552
60753
51497
1842
24471
75176
516
32086
11284
50224
15183
20777
16131
70499
42160
26406
69404
26181
49170
77095
99744
61599
75832
35272
53460
13481
63973
85896
41844
32781
33136
70776
76963
99044
17807
5300
17474
50979
5892
4987
28007
16106
6634
47480
76548
56316
28558
56759
98326
51266
41612
56171
3159
38227
45076
26033
28787
64861
68749
22877
47180
3492
43405
29172
84066
9345
64707
68441
76283
76576
31553
90878
16285
51873
93720
6599
84728
39112
71756
81888
98469
72326
85430
31179
26509
18186
58895
676
18325
15062
64603
2469
87341
74517
55624
96846
10477
62388
87184
69731
44786
73513
68954
66739
39449
53776
5325
48332
23526
92203
17889
20976
20419
25475
90945
97828
65933
25215
55607
79852
31486
37782
48686
19392
92456
55720
20634
87541
47812
85979
37604
74517
65427
38336
4050
19489
36625
32419
83559
37892
91639
51521
55632
43040
60404
26515
14168
81461
63233
38631
38025
65691
46100
23322
99441
34936
6798
77544
22003
75358
37150
11104
2529
92167
58564
61846
99693
3237
45223
28052
78574
17669
78824
52257
26952
45205
65790
86801
86426
27693
37189
42242
5198
75810
49697
94332
86864
425
83978
46613
84370
25981
3336
35063
46457
41303
61452
61689
63959
96944
17870
49170
14864
85520
91872
65696
65578
43061
3055
68792
47480
41268
97632
27081
22444
10707
89692
72204
75011
81296
30540
772
59868
10939
82782
93863
1338
40693
66874
25682
50062
94955
74205
53832
98606
22468
50000
41725
15568
80525
90266
57943
61315
67439
74686
43779
59396
70112
26169
71004
58694
89208
16202
82373
93469
26310
64658
548
29204
16077
36468
98792
23023
44306
61707
79885
4265
90824
18287
44646
95743
1699
42770
2597
46576
42294
59144
47205
21050
14307
18993
30366
47560
35872
58614
62698
21447
23889
66701
11676
32705
23255
84924
78507
8692
3669
1816
29929
11553
86631
34297
4255
42195
5172
48530
28317
34884
55575
48139
46080
37981
83746
1682
27085
29480
94962
90156
32241
39325
28352
53419
18841
40661
70949
33530
54239
1022
94287
65660
73778
61657
45903
96710
25051
43978
92152
60022
88512
86617
66539
97487
45378
22644
17253
94026
1627
47835
96208
38263
88701
23502
6287
80068
40502
27347
31486
78769
42882
13837
65252
53091
58153
12364
44511
66593
8410
36016
86409
65951
88382
5633
66693
31744
74048
65534
36266
59508
61964
7162
93236
84862
43958
88208
31110
36580
85471
99395
59811
65127
61329
88985
705
4728
31181
26886
42273
24917
4563
96080
91905
51208
77773
61510
42143
10230
71212
99599
97259
90675
56616
10929
93002
25383
82071
53930
29286
74109
37118
34164
3278
15792
469
43490
63006
29522
58802
4926
89487
75103
12414
55536
75953
47731
49469
24371
70041
44583
71897
58664
49597
81040
28565
22493
16304
81930
53583
52054
88811
690
43613
53572
18273
88038
6298
62566
63351
74545
64331
6275
28884
96608
21661
97844
89745
75311
33412
19195
77438
18260
12811
24727
34627
53921
2836
59239
92851
89036
75234
47364
61349
50338
24560
50634
64604
68698
88386
68566
51021
34801
51808
16627
25501
96783
85111
84722
2608
577
56715
23607
5143
39904
73362
53018
84651
60093
86005
38407
84336
30855
98842
94433
69168
67200
60580
34224
97035
65788
11750
55199
27495
8213
81011
67322
13640
35839
24107
87733
66487
43784
65428
30493
96073
85591
2353
20344
93785
4254
26302
88373
75784
34044
52036
96740
92716
59757
50732
95201
35399
78342
83603
16699
68694
39188
36059
5414
43647
35952
87721
23336
22923
85931
59929
44820
17379
43465
5198
30545
26690
32591
99081
51214
85831
64714
1625
83825
90696
92879
87720
43202
11417
25190
18527
93735
13027
27654
46086
80627
72613
5938
85000
54467
21774
14567
90899
58660
87447
34584
72759
17247
65001
33804
30948
20576
76098
13996
5744
52722
15623
28802
12781
32397
85378
80304
2910
29412
16680
33194
70022
65913
78307
19014
22093
85569
84696
88835
25812
6260
27280
32699
33917
95663
32925
88911
48857
46843
9275
4155
23628
64938
53491
18590
67264
95336
68139
35524
41269
12683
25812
18870
43441
97161
47678
75259
12107
46939
6851
30856
69231
46455
87309
70910
13464
30313
86854
46874
82520
2534
57304
21606
5572
98639
17288
10823
86753
33091
18871
39862
70455
93961
73306
58709
48709
29814
81632
74316
26880
60114
27056
96636
77927
704
41883
35639
60662
34032
31163
37558
88729
57828
55878
51133
20477
30704
85199
13112
16976
56957
30014
62617
30612
39042
48611
68051
40321
59679
96625
48533
65145
15151
47144
46933
94699
66788
73662
8094
26428
5871
49864
47628
17441
26594
35160
86447
64002
98870
26078
5035
65509
51002
11015
64605
2253
85367
30436
91894
49952
84744
9047
26441
90308
83924
35182
13268
10736
40587
1596
92534
92964
90021
76189
46048
85558
66339
25832
54044
89001
20262
13966
96331
94133
86088
48663
43289
8698
42389
71599
50412
89619
5231
57153
54338
50993
5747
48098
1645
26834
72006
69564
39603
48926
64967
73429
25607
45939
41725
61601
38501
46234
90321
80656
90560
29519
44948
5404
56782
36136
76503
48060
54441
91474
76839
56208
11048
47552
59372
59020
1360
84276
17983
29722
53408
13204
59110
27581
1221
54849
53183
42385
76807
77197
61902
37203
96772
91972
28041
36670
40054
50789
67724
83114
93320
12359
71029
92256
6134
35044
61411
21303
97889
12582
17837
1985
90395
46288
67758
94161
67200
83172
128
12215
50384
86199
34425
19314
31217
24770
79367
4257
13634
21571
88812
44892
75487
27787
14205
85156
89353
66082
23724
95872
48717
24677
1370
81938
31177
21835
41698
81931
43804
17615
24536
73594
53534
79329
37926
32808
28448
42051
18719
76841
24251
48432
48623
5730
18509
4024
3260
52139
85805
87152
33180
4592
69200
80141
13670
84253
65641
91759
90249
91612
87760
46912
95026
220
93349
61353
8596
25094
46180
29131
79458
14908
46030
40429
89596
10318
44733
50690
98513
26416
40342
39548
51457
2281
99096
8024
47671
36369
2303
34390
11851
86448
8460
36659
59184
35892
65834
74070
79884
50769
74621
44079
17657
6706
4178
28249
2946
73020
23314
49462
58291
34332
51451
26358
67961
81151
60035
62739
52345
97750
62115
65813
50174
62095
18313
20511
25811
91762
19666
53826
44859
69618
13274
57350
60143
41227
24031
97366
16652
57480
87295
97426
43928
99254
28850
15616
99669
63701
22799
89035
92877
9733
64661
81788
58300
7985
88426
57791
51160
66413
19048
73548
95414
99133
40404
67671
65173
7843
36156
97985
39602
83467
96219
73849
3272
17986
19477
10502
49026
3959
90388
82080
50098
91417
97018
13683
9090
24320
84275
61906
24635
32576
19343
29209
57001
33594
50363
87847
5106
36507
9970
73442
32534
31286
49267
27713
14513
18730
93529
16939
56550
72062
54557
77746
11390
67213
63658
65393
87084
58046
7563
46203
31021
51156
13266
52908
69018
73810
53915
74213
79758
29434
33515
27093
87851
65392
80123
62697
30453
12978
18862
12950
82999
52332
76395
68965
31466
69394
35436
14167
36819
98048
22896
62526
86783
74195
79725
3172
80721
47891
39458
45849
35317
13665
41974
82206
21162
10973
26093
96545
84120
78422
9469
56976
17810
1063
9172
13534
99070
75099
32635
96872
83484
12315
88309
98717
81725
21228
74130
2799
78855
12507
80317
13262
70956
49056
96384
30256
88937
44648
85499
37137
85522
55289
76888
40877
12232
63901
68909
39599
377
48388
88259
59334
3090
67229
85803
42347
88447
67904
44124
28248
60620
63519
28355
97202
16278
52748
90664
56735
86717
67895
2498
36984
86029
7507
56792
8430
85671
22139
69730
73217
48311
89166
62349
66305
50001
31151
94772
62265
81742
7046
91410
96113
73790
88382
30729
80254
65960
76582
89302
38523
422
90968
16113
36926
33684
84368
76592
38880
88929
29790
77287
64653
66974
12624
10380
89144
1409
8659
47018
33427
59509
11666
54031
57543
56781
94299
76397
57349
50829
63846
16385
56696
4132
56053
20583
90979
76121
86794
12035
28481
13521
8639
47962
28522
82337
64588
16465
25316
43974
12872
32452
85447
45031
21835
79092
69053
59573
55375
24204
74894
87841
19427
92419
78541
18127
60514
825
1258
91923
53279
10623
35992
63424
5347
12666
8960
46754
87363
95864
30435
23414
63864
19998
42826
58042
47912
46168
49283
59221
61599
17869
50492
28868
41422
99973
74834
86826
16499
9243
48694
12546
11232
53550
46103
45358
54521
46137
60637
39839
10630
60781
37387
50825
25045
51682
79254
90785
58084
42076
43624
15402
66377
72706
77453
46336
80613
7533
16479
55369
57975
89303
10441
54723
45789
37405
43681
96308
56758
50332
4784
45467
21429
90732
28760
76910
17066
24354
32106
5954
25935
81225
79738
43003
34486
6957
12465
4837
35364
90234
42389
1225
7522
89421
13322
60316
20172
1262
47846
9946
66292
97924
83688
88193
12518
23754
2306
14094
44975
4027
54595
20134
96971
26456
21705
4728
58628
82235
92192
50233
28958
32868
69647
31713
21957
13836
15346
39137
66744
18202
59330
2134
15832
2060
60166
44362
65378
20915
42611
9117
79581
92906
11378
48118
37058
624
33402
17562
95659
78279
34503
88298
82772
53931
45803
82568
1484
15257
78230
34303
54571
54943
89434
19788
88174
80694
41282
54607
75811
47983
60037
91332
68753
56416
25185
62093
44163
26737
93608
40874
99833
39576
39365
82955
76696
27527
67278
10900
97913
66544
46340
49638
94123
56048
76798
44489
51538
60421
60168
2819
22624
33270
90480
54002
18872
8760
93363
20056
88273
26863
68805
60568
69009
45294
76724
64581
57964
55304
12603
9840
31875
23027
64748
62916
26873
90363
97318
53468
58079
14002
74993
4170
47353
30434
69319
65654
85711
10763
75643
93324
29924
63728
9976
37875
21579
59333
67029
47120
80087
40572
53438
65959
84269
46086
92726
95851
94482
84309
28382
31646
68126
92281
99967
59077
51016
83290
19126
86321
71828
77719
51309
32060
64368
90101
46132
32567
76335
64990
74347
84406
93479
6683
62424
5465
48713
79056
51962
38793
84205
81667
28293
90613
56136
37258
47759
5271
78245
17617
27695
25739
24676
64841
65751
52139
59795
81940
41004
97061
16436
72088
29514
70187
87602
51276
58018
55600
51008
69939
11577
33316
57769
84901
15190
42953
1213
3551
10494
86322
47134
24788
59755
99014
47069
57
73565
79634
17463
49456
77831
40560
8156
62083
27241
50454
1132
70880
94048
23269
74961
48757
26368
86890
92102
95627
71920
68048
49047
72694
69777
50583
18377
9617
35744
84733
99472
96859
2197
86110
74633
93521
17249
66917
17049
86806
342
51936
92719
3968
82847
987
91369
46103
7776
18801
44408
96839
30940
85407
59492
55697
92193
93043
95072
89556
25094
22963
31311
16130
5321
36304
80334
58175
92571
18353
58270
25558
29074
58915
22995
14783
98294
96203
49560
35828
41650
17618
58983
83344
23649
83472
77564
74423
49085
59091
39078
24172
1894
78240
39264
13090
47886
67465
50866
48700
17208
37679
24260
13742
34407
33933
8520
80784
42995
13929
86418
10632
57284
92145
16976
10307
1800
48119
14483
85249
74395
75340
35480
702
48181
68891
18156
6215
81449
12950
30957
43167
3328
30693
69545
41686
10599
84559
15184
54322
65089
45438
2601
31592
82563
69396
60899
93856
79801
96861
86579
45442
9375
79567
85486
97882
72097
57335
43686
4135
11815
95680
82778
3519
22409
77135
46406
29764
14844
27881
15605
87886
59036
51394
34631
70592
20478
85584
8864
57488
48085
69093
80526
54846
16739
37633
5976
13900
1862
42235
37160
45363
46128
79972
63044
89809
6137
93500
59722
90784
54619
14409
86249
90954
39398
8945
51255
83145
83183
85886
63911
26903
70768
13704
72941
75154
53029
44496
14471
68389
740
65787
69249
93112
24345
64379
54307
43353
36850
41492
55387
18630
50091
10232
57803
64187
95555
86207
61943
83274
50854
45120
24034
74908
53433
17573
80356
93525
88082
53527
46535
79590
33593
43875
75486
23501
42185
96690
52909
13426
57938
81435
79337
70005
82717
20414
40226
19707
9116
82889
11982
7571
13246
30062
64865
60358
68913
3318
68531
12334
72506
55574
41919
48931
47329
40816
53127
33051
34724
63078
6715
47490
24503
39960
90185
14115
62326
61567
50457
4473
8976
11806
66525
78778
8309
97556
2092
66804
75245
83139
49716
57906
71106
30536
67284
87063
51820
68054
91203
29580
71795
42018
21929
58064
22338
68457
74335
74854
91465
43653
48906
7691
74833
13380
11445
54829
38653
46466
25831
96784
94908
28702
46643
21319
43639
36380
59262
39766
22258
32161
59111
49986
5552
44901
3596
27308
55098
7893
10043
47325
31624
13812
28400
93534
49611
41217
14464
15913
34048
13678
88656
74641
21737
79703
14103
761
83442
72168
21452
12657
79566
38202
53091
60119
24671
56165
45618
11
71310
63902
56598
25481
59228
48447
25478
62506
39880
2686
59074
77204
557
70398
20816
94872
4987
29111
68465
29176
64364
78921
90089
24574
35557
52035
73377
89108
86256
68163
72899
86437
39335
57626
77951
46287
7669
44779
21737
4817
43004
45605
42916
57489
49172
88177
16216
89405
77684
80839
37717
72469
79922
68029
72124
18578
5850
38335
26886
81069
39676
15128
2810
79142
62337
78769
26004
24123
68560
5643
71356
64016
3745
14713
89388
20677
63283
55958
35689
86583
19870
16175
22247
71280
13214
19121
27251
37292
48096
90750
51765
55764
27005
54305
59696
92954
3538
6631
55180
58851
57691
59136
28127
31327
83539
20557
54159
34734
46072
90799
95968
60560
52326
65958
86863
16599
28757
50049
53452
55264
46107
86931
67648
78977
77268
29425
86599
88054
98981
80332
54397
6314
19260
8639
40376
19371
72063
24823
28538
32032
22333
53199
4441
31055
83931
14239
74943
19194
83103
99600
75408
88127
77580
29635
24724
66299
49115
31844
25185
69510
79832
51465
42310
19512
39755
7281
52363
36892
59730
80320
45044
1594
73242
55064
26244
46350
46692
45854
23380
43880
21677
72864
32987
82039
16441
74007
3466
1793
2919
69804
53172
25696
1035
24941
22230
63195
96887
74285
31715
38016
71711
79178
14120
9924
37750
23834
26994
67771
23028
16972
12288
97385
2746
24742
44474
14504
33299
17575
31709
96246
32737
72731
74413
79049
74461
41871
88189
79760
51965
24589
23106
69972
91155
21108
30350
87893
3181
55384
32782
27705
48701
75546
78802
41893
49612
19261
18930
16205
26685
96609
34543
18017
10615
69990
15350
51047
38166
27403
92760
6658
3147
8767
77265
67189
48253
9984
86887
88528
87761
18507
46192
7498
21572
96500
62339
63472
87831
2246
41833
76279
83317
6305
25012
64926
91666
91680
12882
35348
74490
86486
17201
20368
74772
43150
29376
25262
38732
85344
30148
93150
3367
72202
81105
50838
9235
83425
19078
56156
62525
79860
40466
75746
8696
70285
59301
29497
41297
76791
79937
37400
87583
6464
98041
24900
70123
88907
32916
25551
11694
97815
24339
86419
76731
38488
58626
2940
24133
82100
56597
68407
16209
25597
5978
33027
18442
149
1795
65484
22107
7053
43783
53927
76762
18414
33318
1518
24605
7569
3278
13821
26068
53643
38623
92731
8117
78147
21797
8578
52770
26196
38194
90257
85434
77203
31063
7043
67631
79386
52266
36694
23144
291
72520
48535
32818
74537
24549
13830
49638
66923
80598
60009
46022
21045
4542
2765
70429
62841
29914
40720
52412
41180
1138
39010
11716
87185
64857
96742
14885
77582
87903
30161
25564
23837
723
93772
68440
58784
850
87391
62986
57964
4593
63114
42840
54993
44108
63252
99674
97322
17045
48589
21905
73708
54931
25894
61335
66410
29114
33915
80036
16747
12388
52796
97685
77086
88548
10904
44156
16505
81153
78724
66483
81284
24000
25554
13831
48006
15440
75980
95310
50948
64614
57299
19035
16705
20211
57221
33550
64148
69888
12266
3016
12737
77494
46177
61918
73044
77638
91209
51269
99052
66013
99356
4473
42254
16751
64357
41995
14063
78748
8210
89183
81279
51419
1924
544
59873
55189
26071
71068
42329
36392
84470
69500
58373
80527
39828
73066
5961
58426
83671
62576
1029
75924
61480
73235
63552
66433
59330
32126
97307
30428
90845
57086
8980
16077
17073
12030
88728
40432
45845
1913
13428
92157
26288
39742
69002
79587
89170
10176
86067
32090
35150
25578
16133
65678
12300
55473
26553
36650
68501
2652
96150
77411
34684
8282
93414
20525
16231
80976
65862
92061
89245
5052
49332
71761
20236
6859
67386
5352
99403
4487
29916
81542
54881
1930
74353
73286
84826
43909
94233
39542
6800
74424
67932
40687
90071
98080
6659
20604
46753
17141
63474
72670
32327
89502
63763
43666
17845
83406
17227
84876
75876
77306
62617
54373
84595
57908
14022
4658
83726
68853
17242
78648
8217
91624
93454
46423
22156
97013
56752
39808
90882
96163
12833
75637
87358
7869
87829
21293
48054
92855
98749
18271
17978
42241
99380
10120
16771
53313
42383
21953
52811
60191
94492
8182
42631
2712
35960
16420
95641
1780
15124
90881
99520
35968
33312
26378
13657
59552
11417
31815
2206
90539
15497
54194
46738
79869
63576
69354
32130
47542
16281
90068
97086
93497
74166
78232
1383
15221
20333
15529
36759
43415
26490
54930
41476
828
58162
75915
22861
84690
18685
21780
21603
61004
76493
58049
86741
58078
40829
98897
65453
9801
4672
22863
17287
24939
38564
98794
45634
70424
91830
22807
63553
47844
42422
23707
19839
28510
15128
66469
24773
25613
27389
29680
96749
54712
65200
52875
37268
78732
88243
38104
79853
20078
77929
17297
53294
81845
40892
81512
26116
82098
71467
93195
66936
19014
60188
88928
36439
84222
21941
5257
84991
17054
55407
86454
2077
90578
95764
66487
41497
32650
58242
71588
2494
17046
52001
77003
70377
39459
53732
42596
30738
80091
9863
23226
30195
72079
91548
70088
69622
37886
42176
59957
85905
49436
77840
81619
32954
86776
44240
1721
63091
87974
83805
93696
14302
15414
26350
66446
82907
20808
77556
27818
62430
91002
42311
44191
15493
23664
42520
53717
44803
3906
66956
24062
97777
81565
74118
14680
3678
11291
42059
42756
66267
81009
29640
984
82098
71786
86124
6814
8151
93322
53878
4285
25631
39225
13033
64289
2965
27741
59594
86446
5961
72259
67654
64826
17082
54638
95303
80182
91317
91366
23758
88450
3956
1933
6662
73684
94952
46483
15152
78779
63222
83643
23199
84785
95624
47230
34652
70593
62123
20503
66227
34747
76910
3976
25686
2980
28784
3853
58027
12517
44649
48079
87662
58394
27693
31132
94665
64083
57989
46935
27262
1092
96636
56279
84685
26244
2508
44360
74218
99852
35510
55424
76184
89047
49175
29883
33345
85790
10769
70384
14282
14841
5445
44459
25280
44541
42286
19200
30747
14328
10118
12684
17835
65420
9447
7883
27819
11612
64648
88256
57765
44894
18932
11098
32367
78689
23192
25556
82117
34319
74058
51373
69575
16391
9674
53688
15098
71538
64751
43422
22619
98874
23869
2544
21178
25245
13596
40664
77272
78063
21370
74775
85053
84160
5607
66362
13927
67422
25403
62680
29821
89339
74462
64470
47064
63163
18209
36355
91313
16590
60820
9794
41138
20798
82963
72739
29555
47162
65621
6585
49589
73540
73536
57706
71311
56343
14243
48879
17068
97461
80388
5827
12057
37122
47329
87261
11029
3991
67108
29185
65810
6112
71991
95502
65270
86700
19407
4429
51079
33223
18050
81294
67313
46811
23834
68342
37426
18626
90648
54295
63333
46890
76529
97582
16546
80082
12828
25785
93985
81801
21946
87062
34808
41274
42007
92403
57371
23732
89099
6454
16375
20224
38304
64405
49975
72765
5808
7401
83732
34667
44713
75200
73358
85077
88932
70164
50492
59844
17363
43870
36636
56142
55905
29717
1806
81525
69794
44608
86660
87664
4644
366
83760
52254
19356
25614
55309
9789
91766
89196
18612
46874
68069
37854
16714
24165
63539
60453
5981
22672
66416
2159
65164
39816
14732
7972
6357
33158
47911
79295
29141
8347
86706
29241
39880
10997
306
56545
5300
3551
18403
81598
59584
67788
20200
19979
56054
47128
99141
68046
68274
53445
14282
479
40874
4120
37079
40090
1043
13660
64538
26584
56054
21008
31721
15958
216
93006
65438
78493
44065
96154
63003
57042
85519
11679
23886
71277
97887
29208
101
28793
21601
30878
32615
14140
76678
76951
67779
30839
80625
33623
3353
7056
23074
1839
1122
49043
21203
5343
88989
76112
57354
10585
86714
70711
6998
59897
27619
3851
58495
16365
43411
92697
93467
76128
80958
72469
3768
78962
51909
85651
53561
55914
22400
96561
83572
16724
75641
88911
15389
5206
65059
99084
54184
72357
86921
72774
58140
92200
48025
72480
69930
44739
2752
52202
55971
74366
34011
82892
56597
64540
54591
75893
92119
73111
44799
95377
30934
47354
40300
44435
32618
4764
4808
51006
26217
88068
40492
65194
69768
8406
18454
31819
12029
47652
75901
3227
34548
28516
28296
93983
6184
48230
5658
41604
17859
79333
77805
798
29378
48342
35298
99731
4682
39857
48422
83318
64859
61992
67458
21205
78846
1100
32705
85340
66924
68704
83031
67709
23707
40624
378
28642
14890
42332
28221
64492
43670
96707
92471
45536
56301
86760
7469
429
30091
77503
22708
81189
44668
44024
76960
71286
30779
82873
77175
3438
36209
90656
62308
77183
60356
85967
23436
77423
12846
78586
98311
4551
50674
96562
73785
99673
25095
91297
42877
7796
35143
70414
56302
30298
78054
31748
75511
38681
82296
83629
9140
59167
36864
84229
73796
73735
73373
74913
96854
14555
38528
90326
6470
94553
35748
16928
38422
95162
65983
2013
29666
34868
41291
44577
46566
22315
96751
15152
35287
73066
73896
78767
96737
46452
33206
49095
60304
69315
8508
31154
81756
52754
88294
86815
11378
76720
19126
6390
56610
13584
4816
63370
19456
77886
80857
73832
77410
79749
59104
43883
12072
92338
63943
84529
78885
41965
98652
56939
19105
25817
14418
67477
8801
55290
41597
56925
29422
69085
32084
58035
2347
49653
10450
80136
87072
41372
77721
7830
99260
95498
96989
18775
52806
11777
16273
84162
9741
74498
89065
39093
96512
31586
62851
1229
85488
65214
6187
16440
64942
20965
9782
78121
95033
14491
36007
9196
98669
32841
61602
39667
16041
28780
34313
70902
15827
43282
49012
98851
64530
7222
43097
17754
54858
97337
96973
80928
74948
84354
52115
2169
77520
5697
80765
52150
5357
57894
12399
43027
40838
35225
9068
34136
85999
21460
57965
75152
5163
21759
12249
48974
8241
28045
60817
817
69396
65717
74849
19226
35539
70646
48852
37257
49749
21147
32201
67439
28922
80149
44628
1304
74555
24083
4399
79937
42006
19495
29823
64920
57994
58487
39426
25120
21704
88939
2502
59607
32576
76352
47275
46879
67052
74102
84088
74390
9948
30940
26286
11500
10721
78449
44978
73712
98513
81399
20776
2210
99796
84541
94092
49754
20526
88353
64993
67187
97541
50795
11976
14979
58410
76894
53335
48304
54289
24809
34320
71790
31533
65449
52050
66909
72413
97284
70121
22903
97331
68027
63027
79315
62857
58672
31622
83141
48048
21589
38396
93829
28502
44013
97855
75845
69232
59551
39579
52780
33158
84691
27902
47942
83378
53643
30652
63979
51400
65805
13747
49136
60537
5557
9913
12408
30198
845
5045
57702
61270
2452
69405
13822
75935
40397
86881
56522
56971
10913
83443
73318
48163
67209
41727
50398
24681
76362
56291
43731
57881
82112
27515
66787
91841
69417
90896
69278
42611
69616
98571
35126
84914
40231
77133
84870
16656
16833
22236
5446
38140
62453
7054
48283
29088
63819
97389
88664
6470
90248
29528
17146
27486
61583
95284
45356
90315
41356
8133
57578
74017
65998
28322
26036
18444
22941
27719
79719
72818
41857
15947
95321
50964
6747
46356
96750
56508
68434
94444
7250
57571
72984
57356
75909
53047
54130
71048
57948
5033
94329
3711
40768
33141
64933
76761
29842
10815
49620
92730
35428
