api2_id
61564
94984
21392
41795
36234
68700
3002
41680
66934
95198
89529
32302
36274
32495
46335
71440
11501
37186
50960
30490
72683
31278
48542
31339
28052
89851
62630
61437
79077
91793
94388
91971
11965
60453
16458
41653
72973
79215
98121
44320
4539
78495
89147
60342
82330
15730
60205
41067
19748
82390
70870
97419
55381
1151
73820
35044
92290
33739
22878
36691
32424
8686
56262
89443
90233
65638
55973
6016
35339
71226
81372
44185
59033
16346
25447
49234
53649
52970
879
39000
28766
7496
59486
44416
90063
24660
27489
4274
88949
30213
19967
3865
91138
83239
59643
39877
48503
57004
58937
73636
44719
25588
96118
49702
92471
58417
87443
63720
99696
37786
27749
22580
9652
52982
19101
46093
420
43089
71293
91070
4623
99849
96193
17014
86427
93087
95472
79392
30333
53931
81151
39380
90421
84502
46941
70416
57173
69061
64275
11976
68967
4515
12955
89962
19370
23255
68706
70472
61166
64893
96996
85732
60313
72829
43587
74006
43233
29709
50207
34579
85066
879
35186
6193
74999
7794
32785
10655
78892
19188
25308
96000
43954
19313
8454
19271
22656
92324
97697
37495
37574
82210
30603
56821
46923
32855
15970
94863
88391
2983
7307
72501
48466
90392
50844
82013
62231
96025
88714
2637
90736
42358
62913
33600
54922
65336
96112
26328
74187
97656
80532
21161
17409
80664
92369
33270
25761
38601
71415
88701
88306
97287
60632
95334
78689
25388
49122
96743
77329
50029
88453
23349
43045
26181
86765
53492
45774
25303
9850
99738
95143
13662
71753
59587
83851
64649
24305
74439
9127
258
62989
28728
34058
65650
28054
65910
67390
13329
18023
99637
81891
61891
69686
1429
79700
49628
30807
25075
23871
91485
99126
7567
95532
43546
87516
82150
46924
9094
68872
31947
23848
93502
635
40197
80612
93397
53719
95605
28450
80921
98720
28950
79123
7495
20514
14001
72477
16267
27791
92213
53342
84241
52401
11631
65511
27000
76562
55924
15494
83772
69304
28868
27540
71508
9960
76566
797
63552
85300
56768
75813
34218
49078
14306
65444
63646
14650
9567
32831
98592
98175
12943
27017
95098
84855
41006
12697
796
111
94879
51824
94935
33359
72921
63295
91794
81154
75173
39396
54784
11518
17624
40901
76305
6971
60979
72219
57679
14369
54209
51539
69963
57988
59044
14017
31326
4591
590
89445
36860
61714
87633
95625
52341
56587
59859
88615
83477
40240
33169
8918
17096
90352
49257
98871
50867
18737
63430
87941
97286
57610
86096
96979
93625
11486
55420
28264
38978
41731
68870
79521
9791
32957
95705
28307
42521
92549
51095
946
73786
51472
96068
43757
5457
15560
87288
13455
30136
52050
40597
63566
30150
30537
6690
90085
49878
4076
48186
4622
40153
11991
67654
76921
13063
48500
12301
23194
38103
26824
83427
310
77345
88149
10117
71148
27111
18251
17803
28030
21703
69828
88568
3570
82732
9164
12582
68223
90252
36282
54211
92049
86819
77825
12393
47258
36679
73902
70603
55520
24097
31675
6855
86371
46847
81825
21993
47018
16821
20671
28520
18120
9236
63060
75309
98404
64691
71462
30886
53398
11358
8865
23659
40568
27710
8521
78338
28880
20015
4027
18799
38864
17999
75648
55974
86047
7036
42863
65794
92462
15802
8072
60509
90718
72486
57051
75062
44409
65146
13495
9046
81600
1442
78708
56499
32817
62284
91778
3066
30824
29214
5293
26261
74583
93780
60005
66540
47496
3572
40627
8160
62310
15872
2039
4174
14479
23858
16124
1722
17440
39236
31901
28848
18285
33606
55522
22639
88285
91801
67684
68173
46284
39746
87186
97179
51168
54850
27645
90847
73982
91835
39250
48688
37094
81976
26625
18696
93054
2098
30872
91703
49732
81077
54897
13145
62314
46755
13026
78337
99364
55158
35356
53486
99148
24182
28859
2154
35141
22537
89535
40071
12251
19545
66784
65647
66880
22385
54875
91417
48573
62246
7699
48805
3091
69805
62733
29770
2493
2088
97395
61928
89165
29552
22199
34498
54021
56422
69491
38957
46578
99140
82292
50158
29965
50413
48626
55572
20884
17111
78257
60901
32722
77747
70378
11654
90503
74856
4604
54399
34818
47402
71334
25439
26925
61719
7863
91616
1263
93634
60315
59568
13505
40430
30527
29429
58221
46680
37791
77852
14539
23804
44291
49512
85055
62149
60006
58956
57087
81308
93904
85049
87514
91505
79442
83165
29058
76880
20477
45223
80647
10733
3776
26987
33660
31797
67206
48918
87958
188
23355
92478
20785
2733
97557
92735
5601
82651
48384
5596
21056
97134
44024
50328
18141
35044
7212
72289
53067
89458
27826
9212
39367
37288
1546
91716
30682
10500
21731
94793
6296
30628
13025
97561
50963
28484
73434
14689
63694
34175
71434
88220
60708
92936
1284
8628
28641
30210
89341
48050
70784
10132
14224
61361
95710
6817
75410
21084
88239
40800
84456
6621
47492
29975
48708
20333
41243
80492
49886
58484
15912
94751
73134
94980
34751
22522
83681
94624
43128
78933
9190
77831
46555
85180
25401
60194
51057
10984
8927
21045
7031
23376
30163
33027
71423
91097
27527
73958
24652
21053
61322
74965
55406
95028
68297
67532
48585
79943
11336
60647
34349
85351
49917
71237
82386
98165
93073
39953
65380
12188
90451
40022
5634
96413
26501
51240
78466
73710
63977
93793
38371
73980
46777
52165
87112
84873
18751
19361
69772
56533
76844
29233
62335
75976
28843
60329
33662
9148
66699
70765
77057
66266
43212
28967
37496
56944
69636
59187
13592
28554
29710
62722
86484
36897
60597
21477
35770
72316
76561
868
11246
30229
96576
40852
43568
85900
73894
39795
70235
86840
64586
19077
69263
98952
46862
55939
76695
85561
99960
88219
35291
31492
90573
96701
64227
53172
65534
87812
99954
98113
46825
99224
36666
19733
46854
20090
59058
10285
19112
81013
59629
99625
57727
88335
4243
83673
1141
91830
55306
80843
50126
93392
8694
20634
85552
67964
54479
44842
60380
34224
72971
81303
61044
17111
60509
12992
2343
95339
19093
67825
11219
37760
31995
31486
55010
45523
48373
76582
97820
35991
96142
47814
95995
6868
90075
80639
71676
66820
95198
98869
41666
31110
46680
83547
13713
64397
55031
58072
1223
87995
71839
22082
40420
42284
62266
8825
62604
64913
60288
56154
70863
82660
41410
63193
97180
11285
78880
62953
51959
76245
62753
17106
71661
56734
86133
18424
15805
89183
54898
44466
38546
43447
25462
57171
88824
60174
23297
18845
27833
48197
61208
38073
75844
25189
37006
89588
88370
23590
54135
36294
73752
10371
65650
17123
39405
99748
38473
69062
40616
10844
34926
63030
89024
64841
11797
82830
66081
95146
27649
87016
13902
6455
12228
22842
36491
88956
14503
25161
68428
7905
66407
24912
16031
8740
70340
65066
63821
28404
29480
66548
96581
98780
48414
65813
20796
4718
10837
69755
3648
20549
25004
42043
91095
89468
6964
88525
27128
8445
59029
93784
76475
42857
3690
68694
4187
31120
19315
38101
76025
1758
66613
86457
10877
87880
37841
24561
80638
91181
8087
9809
97139
42969
39346
74534
68395
8530
51687
81520
40843
94864
70971
89543
81305
72854
80846
41453
49642
86851
85603
27782
57598
12599
85839
48454
6430
87052
54594
14259
5478
25548
24813
69510
28036
83354
4054
76094
47310
89346
68001
28604
32267
25072
74306
22719
3348
47830
40413
2404
70527
43413
3169
17341
15883
10923
94075
36122
35825
18752
98196
3468
37360
15466
68850
82436
58583
39368
70338
23071
90082
94646
5230
63485
70229
40996
23595
96920
93676
16251
66599
13905
37347
90025
84465
82075
30454
69613
83964
61642
65113
96338
67050
11147
52178
24102
12999
27890
7822
42775
9362
82796
56689
65756
46846
84691
57382
86042
68986
22282
93811
51260
81702
65815
46554
73847
85093
21841
51016
56109
78346
87883
48922
83936
79789
91479
54547
19848
11628
35728
12048
98530
12662
27730
86297
6399
69286
34065
71317
54750
90718
80946
87827
96303
76985
28171
307
10962
9433
20853
90480
70570
32549
45761
29119
36693
38224
11025
69419
68455
41201
84927
96737
7634
71404
78286
64823
57693
14330
42184
94835
98475
2153
49644
81631
19161
66377
20368
60178
73213
51524
12026
83318
81673
97988
69107
34773
95485
2824
82765
47709
94560
97841
59220
86812
11374
69974
52035
85837
57784
39674
83307
35256
4297
87870
17361
86863
66744
86987
7607
42603
55141
82845
15241
79672
89327
9845
9943
99973
34256
19641
15561
17012
61098
89078
39403
99152
11495
17373
27776
98240
53928
66320
16686
85194
40745
32630
11791
15522
16023
68111
54475
51071
72411
58773
10495
93202
54756
40931
8202
15015
97291
74329
13283
86101
76801
24952
65750
72841
47247
82830
93748
75269
8563
44625
63103
81246
52327
16369
89477
87714
45199
64030
56365
61679
76058
26739
56622
97930
95578
44613
18363
34879
70725
44038
73849
75134
78340
9421
18792
48968
640
59790
93918
38988
57097
30615
60729
92435
27706
88300
74820
58585
47859
19832
47044
40836
88439
57419
89805
71328
70302
66716
2750
97641
41603
89007
91959
48255
2294
46757
11782
6622
14920
15383
76892
37666
77603
77093
19743
8768
95847
92414
87000
33988
20925
70456
15792
62909
75265
92912
46867
79664
53833
49869
97202
12135
26428
50525
61182
43681
40806
82052
33177
23041
25179
64484
71779
20532
46664
7943
11590
57324
94378
76213
5879
47180
95443
52213
69493
78396
21691
96766
57435
85130
5461
88151
96999
46766
3371
69636
19881
9300
74446
32120
19315
15744
53858
96120
4424
81588
60992
16687
63857
84270
36502
49985
13299
22836
67340
16140
23589
13090
36192
15115
40427
77790
94740
28080
58908
86471
11167
63487
3222
64842
61423
9796
49992
32762
4675
34779
20426
39395
8375
4987
9745
21541
91435
23423
13258
98827
79966
19222
23040
78235
5805
92539
1056
43519
18920
57100
75968
62460
30153
82574
3244
24723
13723
42521
37982
98889
55805
97846
65919
49793
72368
45846
75274
2140
40046
92355
81979
96800
6088
40519
82542
55045
14627
30227
49266
65829
50343
2973
97716
80156
92412
58936
74880
11521
66991
51802
34195
59695
16944
83488
44640
67400
64824
10170
13541
12224
54966
49922
79500
27693
35955
28647
65301
86902
1247
83342
80715
48400
73591
37898
56301
90885
44083
61101
44581
46773
93215
69968
32457
9075
60867
64349
35215
86467
88845
12466
11671
28900
82214
27539
36847
45312
80883
98333
27384
85295
64438
79174
72750
43430
54595
72672
74809
80119
62785
83772
34760
41585
2713
94378
56073
41000
81352
12770
928
37538
92986
16234
14897
9002
20231
81565
27179
50348
43639
98485
10014
87173
21305
63830
33049
15484
44995
97725
61516
24804
30748
87807
79841
74181
15008
54304
70058
93491
57994
38696
55233
7163
30855
69754
60159
74074
98601
40120
71886
89503
55473
46441
40983
73102
85677
76664
83107
21805
86774
25845
48964
10120
61391
18977
21170
64558
57198
62087
4045
97537
40195
24511
9418
26614
6399
15819
42208
57646
25058
72521
36490
99018
52141
47980
82112
13557
4226
22296
92415
34454
57282
47375
72735
69247
54062
73923
79197
3653
86903
37159
45820
58183
59350
92585
66463
71376
96344
5960
34529
50701
83961
30943
36373
45673
8516
50834
70377
98385
80183
91776
47732
49007
30919
62871
73556
79214
99387
37849
78663
39106
80368
76469
90599
67080
59327
3296
28999
26628
2207
44585
77859
67312
16534
80692
48461
45446
95179
84510
39379
99747
14267
85801
43358
59640
78396
86146
6501
52174
59358
57404
85729
97964
12778
56777
54289
61833
24082
36788
68608
49360
60011
28206
46390
6748
93440
58698
89622
59406
8954
47007
56919
14688
2727
20282
8470
90904
26115
11077
18112
50978
69833
30247
98630
60096
38028
55031
11649
20509
84212
91326
97101
73127
28083
34803
51183
42040
82322
59001
66785
55742
435
56964
25635
55540
9618
17881
8058
93248
70683
68358
95444
68351
50469
75865
43424
22181
57544
33833
9280
14482
58605
56780
72219
35532
83673
34830
39461
83624
42339
50106
41473
67944
99789
77584
78595
62486
69837
91827
76344
75
71083
71054
5505
48716
28571
70968
93032
29426
20195
79989
79134
70171
87542
10106
74631
20650
22715
4082
36303
32352
51675
67801
5713
44053
91336
55938
45815
1338
45890
26714
48148
67376
64813
95592
94392
2646
57450
4105
61425
32237
53021
3168
17057
94802
56728
30975
25563
60598
83644
44179
8494
61128
9655
33107
27032
50540
89912
94246
40353
83269
48383
93787
52313
10522
24859
54210
28682
43483
94312
23332
49041
85235
25131
24339
33505
87272
15765
54799
27082
96038
69912
29829
33814
27803
54894
70210
85101
87501
34329
44249
27718
14902
7014
6546
76915
24637
24582
83081
69554
49097
53034
59313
19913
18200
53507
45624
54944
34725
21411
10834
39738
84406
35648
34261
74179
28312
39544
14062
18112
8906
57704
28328
19828
32083
77442
23115
17435
78976
53215
94803
22690
69157
91533
99914
29093
1133
36972
75259
34424
90918
35043
26367
71237
20371
90589
98064
90614
31888
76741
10520
46871
69599
97334
22025
60317
29073
19649
4955
74460
4575
24800
62329
13437
5165
63838
25488
94865
89622
39105
6009
93193
37387
27125
39954
5320
71884
51063
66897
8665
20191
15737
90704
81947
15297
50929
97097
37774
67458
60267
73799
26152
60480
3802
95272
42957
62531
90179
71157
35188
1742
8388
77321
73192
16944
57778
30799
52498
82775
83271
81125
36446
43404
56637
46761
53662
10813
98640
35157
83695
85523
55645
90319
97471
96975
33285
85179
25156
73379
89070
27624
85691
27702
6637
3006
947
19227
49636
65113
27554
95495
11902
33692
86256
67713
3077
27033
74236
34005
57749
52956
77101
54739
24112
81250
82279
75759
13667
14917
12347
71062
51504
71637
9592
96234
10174
45837
67042
23881
1031
51849
87710
76602
80109
57050
64018
22521
89855
11266
3395
61949
2588
10098
45219
23644
23686
98335
2583
29731
89488
52902
4061
92840
30529
41470
57245
54449
19422
22731
31862
16158
57346
11226
40141
41364
55409
64188
65682
95747
79165
21932
35857
75804
10568
78838
88028
24409
52525
59585
45865
94126
97136
93445
58701
27715
27020
18101
76815
6354
36277
49154
98600
39640
79395
18258
75952
72209
59264
2180
68431
72647
7080
69563
65453
5351
61831
27991
89734
52219
64608
2528
92254
44300
78544
34828
56281
89067
4530
53117
45871
29209
36379
15932
86208
12001
78270
87925
83832
32256
83093
71859
5740
17216
50008
30315
92240
97915
42309
44673
1860
44016
81320
22016
98065
77393
43688
43260
82124
15716
90937
31881
91186
69641
51873
28053
26198
57072
70380
26879
73759
66397
91870
28846
75757
66000
37317
12248
44473
24288
54628
50115
34463
91038
9162
99550
65657
18801
52110
55513
35639
99197
86130
99446
15880
74814
54686
37851
47494
47120
81189
61321
44821
19777
60459
3369
46132
10889
16062
97890
32776
26562
34609
45533
9593
53235
1771
35007
60259
28293
98574
71707
73623
25068
34936
54650
71478
84965
39631
68841
34300
39050
29357
46567
55576
59277
67756
94164
16098
98463
26088
59572
80994
31684
93974
96952
11163
52322
73593
30329
29048
20920
36572
27474
7585
33725
93002
35174
42913
86329
40983
8370
35919
52705
35128
15354
72441
50653
47296
33933
54940
616
11859
97193
59154
50151
84803
30069
11593
34812
52205
99110
67312
23802
26811
52753
80471
73950
53723
591
46121
57411
50166
18029
17846
71268
65133
50256
7461
53715
71091
68228
24506
42922
74977
66793
30950
66266
60893
30937
56996
70775
18577
10301
69537
93452
36541
83797
58889
83187
77054
87286
96414
61568
41651
50655
26663
2317
54431
64139
46826
88159
96194
43644
11130
25943
44834
90453
20874
56787
68482
16373
11536
50128
16542
90297
36138
77488
59291
15552
86493
59822
78720
15647
81421
97140
95677
6104
28026
23851
18600
13085
15892
49713
68803
8337
19846
36772
21494
85292
66071
56538
96949
39010
69443
33001
60045
25964
55361
86525
44367
32448
264
94712
44945
53830
80482
34553
85859
58943
90020
95089
42779
93627
28694
76754
69869
81814
16084
81905
5399
9349
49157
27555
39731
42919
63763
73898
66651
74799
89546
93178
9303
40451
40111
90237
6110
25266
36994
23400
28360
70893
29989
38264
74382
5021
49340
67466
6177
64201
88615
64559
94539
92380
53951
34627
35524
22317
89421
71632
92772
46372
99736
1709
80946
46448
20356
96247
6543
19545
5357
40212
87351
5665
61665
51809
51979
70612
34722
63509
49420
47898
21789
19840
24
50580
39185
2169
53587
97207
39340
16679
25675
90872
56163
3547
47473
69173
78283
84272
87598
85172
31088
59302
92739
59762
91177
35317
12107
96695
80814
90246
52656
70229
62519
8026
6966
63721
33664
44151
81217
23262
85522
64750
87048
84411
85138
95900
83858
97467
2136
82476
94814
46745
60266
81351
84396
3436
22395
24223
49704
67657
18700
43098
56716
81894
96830
44507
84073
45695
51811
13525
54821
1113
45358
30525
47645
23680
19827
83739
40558
52534
36799
30661
39441
57734
34440
61677
34154
67863
12915
91679
85665
11132
31041
26139
71891
60977
22693
56488
72399
18568
27216
55318
52691
80767
67582
65870
90687
91981
52692
89022
48712
83367
73295
51124
25602
6884
1411
50950
51889
36999
58941
62071
13977
11984
12689
5894
77232
10938
50964
7529
16923
1263
27958
94061
32853
54439
74704
43745
57785
87282
16507
76627
42106
35698
98533
80534
61994
52672
87626
26176
84663
30143
20933
19323
60908
9339
34852
37874
53130
23535
46313
66937
76158
80788
25974
29671
73285
11430
67251
10530
68070
68912
66237
48233
77956
63812
38606
2674
63629
16283
68964
45301
94332
15731
55875
82559
94482
31072
29158
40280
16937
42779
62670
27464
87854
14353
32606
17732
67810
26202
60339
21019
62865
50532
8895
75432
8576
34761
90417
2093
87761
47378
39274
56145
90255
76279
21317
65456
33286
23166
47705
62655
24126
61209
58793
70546
99191
9146
9038
47519
94486
48442
38641
73933
96407
5359
66188
72657
4994
63716
85545
94493
57725
9636
49349
92554
93912
90442
71865
60433
57936
87122
23713
76636
10047
3408
40055
91071
33132
53799
37897
71563
76076
60985
471
64077
57418
20485
36979
60250
54039
19267
38949
66047
96419
92031
96185
51609
96240
56396
62510
88167
42995
79859
90271
77187
1
23765
20512
18569
57388
52855
58827
6369
55608
68623
99216
20231
36271
87353
99321
90955
84797
31095
8716
36377
1391
55477
63926
52960
16562
62185
6023
67091
39939
4233
24600
76848
35293
24265
76340
43495
65030
35840
36094
75615
74018
56466
12361
62054
20991
91138
4026
39149
74229
70411
42772
38583
24312
265
203
57874
59480
76212
18239
885
95274
99577
3649
88623
32731
76172
21770
89480
66250
79681
33290
98356
20797
85378
85036
20070
95495
12678
24641
39898
95699
12317
48686
2408
52261
6398
91674
68924
70204
83744
73805
34714
38686
62458
16657
98852
712
74252
19700
1975
67618
40441
28312
77614
28255
928
50146
64021
28506
1602
75261
49762
22554
14934
884
90108
44860
74373
3405
40931
91241
76477
10018
69679
79540
54918
38147
48905
14077
21355
98029
79320
66557
70303
46411
41129
34116
42991
22830
72687
51339
21066
3282
86937
42749
94351
72547
62392
45973
95779
25079
39754
7234
78092
88282
14340
26533
28513
93641
80735
29818
17784
88252
16076
22240
67534
78398
5894
53326
50365
97384
30259
96262
17411
90211
36330
29549
29463
84130
56725
97347
71855
75325
61441
94240
5075
6016
4458
56489
78558
99325
44845
229
8980
73349
99517
78919
45019
76019
56246
38507
25607
89521
43227
40787
30294
25600
61306
27880
88159
20722
66096
73069
19213
22319
17141
73473
27380
29540
74313
79206
94169
3828
14987
32463
15308
1061
8415
5125
33000
95038
56876
61178
14995
55316
85943
2075
44700
32834
30989
34669
55984
96033
1703
10497
83419
15285
86263
36526
58865
36335
85638
7339
14708
5335
2423
48315
70782
59119
80242
32850
74694
69130
69999
59497
61032
93224
94694
15730
5363
54776
73816
96048
70217
74142
4886
7519
54751
44156
67945
50970
79938
32348
20396
45011
19488
98420
47305
88150
8326
28305
32975
26843
3323
28324
79874
39973
30299
80011
66500
88157
23708
34802
63323
80643
12703
23253
15506
57510
44881
52734
13067
31995
75085
58015
41040
63076
37569
56087
92789
71545
74510
39320
74413
44638
19316
46770
30612
62105
4312
11660
58335
90474
75569
39649
90993
91239
85018
86674
45171
28743
41525
72043
13953
25053
66613
54025
13505
77366
66998
7000
81504
50102
88800
47649
88823
91356
46978
5413
30111
45936
40840
38231
31725
71772
98233
11607
8668
87256
81018
50884
17779
34933
60401
66102
22664
79694
84446
86005
44668
55389
3307
25383
1713
97856
23741
91386
71431
19281
59236
23027
82124
51057
69029
14414
1541
41029
93073
35158
65762
8072
90838
19037
47364
41715
81554
96374
83322
88504
87480
59510
16143
42334
88530
36561
14151
60954
99542
12093
57042
63306
52139
43735
60089
2095
79229
84382
56861
1142
46964
77459
99853
63515
32168
32963
11507
87300
76370
35465
28205
16408
28635
17992
11104
53887
47860
2521
99606
19389
27948
76349
99725
42940
55793
91355
26256
59607
70154
45710
41518
22121
76839
37210
88261
1328
7639
26363
11420
71630
36214
99683
68305
53589
86016
67437
71631
60934
43058
90918
45055
16318
79641
50785
89055
57895
79678
42811
61297
4634
50394
58298
24471
74225
6510
94678
86100
85177
3247
76242
72550
57079
24359
97237
48092
73663
81417
68609
55592
75935
64192
67404
27378
91785
74087
77349
99809
84944
34328
28285
1391
86776
70479
76075
54675
50301
81450
96606
92725
64001
57394
59321
97315
21787
6008
58651
50182
12772
65212
15303
8100
15950
84822
7104
62781
61265
60230
30108
27550
33122
99269
79466
67937
81048
28529
19229
29588
59618
67380
40122
89386
91322
99722
1960
97211
55622
63212
73073
33540
78903
78666
40003
43237
37255
48675
41884
5669
2025
18242
22735
79327
60210
74698
38629
88319
87506
81563
26558
23586
32960
56407
84536
50617
48097
64873
46755
42364
90199
93746
78302
40938
10872
28386
15672
12507
30664
5597
87876
11532
5160
67870
28840
70954
23819
47753
89096
28552
94525
56284
51556
91725
44668
91317
79869
78555
31588
56290
17349
35941
43529
67785
44956
7
23304
34834
39496
25956
96377
49957
87542
85877
38893
5654
75754
39634
18562
43492
9580
47896
38552
36991
3967
76179
36256
82743
73505
46401
87396
14120
87278
34980
23423
51166
6690
37424
27988
65116
52577
71353
54600
66747
216
86281
75732
64539
94305
44123
11598
21011
80627
29858
71590
77864
17919
54990
82016
50549
97937
22065
87558
50419
65282
21422
71212
93424
21811
65463
22861
71109
71432
12693
78466
13735
61037
89950
28534
40746
82051
7290
52765
99324
52491
33712
64882
61899
92136
56587
5571
99656
14853
31912
76891
97320
74373
20949
50653
48037
12618
31095
39420
21857
75818
16620
14198
58224
99528
26688
3936
53124
96597
36819
88353
3316
85029
31509
38566
63120
18873
97851
26746
44437
41736
75225
66497
84918
60118
68212
79052
50048
96231
70774
54856
93237
98376
87127
18189
17250
56879
39784
27599
65928
22885
80397
23533
54039
80558
78560
30723
60447
51536
2326
24108
34542
57201
64204
41395
57325
45456
87824
46759
91146
38069
29822
77875
19460
55644
97027
71276
89942
63243
2921
25910
99041
9562
39662
78289
51904
75935
541
90066
31729
66596
39553
10496
72558
89541
99556
6071
85533
60018
47200
31968
16834
4332
58586
25959
26457
89792
68298
93575
93184
879
42138
43988
4760
14352
98616
91454
72270
46616
96406
35066
92337
13135
6153
29934
51097
59939
768
24317
62790
94000
72304
14259
52679
45151
15337
87135
77973
42210
97259
7110
18879
1402
87218
82501
34824
27252
32633
3354
43699
37455
45488
44611
37514
40983
42071
57051
40045
20983
22770
60553
65111
31560
15840
48175
91892
55646
70701
56749
4423
37121
7437
4677
86111
47746
41712
93724
60566
3321
96151
30029
5573
8971
14622
69765
61317
61067
44605
7442
97747
21838
28626
6733
35344
8701
32909
69161
26393
2221
65872
4134
99233
88091
35566
2433
75170
76641
81445
52723
86849
49231
41801
62704
47026
65993
67677
75160
83769
42883
86980
33487
24122
77663
57512
485
56098
62697
83577
54267
53014
10617
72383
81612
86737
10944
20984
90447
71819
20492
63943
21243
38014
54926
8509
85899
2464
65038
45115
18485
77235
82294
22761
40171
1226
86287
71676
40514
40166
35749
93607
18681
20
78317
41711
37106
86356
80501
57973
29416
5952
89209
98279
46915
78361
60138
23988
24602
31056
91406
24228
85137
33041
17020
16332
70259
354
58609
50304
77533
12373
21222
58093
51405
99552
40960
89607
41934
12988
40941
25741
37867
93499
74808
2225
95028
98188
35549
5557
10572
19154
4038
28357
89300
7949
94084
26223
60364
96027
6539
84300
30000
96908
50719
37272
7180
56689
34352
74131
23647
55824
4864
668
45579
824
24035
16229
25833
86354
61620
43110
18843
72204
12623
62655
12871
99472
88450
2240
6744
20965
91714
68494
93844
13344
53041
74040
10962
42777
66340
85143
72416
32610
47593
2797
22322
1478
56348
87870
59281
4423
73138
47111
97067
24018
79357
15282
36400
34102
68955
8603
53709
46319
5875
65246
75469
2312
93272
76083
30499
98884
98004
9071
84944
39536
25076
29377
20813
31888
15127
81884
4733
75076
4772
3023
67325
26400
9395
27046
80934
19096
5292
52109
66600
64942
59009
21912
22148
45068
86856
92184
39225
76072
6334
52113
35594
80119
73107
90211
34621
55228
46652
87581
33811
57083
13968
2097
73978
37080
20525
29553
19164
72043
79580
82457
38819
41663
93407
47938
94275
17366
86949
50748
15702
74042
12876
29616
30467
40399
37622
83254
38276
95764
44615
90571
32058
16698
21045
30577
16682
99319
91335
90175
28407
43865
72601
20602
58626
37593
29890
89418
80990
26518
47869
93099
40554
985
73594
86004
83055
50840
4380
95973
1428
54301
99520
58039
94633
42996
75950
18010
64781
41326
32230
28657
94782
29393
80902
72193
93784
86293
96066
60380
36275
24908
84247
18647
65292
73267
96653
15088
90057
15517
17105
92399
13578
39428
23502
17870
10655
43429
60192
41001
58898
64027
19065
49062
33370
72745
95941
91856
16595
20211
5385
20143
48444
83072
77592
72616
30256
67887
28873
96080
25985
34514
58785
54042
29126
18057
42882
80914
23843
63790
55304
31876
56046
72110
95395
82625
84097
46527
43119
30381
22430
93114
49070
86347
47034
68276
88415
56548
6983
60482
7659
24901
64191
22088
34297
73567
51871
47586
30931
6647
67565
95350
49918
33259
24328
17580
43608
49810
76735
9445
44062
94344
69956
35596
55081
61223
40216
32897
7950
71405
2345
48192
34520
63883
49933
7830
84324
13868
84282
30224
67442
27639
56352
40245
69419
67874
66162
72395
77366
68724
86779
35291
49688
51213
86101
48187
73401
71029
82691
21981
70592
79445
18973
62009
30873
72472
17917
67577
4675
31243
97718
9467
39830
90973
18555
6546
8345
40020
41221
66841
52859
22092
93695
56391
48342
41330
73494
82589
1896
45746
6909
56991
60425
99893
22637
51961
94251
8119
77896
54760
60223
69325
4544
56321
58336
21763
26237
62263
92802
26486
11841
42808
66166
68324
51203
71849
96593
50419
8251
61145
39202
10837
96359
30433
80217
4261
4596
86361
27426
73103
58330
49186
41580
41712
23535
3937
16146
95477
30457
72816
24988
53091
41343
48690
81480
35747
3749
61670
99531
53179
65324
38667
15101
37400
91484
7772
50500
92272
17938
35730
94373
11043
53458
80946
77074
43966
73481
59529
89480
17699
43522
73131
14700
18115
92291
52823
75084
8926
41741
37608
70362
68386
48968
12800
19973
74315
4831
83199
12454
39042
710
45748
42512
76050
3908
37379
5488
63118
12724
83225
49450
822
23461
20903
15265
82394
3446
73730
92473
66662
71903
75184
94972
61948
41267
47371
73863
30192
7956
70599
85837
65670
40612
72872
25811
4219
46853
82688
49626
97714
82831
44283
18005
51133
34653
97001
89209
20146
86034
21396
36504
49844
14957
52867
37699
41895
35877
76792
69778
46274
42596
79931
74843
58033
58629
66030
8814
31024
28916
42372
59894
73772
94826
29337
58971
27417
58038
48160
6254
74330
31825
14447
8603
87027
97564
29356
92952
7531
54265
73595
6164
21902
39392
20202
98202
96841
75856
83495
34449
29248
25660
92994
3141
13028
85724
37838
95468
74439
23131
4499
85639
47686
88787
62654
64120
78760
34858
10918
29311
81687
35475
28225
42829
13331
21130
96402
4035
6222
14337
45327
6485
44625
49927
59028
54522
78385
38832
58081
52036
82945
29480
13343
1831
14031
48143
20070
77666
69810
94265
17001
62054
54200
79166
65379
82587
75803
8838
97023
22219
52163
1076
81409
83330
16701
75090
37627
44889
45199
37443
45850
51594
12450
98258
80179
69638
81094
81485
19004
300
74304
89968
16599
38317
31224
34906
97020
37504
77103
78423
78731
47212
46055
25188
83656
16824
74134
38552
74649
99866
45750
85193
20684
24738
43807
20510
48309
79740
69171
44481
17850
17707
95781
9842
64108
65938
27771
66771
70264
51622
1825
92461
41824
59303
38900
40505
88822
66604
88173
34957
63455
36564
18254
21048
62236
98899
32425
39092
78366
39977
63235
94927
67770
21196
90959
60161
49965
37545
40893
32421
67168
53192
30097
84812
32319
5290
49697
12317
83783
57268
18296
22629
37464
26327
58346
39638
58499
66075
77783
8463
54774
22899
20933
61494
35695
73760
98483
56023
58064
65847
14068
34835
14458
70229
33494
1362
26147
83889
57685
78699
24730
60484
35299
47578
34240
11543
9793
92793
9738
34802
28304
85148
99995
13019
71954
74405
19990
39293
62482
44367
73765
44215
45795
73013
6526
45492
30920
48539
74713
91623
20987
6189
25759
62976
2304
52285
547
35747
50068
38060
26180
19338
16127
14521
7985
96482
20786
68308
60587
77449
9405
73854
68482
27135
56246
39657
28369
25355
56174
757
57589
48763
2643
12655
1165
64557
22474
38492
79019
44116
62218
5783
39357
96803
3910
92326
77826
10900
74155
72535
45387
75727
60079
83987
20618
20540
3402
42790
94270
12141
71608
85882
30577
60566
35209
79994
64427
37278
72544
14571
85575
82044
54554
73022
10156
48922
99746
36457
15662
95768
29383
44180
68228
19021
35916
59953
26584
80896
76609
24693
36186
59091
42509
32574
30250
4623
89889
47756
63220
10346
58870
94308
66756
56222
77252
30928
30337
49421
58897
30067
5330
47118
62441
26253
32960
16367
32312
35408
7553
33271
18640
79518
36990
68794
787
47914
85742
83285
83364
76365
26016
27771
51112
32294
85986
22052
43569
63212
83357
53476
32955
21077
52130
38851
72168
34965
95860
48069
50944
37597
76990
72641
98645
83693
72788
92345
70050
65142
42251
54461
849
39938
71884
33313
2141
10935
36681
64188
22646
70443
17233
11918
20180
43838
68660
78650
49875
37753
78366
1851
70032
11660
2933
53170
94178
16320
99789
44964
14271
2448
60908
29369
72040
32742
82912
85045
12285
39093
94971
19004
36471
35137
22153
79988
26612
49635
63441
17186
18331
37850
67650
20596
28230
56370
36340
12413
26812
44859
74656
78577
90968
34138
5897
96940
70604
2995
59647
69893
67114
54483
48135
42336
26251
65179
86228
20706
3608
94720
30309
73216
43479
70309
82781
3286
83133
39614
45217
95163
61851
99252
3312
70275
28471
25463
50823
94309
90702
13899
95651
44468
76069
88517
97982
95975
65394
49970
63934
25983
65145
76129
64091
74374
35676
14008
84481
89573
27671
2670
48584
49902
95165
7694
19856
99572
53541
7787
57989
40590
9759
19840
27523
39026
12352
14136
4596
32698
4709
38675
94857
75119
38424
69178
43602
24817
75250
52680
60675
68077
70128
10222
90431
63246
29553
34248
88592
60967
47116
68585
25507
3338
34429
40898
69818
98542
61203
16177
88006
95302
11493
57036
68161
70883
48149
39811
24660
90077
10711
47040
65876
65782
57593
79650
52220
97597
41051
27576
89154
7117
82176
36597
78501
99981
37949
69514
85479
21196
11062
90728
83950
37368
59227
96715
27119
37568
93422
13668
57773
41798
62342
82154
96544
59429
34596
55167
31541
24460
87312
49228
60057
38802
4381
49186
23370
98977
71181
36146
93777
30221
87529
65063
23546
10635
44969
31009
43874
13143
20287
58062
99436
83432
64740
23146
76924
47908
14449
1044
79414
14468
58492
35881
25133
46448
67818
52821
66640
77578
56087
2772
89811
91833
5410
63302
29571
84102
56134
93769
93717
75455
41645
54411
9937
71030
48831
51702
49592
94190
25430
9071
1958
2061
98793
27637
89450
45203
72589
69963
22637
58127
27046
85807
99532
86506
31933
2640
55861
46785
1501
61985
57376
59586
67056
99665
18917
7105
45973
51272
31706
5544
96312
56478
61761
74092
98427
5917
7796
42210
49340
29943
52771
88304
99459
43641
31891
17752
99657
55685
32368
57064
33
9933
43242
94800
94967
45528
23415
24068
61111
51660
6701
87557
76934
54442
63351
61857
60468
43386
54452
34334
82244
79102
28584
44054
15502
66747
53357
27056
33143
87386
23052
622
57674
59837
80349
83861
91229
74269
80032
69191
95499
48574
17706
63630
42878
18285
54383
63048
14295
30158
45859
92420
32999
38678
13713
76512
14702
4398
73073
15586
28750
1902
86214
36652
22975
73718
190
46303
38897
41626
25469
50603
48813
49195
55565
73067
7611
50848
5944
12036
80334
76727
79493
78475
73973
28192
99918
15309
12625
216
94630
69705
96750
8270
82765
11443
81249
57796
82418
52565
91092
89168
40193
51455
45742
10531
67304
30799
80533
8091
48899
99284
32663
84698
34109
11320
80096
36339
78802
68804
47496
59250
17608
28039
36659
93225
46744
14474
42487
78183
50553
3514
79651
24374
37935
39848
94812
13416
55016
58398
48262
75500
13498
95953
62806
50171
13933
92495
66632
48603
39356
44536
20400
10640
72681
2653
40547
97798
65333
19786
60401
33383
77132
80946
92680
83851
19261
33112
78377
3929
18949
45410
15393
97049
49277
22307
89762
50871
84959
6173
62953
7992
59218
55295
90823
91608
17434
5767
9255
38803
10372
20997
57516
85114
10456
89169
13205
97211
62000
40903
69700
52642
13260
91416
83291
84363
34049
33967
16580
499
7605
80653
11810
88581
8738
8434
59363
39904
75083
84610
62131
47712
17224
36588
17031
38991
35119
98734
29834
90719
39351
47650
92692
29794
20820
46887
41260
96621
9013
10684
81988
85165
75871
57908
99899
64078
4132
25537
99113
7578
26707
98359
50335
45487
56432
74649
45734
5612
70346
93728
38302
78928
47468
30260
35194
64447
1271
25503
45511
70289
36424
38764
1913
90634
87012
3808
49474
76132
52412
79202
86712
51974
9704
20892
62729
67345
20127
5002
94390
29008
43799
67349
81973
69144
68183
54199
83523
79848
33306
3429
27336
53262
20154
61073
52466
18456
50833
84844
34933
24265
98138
84651
80055
56134
16948
79615
63138
30995
70370
34612
87130
79612
60035
4055
32026
47087
44263
81060
80274
29627
7088
67847
22850
5114
38952
99295
70323
10980
26490
40349
76434
88173
82583
10701
70303
85316
66514
28047
92607
90146
88875
90652
98816
76560
25171
2488
74976
25372
21180
44951
78690
15465
65124
27276
21893
95781
22544
94707
45011
83941
60919
23832
1859
57400
32906
3773
88647
57614
21484
51413
14128
94365
65333
48280
7037
92004
31731
27019
23202
24411
32215
10086
84317
78346
15120
75078
51088
2962
65514
50800
69931
8973
98213
84686
53116
71281
93715
66678
99650
27576
48324
65449
79108
47538
42097
83301
58339
40958
56631
98816
49250
82948
50838
66275
51313
38239
39012
53334
83595
82367
76059
25836
86074
79674
37873
13459
96825
64094
21896
16967
27330
92869
94426
48667
87311
59645
11796
11761
42859
86863
30801
51986
9742
52838
42224
76509
92559
23963
20380
77409
9502
57275
14074
52805
40654
25276
65741
43695
96872
78096
33107
67789
55335
25792
3401
39133
8062
83097
11954
39326
40723
60076
15155
57456
20457
87085
46174
90088
81301
37113
12032
35785
62640
91109
93791
40855
34882
25703
20317
99462
73960
28581
56474
82048
63673
51911
11140
44787
83332
58643
19514
7401
73262
62406
11202
44363
3696
32904
79421
65311
99218
28698
25359
30090
30165
91135
74985
39255
57115
63277
90937
15438
6156
44632
88681
51081
57292
39963
65582
77346
73494
20543
23790
77070
66415
76766
73312
82135
75160
71674
19032
98451
30528
90327
18752
16357
38299
2019
82828
82704
40141
63850
65968
95279
75742
8297
5837
52204
3489
3849
73486
67316
76243
97631
8386
49420
84332
16774
52862
93970
80882
26784
11538
39171
12200
31982
46070
51845
71384
46254
18432
88655
17344
28225
36537
43583
40938
61437
92469
35126
97256
11761
22002
98846
48654
11115
57253
53555
24855
52600
62938
18093
74852
3953
77339
30404
45346
972
8047
66629
49345
6865
87934
31501
46456
22276
61922
19912
28283
75042
9339
36297
12937
54089
89841
17242
78232
60651
48128
62400
60412
70010
51109
50931
53366
37025
99256
51899
27586
29911
61364
55838
79134
1385
33231
3846
16647
21386
44752
11776
66068
76863
39651
45531
26041
55704
92667
65751
68677
56172
6143
96461
84057
91278
12334
57184
15061
84427
65826
96723
64430
95603
19789
76164
56173
23817
72472
72785
39774
38928
59461
31932
25993
7497
7049
19896
63008
10922
20551
77277
70127
2701
23699
41086
14789
58276
43250
45320
94141
70372
17280
33558
30359
24597
71029
11867
19502
20972
3418
81426
76428
39635
55010
57151
58977
82892
56644
58100
84015
11921
26212
47814
68700
17267
66688
94687
66350
12341
99317
9403
5208
46487
89811
11992
63550
4013
60123
63986
39557
22598
83447
92810
48889
36539
37987
62377
83048
90213
30385
40430
80648
52346
38178
76253
47963
92946
89909
14490
95028
64220
72875
49165
84116
38538
15521
98466
18096
15218
40247
60795
22102
21252
5169
5061
47783
3484
8332
48822
7831
94143
98054
32258
55352
13487
41649
50514
36774
79595
39357
44451
18446
59852
16081
43974
7741
67599
8857
10666
98552
61111
14399
30579
73345
77195
94294
47121
10065
97316
562
71892
84233
56817
45782
81195
57793
43656
5752
27053
12706
98697
82435
71659
28987
43688
69319
56012
26952
21353
45956
50541
2058
90773
87631
7530
78831
73287
82381
68475
27004
79149
96255
35275
15410
33283
46547
72647
12499
51340
54703
242
12456
69475
23665
13165
39380
45652
72464
79353
1863
84226
9066
15381
17560
24534
74153
78808
85218
28867
60513
39574
73270
20687
36833
43378
66603
29779
65563
18749
64104
3
6353
59588
60316
4111
6619
45707
83545
31130
62452
5344
68590
62433
88634
42084
90931
47154
30751
37346
44105
56425
47031
54975
63418
27490
66722
7558
18304
3163
41869
51231
34931
60801
67780
17802
87780
94328
96388
89336
33564
44939
51298
77074
41738
80216
61130
67760
68288
52770
4920
92911
70841
40284
43496
64515
47580
59994
10962
5698
26002
97148
61487
48262
24366
42070
75295
30989
17684
69122
43807
26596
18443
60968
14420
48896
82996
72122
7620
32
35338
51166
56810
53628
15546
26386
91559
94475
72954
5943
51644
30913
78397
10031
5598
25128
88789
97013
14775
82085
76769
41600
28625
15927
17078
13338
52037
4801
24018
49632
86056
2603
46646
63568
42472
72496
22478
84837
22867
42599
88777
82694
26652
27252
65531
38900
77357
34237
77529
57852
88166
99720
50227
6297
74631
32378
47955
59318
52117
93093
73538
66790
84371
79920
27089
42462
70050
29076
89182
85578
75231
97157
14249
57050
88161
62939
538
90651
84872
46443
16776
60020
45921
72525
91143
76831
33289
64364
24862
46800
51851
3741
89157
12138
22415
76604
95476
32508
96742
12838
71498
59674
11768
41473
5249
88991
68690
39321
59863
95948
98009
12499
58732
80933
37460
49211
6003
58965
23823
69567
8950
62418
17474
222
64183
88048
55108
16601
68298
46726
82772
5610
16322
59718
33673
87334
45380
89624
69129
58082
33147
13121
64400
5883
85145
31990
59282
73798
49614
51964
8409
86542
26367
70806
46990
42505
81401
65395
54084
20411
3484
85171
45985
3182
85389
81686
73308
59005
27446
22844
11416
23672
99607
75921
70011
12177
31456
62774
54433
11214
64057
60471
37041
59151
71066
59371
53656
51829
61587
79002
6593
10063
16287
39575
51901
95747
90198
92938
93512
35099
36071
18755
1484
86945
68354
27231
35407
52134
47477
17572
60249
22464
33462
51546
31606
64633
10148
82333
78891
24244
26330
2926
38770
34987
43275
29787
9216
70200
10607
79080
20785
93891
17230
72637
21803
25475
27799
6380
71004
60589
48182
81839
92795
27129
79442
69735
92674
60838
83301
7419
4830
26429
4564
14057
44818
89464
25041
24337
54215
98
12499
78614
58971
53981
11940
72644
70106
40799
45551
88496
3726
33249
47114
63816
48177
45595
7809
31682
83157
11863
70507
24258
33029
47710
15547
60077
54417
21086
38616
38651
78421
19488
61105
98788
58230
25360
18678
87805
79679
61280
91161
87882
45893
19185
17784
623
69542
81863
41773
70033
41208
38035
20868
22092
18237
91906
6179
20203
29809
1523
85146
82601
29653
44273
67642
30404
61099
15713
23562
31097
34446
36532
52373
32210
69097
67781
7578
92628
26859
47103
60788
91344
97030
11228
74196
5147
8838
40254
71625
28127
57613
22429
88160
51511
78953
76753
61160
62849
71073
10932
53514
79841
20372
6512
52812
72006
28691
67530
49333
9856
96418
32702
68104
10414
11044
41323
62589
86961
91400
31746
72657
53040
23910
15774
58751
88515
30996
69311
61020
98788
55048
85802
67590
40957
35738
56042
40126
65243
22801
79632
18842
94616
79249
9460
54051
36964
71704
78629
78938
47357
84227
83825
93340
56520
21367
36585
54455
46114
13258
38240
26630
52719
31437
61550
98067
72481
79274
23546
62749
55684
4946
4607
55340
14797
8964
71240
59805
19175
51550
16540
1741
25348
14234
65583
23075
83036
49076
84306
43485
58984
72221
27413
1436
59962
91665
4885
37422
75719
73242
96638
50307
12327
45053
22298
96289
74296
20280
2532
78410
94130
61267
33896
9211
87211
57929
28445
26461
28789
17669
55595
97989
86217
6740
7900
36097
91973
36961
96960
51827
91055
54248
25778
93953
78662
97113
12457
73114
37629
56163
5753
34284
21366
38436
36726
63059
43301
1198
3200
41486
1775
65187
73903
47483
76371
27964
31852
58455
74710
96644
73821
72055
24538
64908
75161
50051
18630
27641
97687
12764
85054
79765
22279
47487
79744
86784
24848
25523
387
21941
6245
46274
33357
89668
64198
29892
93028
44475
55266
63957
10525
31111
70552
91700
30227
20139
10553
90359
17316
92983
96627
77390
39164
35233
2098
17340
94911
5413
21879
83451
504
38117
92046
65944
8273
46506
18978
20260
11064
22532
4797
25103
60944
46542
35265
55444
92837
9593
89907
86348
72226
76841
26832
41515
68618
4308
58145
70241
44683
92123
81214
18815
96667
49569
82437
2
61412
64810
91130
29470
85809
91648
59706
62386
5117
42819
49542
25952
15822
69208
95918
16882
52014
59857
58635
94519
92088
8015
42192
54881
90188
73340
74331
72210
7144
6771
48258
48451
22000
35401
6521
53391
19545
18527
53342
86600
1939
65245
28919
3567
90694
20612
57916
625
92308
73432
1003
47790
93505
66490
51429
22483
15621
88648
31861
21546
92538
62839
94387
73655
92988
91542
36192
31670
33108
86822
13883
40866
21302
76077
68783
67420
87719
73545
75879
41977
94318
93887
97062
18251
64897
47405
15879
45884
94355
79108
9931
80280
32086
65427
67481
91589
64868
99718
20378
75627
26932
37252
52752
11921
53907
508
33337
4520
98339
9654
40626
51881
44791
56569
62309
24639
52136
1474
85278
69255
52078
83808
25544
46788
92026
9983
60179
94123
44583
72311
52225
104
1918
79083
97731
61191
15140
47499
28112
56957
91903
91632
22430
17909
62901
60132
26460
79258
27742
21591
13587
74161
74862
81656
31381
26579
64073
76453
8394
35927
70289
48826
16760
1505
44375
37085
88987
28836
99687
7437
32183
59847
71941
81966
21616
68961
86003
146
89402
21130
82153
66946
39158
40315
80865
81298
70351
23156
61981
62512
14890
28051
2910
93568
15320
30122
44614
31817
40882
4826
61730
53808
25194
63363
60575
98006
39990
19514
25321
96794
96803
77001
13329
22539
21053
2694
30092
93353
95344
47080
84862
94113
64537
8527
23806
652
21808
99613
73490
80696
42861
92824
50550
19985
84266
2979
64750
32577
45498
39635
27504
6262
25233
30591
39009
73050
20646
32699
22091
37689
15911
12616
45714
38579
22920
34385
35691
30676
51661
56330
9048
64674
90729
54086
69009
62426
40927
77646
12229
15588
34254
98504
52281
83032
57174
29792
91350
75814
95409
51868
58811
79185
99614
55382
5878
6672
44260
21464
81456
10486
43117
12623
81018
45517
1303
47009
15096
2818
15194
87737
77016
57404
1044
44049
26128
71383
26830
67938
54400
65861
67727
69713
82439
61525
65855
62263
19093
51440
89312
54145
91483
30865
38396
59479
26265
3818
20464
12037
66056
87771
10249
31672
63142
99087
19141
35316
9438
10659
21335
89419
4983
22311
4271
93349
64774
49314
27682
98359
56346
17623
53522
70882
95115
18221
10101
99665
28457
74519
14620
90292
46514
81633
24525
44423
43789
26909
28083
18101
27253
41291
46243
40719
485
52360
34725
55870
53306
78946
79087
54957
15147
53870
88985
88176
20772
51097
83456
29860
39990
5366
81464
52906
3319
46727
14817
10075
48011
23419
19937
26725
86076
85587
54128
6950
81548
34618
57721
8949
63488
3548
61241
38509
61039
52952
76907
58240
27992
62806
8737
71858
18851
44201
83720
78545
52336
40461
83749
42250
92636
78685
10923
68939
25655
33229
10985
35011
32729
71985
84177
1626
5886
13401
13168
74273
28963
17006
45744
73876
30238
46043
36452
48023
19546
93254
4489
18535
74829
63654
18652
41338
75252
95520
25404
33795
70920
57036
1452
61538
54010
32547
31025
37916
19916
89889
44059
1872
77011
73057
29536
29518
69544
9451
19832
30614
63504
29801
79698
79927
17362
21635
39846
19799
532
24483
28737
37603
51307
90977
62094
15408
97257
30019
70695
85153
70525
96970
68042
8811
13811
75326
79736
21482
41231
3594
26014
27546
24053
20510
21175
15488
34618
91991
81233
15799
74338
46025
73382
18182
28610
57992
90799
99697
41840
51673
86884
70108
22808
70158
93667
21174
45921
59056
86935
46251
3509
93055
41471
63795
69220
63871
33262
17761
18350
63200
70076
51894
12314
25883
43603
27217
71877
75661
57580
2067
48514
87410
23639
33489
59934
46281
13963
93810
63708
44598
23282
41891
20990
46333
22200
52981
73195
96770
18898
3496
8655
66480
88585
14646
21191
64136
37920
34440
91312
93368
83170
13763
17406
24319
77013
96149
34046
9641
35615
86333
50160
19772
59050
70817
99480
80714
91981
25841
26303
79480
63377
868
44328
27706
87795
38896
69388
79315
41009
12846
40821
77637
29423
51423
55656
48553
59062
77639
27588
75995
4417
13589
91761
71342
69765
44991
77372
80094
61758
77112
65285
45449
56400
56091
50557
99104
55778
95592
67876
65692
71795
79146
40537
38887
93071
82641
5084
51614
76010
43178
42608
44211
79818
94496
50769
60420
57815
51597
84070
82348
20114
65976
85347
399
78962
23184
6195
42465
10609
47012
45086
91706
83262
91190
95204
64615
52500
64501
11616
90669
23251
39009
87030
31432
54624
37104
81205
76168
73244
36623
60809
14181
91354
5061
79505
40833
18625
99936
98569
6079
44726
7775
17334
55705
74390
84660
71009
14005
66338
78149
86498
76014
76210
62386
74435
7970
97157
76938
21844
72927
88521
7624
48251
54224
63690
77234
12555
23284
39535
91250
31958
71945
71326
65377
34119
57729
94233
76637
38154
96691
33570
40722
31967
82261
16512
34315
39133
62614
88002
51130
36928
70317
41131
17067
39951
13270
69045
11340
90964
38500
42084
1667
71308
20053
97003
54397
32697
31352
20607
94018
13622
13394
8470
66354
66642
18608
55486
262
42561
34741
22471
13036
6639
97610
86576
44420
10137
89356
52161
25449
27228
74614
74696
69537
17890
92437
8300
53958
40542
67783
70768
43876
65568
71651
76344
7009
21709
77714
70776
65742
1259
51706
15940
98870
22215
88579
66215
19755
99436
42609
7385
67191
65963
19540
59822
53795
56453
33721
59861
47201
80901
40942
10629
53204
76319
56329
84559
18192
29577
47574
84813
46142
65698
73733
5029
70122
31876
34832
91523
79571
27168
65889
97514
71864
1261
82821
2594
38129
4067
43967
79799
31672
38223
27069
12898
19251
18552
10856
75997
17477
73431
81130
25131
62364
17721
10155
67128
58540
83856
17151
7647
35897
42310
92815
68032
75395
20351
55424
27053
29531
8089
83935
46555
58977
74510
61292
85089
43806
92847
6487
57068
58572
79954
88558
48641
16582
77063
85553
27387
49095
96709
49518
78115
90770
39246
18512
67956
1137
81935
4871
21877
82626
98033
13477
62723
6275
11226
92276
84012
9029
86284
19274
17109
64826
11724
46483
86082
43468
95847
24281
82431
47269
94647
99166
13438
73875
43310
63132
60225
418
88799
21435
82487
50196
20572
87675
15480
2190
51595
43595
33338
91413
74200
26891
99398
29183
32069
14923
69298
8074
93013
58308
32036
60620
53655
88964
50651
68074
38154
20703
2764
46119
81185
87473
14907
93971
88843
92824
19356
74606
56740
66671
30777
60795
51979
78040
68204
98855
8937
81927
91503
85543
88498
90632
41949
69944
20702
64306
25712
88594
20846
6902
35875
1411
19223
25793
63820
87896
12981
7945
63350
83432
11021
42443
2804
81279
45997
40251
57247
63431
40266
38476
74980
51837
86753
52452
10219
39620
22584
35473
26733
11413
10756
99542
77306
17997
1698
89731
40068
23340
30576
31654
7577
99472
79581
75026
75736
13191
70493
37222
93716
35227
66665
80487
21522
11567
48487
95990
83302
5481
54930
6740
98704
31722
9093
26448
9354
24655
99436
13129
83469
1236
12067
98429
61505
45251
13909
51534
66575
36439
92260
78717
29165
77594
65609
98647
67831
23633
44715
14502
60846
22249
71781
77499
12233
37244
7862
31218
95974
23510
15569
62566
87838
98897
76088
3917
96517
39242
32279
86291
92832
28603
82907
14665
36963
54183
30429
6233
83910
80777
50353
56581
19534
59085
75282
61391
27389
29595
36067
2340
56291
14258
97518
52271
78890
39042
71635
41607
11242
12237
17514
25668
73893
8883
55787
15562
40133
72212
92788
20751
95712
47544
78981
45586
83774
16430
79437
28444
45705
61554
24526
59812
57451
9470
4042
18972
7569
7197
41672
17127
4906
51691
58085
5396
16823
21488
88578
88305
18453
38682
71359
70449
8087
75573
50833
62438
877
97951
7770
89873
9416
27390
22437
94181
46816
50734
31153
27067
29033
33256
64744
51320
39104
62835
41482
92789
47258
78123
68851
19611
83136
86449
19947
52312
69866
62679
50927
39897
26947
70577
94958
6221
49275
48713
48478
92956
99832
9099
80345
92106
7107
34639
1944
73645
11279
84729
73673
65752
70868
55240
70501
66054
30318
23638
78962
24664
16406
78345
76072
50888
93982
20334
25371
35757
49309
51714
21326
14872
22211
13181
69413
4201
67643
98668
86161
33149
79268
62601
19215
48265
38044
40844
53459
98021
60183
73902
94169
61697
79396
29522
82229
52156
99937
4806
22175
97211
10251
29178
60892
35480
97119
307
39827
32522
57646
43312
56591
68751
71214
24866
66846
91355
67994
2145
61298
26952
49384
48292
69329
97474
10651
54682
95014
53387
19596
99800
32735
3560
75534
36955
69680
63737
40146
75679
24401
16192
94525
97978
38980
66219
76364
81961
64615
73853
32123
14753
635
704
26858
86426
91407
2331
11965
65976
48330
52505
14452
85095
73006
39482
94987
71986
71446
75457
46451
49190
20154
76004
1555
25098
99334
48335
85551
15989
25918
41157
40866
29275
84352
16564
26253
54167
14855
72537
21143
72717
54221
31834
20121
55269
10838
14392
28145
89836
62638
35810
22288
23195
11181
93083
68316
8439
31696
92670
54934
75821
2088
71451
7484
5437
89906
20740
36902
81939
86209
15856
17499
55932
91905
5297
23685
23688
62915
57322
63370
14106
53437
85527
62460
91718
2745
7495
42748
24540
97381
99725
96459
95417
77782
25199
18212
71937
28611
7118
51608
12815
73139
74767
10838
17633
16448
97524
39711
98160
44529
36442
34977
83018
57247
33236
77116
23390
96296
46246
37274
29495
95579
96328
34491
37387
51369
43667
39039
80629
73791
79818
25212
57453
35301
80011
89624
54387
34316
63128
89394
22089
11789
58639
58358
32859
17243
38107
72654
80406
53322
89732
2938
70967
41703
2827
78012
20177
11972
79892
62596
52533
59859
52039
29636
91625
27866
77508
58828
10805
26833
64064
56694
90443
96955
9651
83104
47452
77027
74610
38719
8458
99052
70062
61721
14538
9910
81555
6896
43939
21248
80633
49894
82512
43865
21746
39172
60704
71090
41027
58142
91530
60010
36304
55080
87741
80967
53334
5125
40705
97022
12118
5522
69513
44840
78633
78825
32655
53275
23542
80018
47442
82512
93751
81844
46013
58585
70119
7259
92944
90134
84205
43933
58550
34974
70700
87249
74197
7673
48492
99767
43089
84464
9650
58718
61742
82722
44854
14269
21506
94452
73291
55137
24809
24161
37880
18311
35000
25503
59352
46096
53313
42582
53466
86027
22636
56281
688
57796
66113
57485
72844
45340
25189
10403
22747
53617
34035
2487
78547
27358
56932
59102
99931
5657
62753
49829
64822
87241
2437
29901
83320
6777
70486
84046
19301
29971
97011
50354
92127
47956
95093
66359
26164
49448
20593
91230
27342
98427
54256
27945
17897
31929
54972
95025
1990
15480
29947
9705
36407
44639
25991
69009
82158
13645
93559
59961
27771
89061
84375
31218
58476
14091
61518
69742
73449
96173
16041
7481
91445
8413
19007
85554
83465
96053
61925
77013
52997
92960
2280
9931
95651
45846
30231
50258
93795
23511
20206
32840
53874
92055
26441
18673
58965
11501
334
29483
32973
47795
11317
1387
19074
95818
28775
57678
26326
12141
2013
51161
88160
50510
35964
76657
95620
14050
70904
83589
25405
48288
97038
4157
53770
68511
67444
92866
74253
80368
60407
69243
76146
53214
47716
72702
17520
2338
31799
34857
26070
24187
93599
5425
53633
69625
17004
72868
11755
24902
19179
27629
10847
91490
6472
21191
87564
24827
6869
97948
12569
86128
43076
99590
93319
85164
75505
64322
70058
95556
14736
14843
79007
2495
30367
75940
22509
51024
35750
28213
55034
53349
5916
44346
35905
88363
22499
77531
65233
29644
49263
84664
47939
99180
2294
49605
97077
79830
59583
25444
75611
2844
38929
94654
8604
90150
68576
54841
53255
94738
85104
69926
56367
33768
77602
32023
57471
64422
23811
65413
25611
65902
38941
25433
21909
6593
17784
79324
94429
62501
62731
11858
58764
81003
56260
51858
28100
57546
56757
19899
49278
48533
87188
44484
98532
86636
52771
79479
63
3497
35205
64809
13649
70250
53601
3179
19824
60829
30891
68373
73764
58456
8671
42438
61921
37234
89129
87117
58377
48265
2588
72641
78347
77108
96485
74817
76281
71492
32260
75908
32573
83443
46496
42176
47871
79660
84282
55584
84180
31260
92062
661
84923
41645
16692
5535
42041
40135
96166
64616
97387
93140
4385
66367
65549
37097
86267
31500
33441
17368
90084
72999
68618
49819
17768
72495
85176
53139
71965
43429
74964
32684
61984
416
60868
66788
5529
60427
25699
86339
55430
27604
3299
52207
32556
17020
21457
24054
29231
89729
36819
87205
10079
75955
77554
18689
11895
64718
22469
45174
44869
95158
13528
60778
68640
29034
85051
15913
73353
85989
12798
28726
92804
29853
81896
20057
77624
76642
18860
73389
53646
72908
21
24559
50692
78732
20907
16458
89254
40477
64588
43459
60224
2700
18622
92931
44706
58972
31838
11273
39420
4392
24938
5192
94891
26690
82178
17342
31297
41024
89881
74818
56973
81001
98058
1851
79621
5289
63111
50492
33649
83858
90904
54296
17086
29818
54047
32916
65761
99598
94597
97826
18658
81081
25475
19766
15684
60895
82075
3671
26128
46118
6517
29377
98119
10173
8309
93827
3244
51301
94253
88810
19626
50962
57698
79353
62034
90398
98925
35236
65757
41004
30768
26377
70104
38728
30523
28562
81816
36030
82288
16791
63144
10111
76373
56626
19708
80008
66179
31998
43631
10299
94410
11848
51702
7891
66733
87861
99336
325
37600
50086
6964
23520
4962
95272
3600
90130
88610
22566
28943
23835
14564
55373
94492
9275
73252
20542
13505
79761
23817
68763
11824
10996
93962
79824
65776
93266
47910
40626
7107
18009
60819
94293
32721
60498
60159
56282
31347
93461
69359
31926
85077
13338
47724
86812
18964
94254
65438
19806
32991
64048
89405
82258
55889
59000
54567
80543
99412
39937
36449
21339
47075
84071
41150
57191
6050
89174
60337
85999
24793
62946
36306
37400
78209
90228
22753
518
4709
59629
22293
59431
32035
23655
35538
66867
18330
24975
71804
87419
21547
23214
83382
34596
65438
33176
63609
86914
36467
71369
5189
5924
69595
11304
33645
52897
53140
30363
50059
58372
77888
88673
15655
69492
93512
87640
88648
98976
37853
74786
74197
44054
13563
35256
31262
91875
95317
1854
93286
74245
81517
63118
85515
27887
21623
70034
85547
83020
19494
9213
73992
46000
91300
35282
15746
73933
88108
31693
65821
34394
84246
24828
52242
26592
66460
22510
94685
80790
93589
65549
74933
775
27537
41248
68464
71166
95407
71126
72986
58829
32040
71952
10383
85541
38804
40323
68085
38835
95388
33799
90772
51542
61694
77748
36347
58797
85756
39483
54664
8091
64403
24624
97366
59714
79750
48824
7167
48771
62212
22612
48505
53526
70613
51525
35774
49389
23503
61834
55968
38140
12161
5420
18186
40797
60546
18307
72669
76545
81417
17856
58101
67508
7142
90928
92868
75218
74434
60633
52722
96212
72121
95832
26488
12256
5183
33574
57435
85751
69864
74990
29626
51807
49334
61317
47146
43112
68760
39917
98994
41174
65514
21356
48229
23116
78830
2320
56729
61196
29767
98026
13535
54061
41671
59367
63843
271
80826
22005
50478
51625
90949
84646
49646
40823
89285
99544
21250
77529
52441
41797
84966
28602
29267
61865
54992
78993
34990
35258
16339
49513
89790
62460
82659
32753
2225
3267
61563
20027
89350
3964
32390
260
95899
48345
51048
5734
99973
52504
16552
95949
56689
40753
92951
83779
17341
56482
27110
27243
67535
12030
54767
13990
42782
93817
93924
40387
99979
2662
75208
27038
40082
69170
19354
68370
24510
89828
11174
73347
83253
30884
28170
52307
236
57524
22394
56383
23735
92112
9050
7589
40258
33637
6536
72884
13617
82664
74216
6492
70248
2369
71514
25029
24555
45859
15334
7575
68349
68530
91533
78063
70219
27692
22979
70892
92476
36035
31460
64484
38808
89911
76162
18041
14296
21550
45800
23291
40026
60616
39256
89159
32700
61877
54733
56364
31254
88676
48897
83687
39710
96649
92998
61210
16709
64200
20813
71235
99407
13540
14222
30421
84481
41900
3736
13863
67130
55343
55409
71409
31452
47162
99530
83175
49322
87054
66017
64182
79117
8667
51228
46522
52248
80810
42085
80729
4262
21703
29093
86374
13682
42189
75395
2114
92467
3809
51846
92287
93359
57663
6757
34481
24013
6726
7143
32393
87860
88826
94603
96132
73916
70854
21929
49184
81375
23934
15903
49357
54585
5841
6166
61308
58149
85744
53234
4865
38625
34080
63726
12247
10083
71168
35725
11832
15554
20166
73129
28073
71337
5502
65906
22464
39330
93832
35635
40028
21320
97463
53227
44404
49600
64340
87850
52122
17340
23692
3375
34301
57409
47475
57498
13410
56320
94993
82729
38710
50711
92580
5254
40255
24999
10453
91288
38319
10020
81924
64500
58085
96590
94903
20518
81626
36948
1819
68573
11781
51341
37527
52606
29440
76414
48749
78355
30610
60017
53996
55972
39704
36777
28010
35789
51290
22583
8342
87448
47581
65725
94956
60152
30351
63095
22364
4431
33993
5373
82541
3704
19071
46835
61568
62703
22331
95433
90528
97652
84003
37332
53090
62351
7050
29857
86521
16871
54655
29607
10442
14626
71535
16168
82375
69668
64760
69198
47902
99109
72228
35863
47501
42574
3832
23062
10816
89700
39531
52608
1866
16746
94269
44447
87385
37537
41683
3957
39612
58426
34364
17546
74548
55076
41055
27436
46644
32860
46984
60890
29084
2906
98194
55973
47073
92481
65165
88738
5281
38383
86534
54137
40083
41662
86826
55726
65798
68868
25484
36861
67782
35004
8645
69542
81453
28823
63974
40440
4070
72988
5453
63777
15351
5490
39465
45132
82248
99021
64202
65898
37140
97281
68717
11964
50511
58582
54232
69462
19066
56851
15977
22495
16630
6437
19170
81763
88787
10639
32613
34023
30366
95572
86063
96670
82869
22442
40881
80059
14001
18862
54875
53387
5073
9780
78930
19329
5770
87114
94322
38094
51209
93185
94863
68314
60745
56872
59449
90041
90058
77750
20726
36889
58912
86230
48676
52311
83715
4065
86134
18584
67200
11075
58752
59656
60601
55804
99235
70882
6845
34287
11805
23668
77376
19236
3800
87715
89507
48628
11638
81399
78089
94061
6569
22632
9731
25314
5087
48883
52919
54812
3607
90333
25885
85326
75225
23125
42778
4933
1456
3420
55961
6144
35300
45848
59510
73510
60014
66435
51114
58637
24354
51521
86005
68865
59278
28069
34226
67963
75961
74174
49629
73269
14496
32738
60064
51322
89138
7744
62086
27216
13771
70351
71270
87908
10954
12419
18151
16909
1895
75180
42710
26145
44708
26195
49666
24918
90809
42610
42444
58928
21176
99748
33312
77723
13798
25218
71538
60660
13854
42030
45351
72898
24760
14878
58268
75524
7279
12490
3816
692
33542
11631
28866
54126
89707
55486
13327
84491
35365
18917
81158
46134
88212
18315
38213
66385
63331
31752
42965
14445
65992
11758
70645
98618
87053
64332
73878
80911
95948
35317
28997
55375
71242
4141
79194
67611
40010
83124
42089
28925
25077
14711
14423
17866
70004
14032
17300
3375
33072
26075
84177
61215
89574
79359
22917
37805
46095
52166
36830
34062
1032
23949
49499
61333
27443
35475
19034
984
66162
70779
22568
12536
62325
9441
37885
95077
19825
58950
56925
12280
8368
67916
30762
59480
19563
53535
745
82453
90391
83939
17885
86951
70224
93283
9040
79404
66795
80032
82150
735
81355
51187
15934
62927
7003
31554
2590
99081
30278
90352
28486
95497
83829
78906
87358
34203
81676
91530
59860
26285
24346
41047
97928
90357
38270
52625
28571
73279
76078
97682
79101
59032
44594
51256
66143
37813
94495
13927
67644
22721
90001
15774
59916
94333
70235
48680
69699
48904
18053
57407
71648
48897
75694
33987
70438
65765
32953
48654
37825
90978
99384
98654
85284
47749
80157
53340
5535
47456
52319
46885
59431
21445
28559
52147
12212
39692
77633
43627
470
15199
51772
45633
51741
28634
50690
19300
75147
58806
69913
68124
72764
15696
92596
57497
10095
91978
89777
65341
29802
14195
27077
14191
88969
43394
3505
69800
40641
22166
64851
9091
33483
53359
88295
90753
18883
79085
21366
32053
39485
55046
15196
7410
32683
97297
34542
19100
77608
35682
67530
41120
11506
64045
53848
81844
82884
82411
69940
37660
87896
45777
9164
30235
90764
53824
74110
97812
25660
30421
94855
12357
81437
17115
35323
56108
9831
10827
78996
87531
50323
27138
65773
39749
69412
59800
41474
56116
3523
34755
46985
61580
60103
1457
51588
72584
76560
97756
73180
55822
40838
40163
92823
24458
23471
14657
839
50407
14405
77084
9140
57298
35282
61104
23530
11528
48642
14489
34105
38874
2070
78995
45783
87059
51939
64683
15656
1834
32768
99892
25401
13978
74157
10385
13149
89867
76251
64350
13948
39772
90787
4494
93390
59411
67035
56407
70297
52468
41256
