api2_id
6717
7755
25450
21742
37162
41306
80563
18335
76428
16805
95752
82734
17662
39321
77042
40060
21052
67102
73036
57144
81818
39224
11736
15691
82127
48492
80158
16916
64000
4225
61804
87791
61613
97254
36172
49278
55228
84835
26570
53208
43272
13399
41963
64134
4516
56481
71031
45905
21183
30090
57602
63074
81386
19947
12651
95718
39890
77821
49591
43868
3875
88253
53602
38566
41524
72998
35439
96277
72546
47329
48549
43230
56853
15408
23251
7609
77268
52508
75690
45240
56671
12523
20001
69185
88360
27125
71153
83441
39403
30961
56758
66181
99939
42941
139
335
44906
24100
57178
23916
25808
40395
17485
45690
11995
49185
37943
97209
17119
66314
79246
2757
94753
54400
28195
75322
63030
20071
61797
5325
3233
54506
68503
37026
55450
1070
5192
85234
89502
87252
31930
51886
43921
95002
69431
83351
72808
21867
35946
52117
7214
57435
18983
89684
42787
89097
10957
29006
8768
69018
26259
8064
5528
40597
70645
39854
42464
64130
25036
83823
47229
93275
14224
42201
12411
84377
98038
90460
45624
95793
63462
9245
794
81102
15813
5252
5041
63149
10209
31456
94430
99818
17476
47929
96049
42042
98477
20407
33056
92837
61344
2359
66702
96235
28994
91804
96728
7020
13514
50144
21583
29583
19526
43488
76681
68525
49805
7782
42897
97537
5408
12378
81696
40054
55662
29982
79682
28033
91930
13976
64386
46331
62512
31230
90487
39095
93302
74282
83696
127
44024
42324
92223
43
78637
7642
18823
21387
36182
47501
23906
96454
81508
33773
3892
9787
79161
42391
22270
46382
34092
73357
51413
41080
86475
31295
70360
30297
13035
71335
49223
21646
70634
50147
92281
82757
42141
33487
59317
14681
91769
32508
4521
14380
96404
49732
94097
15525
88707
56793
49218
67114
67820
62136
49720
91492
86940
40754
28757
37869
40318
94945
91316
83462
62114
38125
88396
27491
87570
89781
74941
10157
76940
59334
29711
36537
24748
6793
97129
65350
5456
87401
82233
29409
13741
61930
61812
19882
61928
35353
77177
98837
84084
85485
58054
76510
68728
82190
45289
11473
18668
45775
56715
44599
26035
15570
51311
94587
67704
50402
50231
41586
11543
24459
53312
1470
56029
45538
41083
33806
42700
96980
23592
83190
23432
15436
83178
76766
66504
75533
35890
99591
82452
44495
79573
96453
32911
62310
13799
61167
86011
25038
18374
87585
35147
94964
2559
41523
89398
13150
39175
84641
72779
20286
1783
76064
78617
41760
13551
22836
53049
45185
55650
10373
4547
84546
9415
45076
683
13236
75585
9365
64129
37651
12238
23291
44864
37932
79990
44556
54877
28748
11858
7889
6815
79895
67767
22690
51429
14927
23760
16547
36418
52131
93529
80107
21235
66899
83787
28023
40680
77636
42595
95543
97716
24192
66219
33397
82410
17769
93428
98376
87580
62826
67973
63110
41200
65200
23886
88490
12287
5612
54659
44841
29380
76152
58486
45315
4460
65030
89957
50600
11282
48591
42477
91527
76158
20598
68984
73269
60447
90233
8636
36172
42736
25539
93739
69906
83321
22742
9061
39096
11051
87048
48061
63612
51553
2135
77911
5228
10822
1576
33548
60368
68869
27015
41
66900
83987
504
45867
2911
72467
18386
46877
24455
78674
56914
66600
82554
31815
58512
84426
16683
29676
24435
66776
27068
90761
46424
48272
51615
47113
64494
24173
39901
8620
58179
55577
74101
40563
15323
79656
7816
1175
22544
25074
2886
62264
87770
66379
66755
68828
91278
19076
16111
76990
15976
45603
70740
63166
20657
72715
82297
88492
55637
24340
3231
53036
78768
8602
2157
19982
99783
42388
60531
67044
64480
20430
30791
25515
6742
59216
25076
38776
86208
53276
28363
90165
74271
27792
66886
73470
55106
5159
64754
41497
89228
99584
77064
51035
58319
97850
86927
33108
96019
60423
74745
799
63292
47211
50222
7349
10536
35128
44328
31564
23644
85477
42779
1368
6799
76542
32043
15447
31871
58027
77001
10620
25375
55532
57847
79383
64324
30049
16427
69682
23013
85887
54667
47522
3182
46140
91439
56704
86553
32243
28787
29679
95223
53088
74240
62246
16955
48627
41277
1742
4962
90411
44194
27568
5517
94859
67423
54950
79762
97325
567
53852
75119
15831
43336
17673
16090
27313
36376
76586
18549
25563
94407
71486
45758
55809
43709
95651
37675
29450
25337
41993
81035
38396
73380
61405
13437
53512
87160
53314
47675
22706
35764
57838
42608
12665
54645
84327
85129
60308
99239
64518
86467
32807
99155
5285
52165
73554
89396
12567
2092
35569
94897
87424
76231
46337
2821
20824
29823
24666
74682
81452
45681
23501
12988
24416
72582
61973
19411
51144
56809
92730
55835
28914
35944
60843
23827
76619
14469
99315
73139
93175
6152
22512
38900
33591
45512
76935
25010
51205
78664
68470
4494
54902
243
20877
64349
73420
76936
45921
29203
17386
31547
60570
56264
56192
36264
3131
64338
62632
7837
99822
57879
87906
42190
40355
4799
80249
16809
22532
18299
17177
53840
52000
95400
19316
62401
40787
28132
6070
91296
31175
69428
32221
11345
91482
38896
19457
42359
14899
16316
71611
45104
68934
4071
90920
19218
36907
72448
44822
11967
29256
68535
84256
40733
16452
83203
61599
42088
2056
55696
92173
78254
38030
52470
98166
19283
70978
66709
12825
80441
72622
54079
1048
20288
73995
12491
45265
10306
79210
75640
89928
55060
48045
6154
46965
43066
63779
73898
57164
91732
80445
14757
10887
50444
49501
81992
71181
99370
42027
14606
47241
32266
88033
30217
47955
2292
85563
42814
50770
35428
13409
93525
20160
63390
1638
73312
2481
17613
58396
98176
47196
26130
80228
5589
49065
89634
83767
66473
46476
3999
81331
68855
37348
15976
2913
34834
16787
46692
9438
13781
42270
97029
71105
95904
47091
11285
28760
37447
12837
90014
43409
10515
61469
18521
53016
9679
47332
30716
20013
71789
17655
2313
85964
26203
82832
22403
36518
55258
8256
31337
81484
5848
81902
27798
46606
2520
31955
39927
15494
25011
24488
46120
87428
69761
97385
14897
65150
96648
5200
20182
12219
87823
13057
49577
88460
60086
4201
42722
55856
95663
99474
53631
95136
91353
96975
96975
38414
3271
83990
71056
74119
15146
35538
70269
99188
30578
18204
71939
14228
42510
165
18903
75088
93906
64652
20028
21135
55670
40520
56607
79320
71594
34345
20587
92511
52147
83682
434
29126
46702
74611
34206
89500
2336
79217
90116
76859
82693
74621
10212
1825
79277
18456
69169
68666
10416
46989
78422
41246
29215
71762
17030
32242
37254
32805
28300
91229
97445
42455
9404
50282
85564
15427
7177
370
53420
1221
15233
8400
1520
60123
36169
11194
61373
51930
2667
93802
68484
3900
46449
31505
75748
6449
10322
93819
79182
36760
79409
18990
32583
60018
36914
93653
30580
56643
80111
55546
69910
54846
62558
86847
80521
68241
87858
40295
55023
45042
76936
89293
1302
13504
5663
39764
88214
18938
84004
35595
28058
40782
65469
26227
30897
90113
76269
29601
17298
59727
37390
52464
21448
58170
92073
8042
65383
9271
94535
94111
68940
67727
3283
94909
10061
97157
3931
15508
1696
46726
9362
99911
39669
30061
29286
33672
44247
403
41583
76968
31693
71658
11781
78152
15715
47739
70585
82888
66260
96508
9140
18006
17895
53816
58872
46912
49573
70345
56830
65102
34316
1137
50551
83700
60438
86556
48143
73832
5954
29945
76258
28699
43019
64445
89796
1707
53331
81583
9751
30491
86002
16169
14370
25199
13826
91822
8466
17430
71201
99940
39516
98044
38734
95943
77124
29274
24973
12975
56359
35438
38623
64842
84693
59751
5635
56931
5730
35448
8998
50852
18358
17568
80772
54202
87355
27653
36277
24305
68211
30850
29210
18343
23752
19478
94865
38144
62882
92142
64807
96665
23604
88808
96069
37350
26004
2572
16887
17895
23080
52451
52997
1909
2217
13926
10111
49877
27569
53815
99533
40666
75077
22114
97670
45275
23804
14076
95555
14074
102
27419
88532
87955
83408
46807
85632
67204
85073
35481
79062
44238
48244
53620
80592
37108
63446
75575
49288
81626
56550
37326
81814
18570
22923
10020
82515
24661
59137
74100
79721
35347
36281
72717
56699
32467
86815
64738
66839
86903
49213
69333
42951
52130
67425
54046
79377
36607
52908
6927
9262
59628
58189
75336
11415
51922
79446
4178
37538
54156
55181
71941
38302
81458
56107
11192
13382
66230
20144
89224
72732
66850
30976
26685
5637
60842
80147
35372
91568
71280
27508
64847
69788
60269
7293
86792
64587
36468
59622
34657
87615
86676
18335
78928
12699
82657
26765
31847
4548
90144
48163
65423
13446
50336
82782
75584
97544
28891
58660
18823
31248
29251
56071
47183
30785
46916
42972
60795
18301
40759
62554
63513
9832
22396
43998
78310
67063
43764
97642
64939
97620
95880
72763
78393
86407
38712
95542
80026
71737
58241
57644
45979
10436
31301
96755
99380
92786
46861
10254
66063
31023
19375
90510
12182
54445
67736
47875
61515
99162
69973
26693
94004
89049
50291
63803
28952
17335
30495
97504
40336
88028
86664
75172
76057
76610
51018
74907
45555
45617
85011
40219
26818
62227
3863
37501
9934
80952
58003
87068
22087
90757
8307
70313
26552
38818
527
32585
59163
15458
74782
3999
46910
4129
14868
19248
29873
47597
56123
75210
8734
84141
55916
5999
72436
582
20045
40902
27497
14189
67333
45064
76746
40603
36354
327
32618
43650
53626
18792
94157
42365
94268
93922
82520
90350
75199
55353
38914
68081
40303
94417
44130
7348
43644
83706
35392
51541
98986
53162
51835
61035
52084
63344
98814
80654
11985
72923
29118
58619
16760
81175
22513
80346
32249
50257
75446
48373
85163
45613
89217
91509
87036
24975
8306
58627
25634
77183
63770
58911
92013
64556
16254
29412
51453
43543
96313
99219
24246
74954
97992
31235
44169
24295
51709
54640
27884
14901
15985
91746
25266
87070
4900
76165
28058
74970
12650
11106
871
68530
48732
45299
21114
47445
91603
68224
8243
86292
63756
30800
67936
33135
10503
10838
55593
99073
6151
98300
97805
62745
95156
49233
61727
40315
92666
64835
74133
58033
24743
84217
6211
42860
33384
17721
62345
1457
69104
82213
12034
78881
23016
39310
19501
36679
75623
48884
4425
23346
81524
94430
18634
73826
64518
55688
67248
21734
11192
1008
80221
9443
34060
12546
42956
54184
68976
56787
21213
73701
26913
27983
86466
39440
6345
23614
44102
57485
29299
81793
87743
75132
50
47426
75818
51178
65705
385
89895
68528
98328
930
26042
41209
35344
39725
20561
74283
83656
9909
83843
12691
12160
89318
8236
27700
91395
79975
4089
67226
25089
34970
78842
40111
6163
23906
20233
44683
35932
71664
43008
78177
85442
24544
86283
1246
50919
86467
90268
38711
13114
27154
35291
94669
91794
32516
71340
81964
15902
52626
55419
85868
12137
15444
10834
95535
53216
91202
50253
45514
45785
33048
42769
61804
56281
19072
21455
47479
99606
9739
13564
47430
86669
23434
52719
1214
15248
42294
16379
98489
39239
84093
96729
42721
88228
62337
78971
22877
5488
65162
15362
76340
16420
34074
70650
2172
22140
30860
59036
78702
22729
81818
5939
3653
82565
57914
96489
1569
75488
7485
98805
41364
39492
50971
59119
87148
33903
67852
13930
7410
16343
84101
57384
14609
11363
83581
26953
93968
4622
86642
61804
42995
40263
24705
50518
76197
86492
29354
50586
86162
60043
80835
47392
12241
74945
50793
44259
27267
40381
35884
39498
99323
10453
95378
22871
1476
61177
80300
56659
45628
73589
93791
58256
10381
78690
55034
79277
3852
31589
85293
59720
55774
9240
87307
24306
8110
77098
20785
84171
21942
12210
64380
10458
64500
81734
37350
8833
59792
15673
86910
69165
48335
34982
47090
34700
48067
59588
14605
17787
37444
68121
38510
15968
38577
2795
96400
99197
57558
20050
65864
21636
56589
75882
80245
96648
12623
54638
60910
84595
82057
27194
40858
80635
18768
97126
3880
66754
36897
74876
21146
64599
5521
63984
97331
76429
14355
55954
78639
86392
38041
82560
30819
84856
61921
2661
36999
57241
45230
19363
13457
20102
16609
36104
79009
98237
78071
79691
59014
24484
69595
3179
74759
8230
18427
62767
23837
1922
51266
30824
42376
83951
58349
61296
49445
1558
26675
1176
21118
41364
18600
75332
234
260
97306
80219
48178
29687
86293
40004
57113
71055
99672
47186
21148
43372
78511
57666
19944
93295
76580
45324
27547
63361
37766
66263
64508
69491
17850
46697
28515
99929
11198
48245
4274
82443
20544
5603
51958
31931
11765
71765
52981
66585
62915
95055
15514
6710
44545
51858
23657
35544
30622
98773
91203
98099
90869
28771
5604
41388
27202
49441
38186
2166
77847
79265
13685
80664
97177
22971
22656
69902
37571
32702
44741
28689
40262
27873
59883
48394
96977
95654
94546
37769
23913
68155
85279
11125
40826
60642
96004
13093
46214
77795
73697
43772
57906
23823
47861
4925
40574
48939
7223
71431
25302
35524
4940
37892
50802
69179
32902
19873
54547
38177
76715
66791
96047
18080
93305
42169
90260
98989
29966
47070
16812
52584
30246
63443
18478
62046
49980
23973
25395
45966
28003
25303
87649
9595
62023
24148
51115
30050
89030
71561
59616
13345
20528
79533
9449
86940
2207
46126
51596
98940
37713
95771
95375
36584
80867
58996
26564
90973
7248
78000
57820
51831
43461
94154
62410
12591
55817
14003
84972
30615
55859
67664
30146
5447
15188
9296
39420
11830
12950
267
62757
37345
8623
924
73033
39202
91061
78322
37697
88828
55294
86600
25273
71197
7860
45399
28559
26392
68315
14966
52071
37979
19534
52157
6972
37624
22702
12700
8806
33886
54180
70924
33688
66941
28629
83116
80931
24042
9324
41094
83486
64028
45768
26487
11318
51941
43311
95163
63409
52795
54464
15967
94693
75337
49220
22756
32082
55441
1052
37693
1055
57982
94815
89054
85394
14748
44127
16062
47510
64698
51834
94668
39120
47028
21655
40706
33408
89469
36426
48665
29294
95985
64487
20769
52488
98950
47670
28803
94629
35374
30962
19322
28233
83087
2993
52409
51405
41910
47505
31481
13458
56452
61168
95596
19058
43064
99910
9564
58752
41787
28759
34744
40063
64097
17703
72988
95115
14448
15307
94881
84984
43144
86994
28625
79862
86330
46009
68781
62246
88645
86854
5445
4529
86142
68530
56978
49251
97133
79774
9157
22943
60902
67952
58971
90682
96672
71307
37834
23431
58174
86498
90757
90041
5933
46132
61190
85738
75005
37217
59459
13197
20347
32710
78442
90862
61120
35084
82877
42074
4529
15255
92260
48762
73662
7144
17238
53664
34286
36434
33646
38644
38893
46837
92601
91219
13884
93958
7395
50491
87568
21886
30258
14929
3070
89881
15304
50766
58284
70886
50046
55222
4177
26305
82002
92831
65458
52527
87799
28249
88675
40677
69718
70948
47386
25055
69847
91230
38221
91395
13716
76863
36788
18293
53219
6730
368
43590
98948
3475
19481
95540
27025
37633
20639
35819
26533
8033
93010
30172
16030
88168
69055
48322
88461
64376
14099
43077
93606
22983
76283
276
12492
77788
63917
93619
68298
78842
25582
22626
64804
24764
29274
5341
1903
28166
21158
7243
77233
46739
67753
64093
33017
6753
8354
13336
37480
87954
12997
20567
94304
23948
75135
53376
40950
80991
18033
93875
24703
80547
93019
8810
97797
72960
41372
84652
41261
14237
55333
2660
51799
63
21288
48122
23569
68741
93838
38215
15169
15434
85407
96403
63681
27847
61175
80035
51851
6541
10050
62413
64745
63355
20274
41166
24267
25094
8280
73649
90482
91567
92869
15345
85325
87917
66646
74611
34963
17261
98423
44801
30807
19814
78901
44446
34472
23788
76813
36428
9894
25274
96002
3245
73633
47100
57229
93254
34425
40515
61357
12715
53882
41583
22298
537
91930
87884
20051
5883
81364
29228
13196
53517
60774
57551
64229
98008
21579
1992
96973
16453
22468
68607
95339
82733
64763
65490
14441
32404
90800
15241
56156
78620
63725
42912
84881
11153
3839
26857
12811
86635
1560
70848
7368
41267
60446
55871
46354
31566
14654
29287
79155
52384
27138
91990
41254
66009
37663
43778
68957
73022
47224
17421
3764
48246
56708
52390
37785
71531
18219
13396
57815
7587
28154
90480
83168
37955
5502
88108
33995
65394
41302
3871
16432
63021
3549
52783
66421
31811
97043
78960
72401
70437
81954
78462
26419
5090
86385
62618
55429
60082
57409
15749
81666
87655
41198
5200
31049
24220
43713
38135
70587
76959
87771
74422
87890
52071
57775
19889
85330
99532
46726
24768
46017
53395
90586
33047
12806
78506
46642
19567
59032
54538
72343
87151
47198
79548
1683
44112
48189
79945
17053
22142
8750
76587
52636
77367
44283
98050
10555
74777
87450
81670
9460
84321
50911
2549
74060
76855
32082
50816
78120
57079
96840
37060
96586
83478
64831
91600
11221
45263
67201
43670
32071
7542
32701
10952
67608
50108
47515
79318
4912
17397
76951
6453
51787
45461
94458
27962
12907
47982
67809
38762
82328
57506
73147
54810
34001
86560
80400
12899
51249
6122
7255
95775
80775
52939
94278
36885
97650
41297
13390
17614
81933
57546
96222
41480
92373
54357
22876
31317
79951
35207
91373
5908
42142
88054
5214
39783
45686
36102
48502
52198
99507
32505
65964
14327
14623
15252
48929
85566
79635
29269
97899
82151
5235
84519
48156
88978
46977
39877
32077
52628
66645
71279
21429
35782
13621
69279
95527
26913
76871
78125
54561
30953
6649
1609
98917
94701
19715
20547
2085
31931
51325
25695
56044
1499
43840
59876
77574
23088
84809
17382
46671
1726
20267
81700
70072
37015
37964
5563
6469
83947
18859
15207
42494
14716
79760
85611
2638
49718
49899
1654
71213
62655
61332
60824
56479
88592
8432
99757
70849
81798
23401
20018
17855
69688
15736
5315
13973
1660
62723
74004
16802
75279
46703
48702
83271
1838
22282
81179
11435
74861
37723
2228
79131
44080
16595
20387
36160
73380
89373
33059
14282
52969
16836
34288
11613
91568
8708
51442
76138
31940
77689
34332
62758
97622
75683
24943
42853
29266
57603
71178
99281
4654
25998
99464
43997
12271
42338
38085
36082
30808
90482
54090
74458
95276
10580
62284
83745
93553
94041
9671
43504
75310
73887
16578
60735
30040
70018
58686
33096
68037
60288
89394
54460
93897
54559
46263
13307
72117
26936
51819
21643
76819
43030
44128
48371
14318
17991
4782
43641
6666
88375
24850
81751
50621
47859
53256
92263
99016
61992
40087
69765
62530
68379
51063
28887
9925
1229
61042
13848
96763
42526
6692
93611
23116
51399
45354
82236
80053
86896
84461
38446
30063
38877
3760
68751
88097
92175
78061
38493
62133
18374
66515
37427
95487
35692
33336
75352
64670
63699
29269
66402
10992
99508
83936
93707
91169
72855
36106
40811
5837
93221
90781
50884
17672
89070
82263
42674
18715
20427
71868
94562
19101
20848
28963
41761
11202
60027
57090
53406
79526
32360
45284
66407
79506
20751
82069
44601
71464
2227
89363
27285
42611
75256
4322
3870
99902
10065
74611
18349
17148
561
1022
5964
44471
33155
48622
19007
10409
34254
94335
39804
16738
78223
29713
8575
97882
84414
63163
92600
97262
59818
54075
28743
91800
73611
55784
89799
19343
38112
12042
79248
97575
90450
476
28907
36038
90954
77599
29819
15252
89425
47939
28531
42431
30254
41986
80399
64736
4711
96094
93860
79435
80930
19824
57052
46002
61030
82525
51819
25817
23021
88348
24747
16266
50150
12676
55134
99741
3312
4737
38593
62617
51967
54413
73218
73874
49109
22501
10695
50148
15711
56306
39499
29953
1195
38729
50335
42923
69233
70441
42463
21999
46860
97883
33186
20349
92692
19752
59237
15254
60374
66812
67673
39247
70341
72406
37919
54113
70960
96694
58048
42186
70832
37130
3500
3391
37351
92694
17206
51310
26440
48485
16082
6659
44836
31992
24790
31269
87346
57337
44011
1817
70425
13797
9342
44948
19431
92255
61445
22476
65211
21062
48102
98550
45183
15182
7866
60351
21531
22542
37796
83761
54218
48621
23967
92589
17548
22002
78036
51428
4521
15969
14867
73669
35411
60302
25905
80191
16559
46860
5184
80941
79214
53295
56758
2599
20478
72921
16753
90691
2
63400
1517
96791
6655
82563
97790
86444
11567
27710
79593
26034
87040
65979
52582
86774
42823
6238
41424
91565
3265
90321
97183
8252
92586
37223
93600
78514
46219
48924
94123
8615
88930
8420
85053
13253
94145
81999
70270
55502
87459
71251
38592
72118
52247
65391
61350
15326
82709
42867
77640
11047
8826
91061
92347
68424
5775
140
99273
50999
20005
6816
55282
80263
54463
72441
23367
74434
12936
85600
82090
8339
21829
30156
55550
47375
87370
37595
88008
86796
66187
62542
68397
38902
19334
40661
94800
91658
23354
21511
39726
63566
76087
77734
34257
69413
1799
12487
30185
17200
57534
68982
28379
66418
97307
59236
95817
71252
66266
83562
76726
99123
4184
10348
33095
94213
87652
71438
10486
75790
60106
93667
98567
68741
4391
54408
12732
27209
17762
72458
45667
61616
57069
8643
70914
65917
70295
38121
56394
59140
26204
23922
88501
33825
47910
19906
89420
94325
29245
42819
26442
93353
71659
97687
88714
99587
93694
98906
45073
88160
34571
15646
81372
55461
7488
81000
36913
23063
65683
74022
77079
61873
64983
72159
94625
24204
27307
65386
57902
64938
51535
53538
23080
77437
11672
7037
78198
50984
94665
94067
14041
79410
8975
25289
16229
33514
55379
25564
45864
91549
21166
61477
42921
56234
38670
85367
83789
34508
18833
76392
58303
18513
49836
82735
23102
98754
82462
48484
80337
16798
82630
89160
68454
62351
49488
59953
68119
14485
95099
46977
37212
4817
75598
22188
89230
58123
99599
12424
2543
88123
59475
1722
54915
42666
77987
86752
23349
6918
26502
31436
90388
6442
15979
25625
24799
64423
78797
79958
7047
166
71211
60253
13686
40059
27039
36833
67745
38953
44749
42775
12452
41209
19003
54611
6735
23845
29667
14669
32596
61807
13515
87603
11566
91510
56434
8367
30124
38282
57986
71063
48887
50106
15050
77463
66577
26774
13482
88119
53053
70601
35772
22155
39950
17071
76859
396
20843
72559
74941
8677
54460
53684
65355
80736
33093
11018
75107
30567
10316
57677
99842
38979
43600
76431
38125
44126
92607
54733
90264
68838
84088
11437
28713
88447
23660
53614
25211
75034
65160
38500
26276
12248
33700
4902
15937
60371
44586
90887
4521
14951
27372
33179
89763
98930
89982
95293
16353
91739
13383
24340
20421
48340
38892
32370
66264
80718
27377
73623
29616
17069
8180
98913
43107
71877
60548
87155
76682
29412
83842
42143
47994
20846
67117
51711
23891
43698
70323
38082
28346
18743
40501
42889
50330
12999
74223
25556
42593
2290
40757
17095
74178
79486
75842
70563
66797
58543
83080
32269
33584
94902
85929
70168
25095
20655
60874
62654
76790
11769
40235
79271
88898
36825
68224
16252
49089
83929
71266
817
82098
60801
73815
88066
68256
13286
6756
1552
20973
91692
70591
15755
64399
45631
43993
96973
30801
31493
49965
66470
78088
85679
1404
3934
30497
16380
98240
5987
48590
74280
73453
86681
57016
73001
80572
12927
84869
16773
91165
69081
87915
96174
17706
14376
54156
70695
42126
33329
95431
26668
17259
61453
86774
97619
87351
77635
90194
4284
67016
71766
46733
23334
47058
6315
58944
86331
44658
62255
99003
87717
9594
92313
57120
34740
30932
15808
80442
79180
50714
18929
82168
24649
84603
39179
34043
36111
51582
85692
73126
25786
84938
82474
61315
39269
49936
31378
42261
80301
39833
86548
3523
15311
84506
94961
82506
73438
33228
15633
4322
77394
24734
42209
98962
37928
870
30647
64239
18546
29618
38091
77216
4616
19911
44134
99247
68170
92852
57695
66378
68901
51565
45357
71374
80993
41178
90159
88230
17335
42201
71190
77087
40172
96892
10305
26029
9410
14670
11256
41936
82978
7811
34880
20031
90886
17849
14647
92555
6968
10366
85051
51284
5587
97426
88115
42905
7823
8588
20714
56869
26219
57834
44603
37267
38110
98922
88997
2846
37966
46855
55905
42819
48814
89102
64584
86545
39020
5993
25043
8103
26243
12536
57481
50252
57394
9189
36890
60123
13226
47669
94851
92888
73610
48586
14170
85877
31158
22557
63043
60934
21945
30857
94366
88018
22783
43404
79480
94455
55395
92387
84377
45800
48538
62048
25071
98031
29992
42183
37435
24672
26495
29228
81031
52309
6512
74757
55799
35710
40273
48049
85794
66357
33667
88426
40609
5254
33926
64082
93636
19474
74838
90057
72237
41607
40004
48638
25733
18694
62955
52165
2123
66422
88146
91812
81105
82345
4758
44024
4127
33451
12414
1335
21396
79981
7846
39283
161
98710
11739
3233
12649
34935
28842
77126
6698
22537
90424
47141
10644
68617
59291
7233
63724
83882
6862
84585
51987
23007
81056
95662
503
7403
58246
56223
7717
20533
2978
23258
32383
60059
29056
17886
87898
86317
19066
24909
27599
4590
5225
90863
675
78729
10759
96288
95416
99743
87640
40361
69530
45280
3390
29980
25989
13129
4244
43993
91325
72791
85849
13536
59619
40419
24410
84444
66312
9466
38121
60802
3478
64807
93504
4435
83810
2183
89313
65001
18701
82473
71052
23143
34329
24196
43665
65652
67187
7272
33180
18333
88785
95444
83370
75382
86498
68961
35741
46956
92099
30947
98870
85323
51200
38461
72308
69663
91999
65752
37369
16863
63608
9945
21863
91574
31328
33568
91372
12666
60606
31611
82183
87599
57168
7366
49845
65075
37280
43004
412
58625
92883
88048
95180
54189
20932
71784
37984
65601
14910
68942
13819
88997
84777
6796
63257
59811
41968
6609
23169
48477
43277
42971
79840
78699
26092
28097
96481
38451
92435
43096
77789
12643
31423
76841
40684
19028
69558
99572
61879
42183
78039
4050
70716
89539
64564
54879
27212
73366
60600
78483
46257
9448
22990
50479
18939
27512
54629
15784
20510
31375
24626
27090
68580
76472
56607
7960
96257
12843
75542
65293
77072
53157
25301
22237
60424
88663
36787
90313
50913
18295
88592
59909
49670
55809
17278
50658
64691
45430
68544
68434
11109
14104
10959
95364
99913
10534
20598
19457
37734
8760
86260
1159
63514
13881
74220
77344
40412
28441
10541
32981
50500
1243
84187
32945
99253
95112
78073
98077
97749
86862
44258
37556
27866
85096
12142
71267
24822
47537
34057
57597
947
86928
52398
68449
91090
10129
35254
43339
52091
65420
81150
4936
59688
16835
78210
86920
22543
79507
82618
77954
29555
69040
67682
35434
23082
62185
76807
67840
75657
58071
4765
82730
9961
55242
98913
3457
61965
30573
25669
97242
90223
35172
21973
18894
27961
60421
26814
55373
98926
51736
41502
16222
41515
2271
43361
2198
14674
42666
12311
30847
10673
71671
63141
87626
2693
45165
24674
34972
11830
31883
72861
47038
47732
20068
92105
78778
20323
76783
7210
17120
90497
68405
61808
48970
15016
27823
27427
8043
7196
10924
19098
44949
37592
7494
39329
1366
91548
47782
96318
64181
4808
76821
36145
83232
26926
64000
19569
75027
49554
64577
10911
82938
37775
64492
86823
37975
55316
86882
34939
49564
40361
63019
18745
14140
39875
30482
22005
36903
85536
53646
22743
25340
28280
70720
17641
31703
96911
58626
75029
33941
24694
45435
15741
37238
5194
34085
61025
99779
13166
17590
70258
25830
66237
87613
99135
40518
12644
24452
27874
26345
92644
47503
40548
18070
31437
78167
66505
652
18420
11500
29209
31087
6948
27285
66305
69934
82931
97109
61051
48969
88266
92963
51166
82002
20316
6176
46188
38941
61887
68086
13814
35902
66106
65972
92747
26685
33409
42747
5854
94841
40471
17716
17280
88116
14767
36152
28856
51369
85206
32301
36400
59063
12117
58876
65978
90898
62634
91327
99163
50811
93620
16135
41935
45898
41670
95648
81838
82710
40405
83601
3478
34666
29496
19452
49854
16790
11808
14802
4261
88615
12730
46740
58966
48032
47703
11343
81923
55870
27540
63025
52317
83742
51978
83586
2726
69150
31248
84027
87540
88721
30677
73186
15363
32539
80749
1108
58932
24722
52575
38659
63648
68318
7352
48772
47612
78574
36743
55288
48355
55342
86683
3813
35237
25120
5782
96163
94323
72446
82647
36307
88770
28202
74553
71503
95894
88818
86032
83376
1282
35630
53324
83068
83553
82391
52527
9022
39110
43122
41157
2511
30912
11404
80505
43876
49394
5707
76131
9589
59182
53663
27281
58482
33354
80363
67222
78998
25945
67168
40377
7423
5688
12226
64044
61618
28197
4863
95630
74649
96351
38531
29151
28587
30575
19844
64917
83385
56823
60801
53007
92650
56447
5606
632
87035
39684
30207
96352
79000
27072
578
61165
70900
92176
43197
43740
8421
50508
67169
81962
61976
91766
2634
61051
71681
3567
47662
90545
364
95549
7799
57462
33106
65909
11612
21914
56978
98873
24125
13318
19637
55454
62090
81541
90650
63999
48460
56415
8970
51172
33528
361
71857
75223
31518
50885
67340
24265
25044
73120
84108
35342
48429
38476
55614
50566
50922
35025
4241
41531
13101
57095
57858
74944
12947
83322
74912
65866
54182
78867
26753
28739
6215
75725
20077
40715
37180
33078
68630
86579
27003
61379
42966
53290
72769
47456
61172
76160
62291
77345
13060
94146
28297
98484
67122
33615
53273
38337
71918
72041
10370
66790
73998
66998
29006
71623
15570
86498
19947
7098
35072
99970
7185
744
22090
29928
80000
72754
9944
85419
10095
69081
471
15926
68952
39399
40171
19816
53776
12568
66667
35053
62947
6389
99123
13129
83994
89898
89428
30511
25114
14961
58549
65963
68277
72489
5642
77017
92952
553
16229
4659
6034
26938
62753
27175
67768
73579
47280
29086
45667
75327
49383
33925
48458
48893
72946
74389
53414
55117
26936
3858
44107
65136
29831
17225
56486
13535
53707
15952
76886
88980
7347
84754
20768
70230
76284
98449
40318
62771
81423
382
98848
5920
77158
24763
80490
7742
11923
47258
5539
52381
2972
15107
64129
63049
258
71672
97306
31994
43929
44501
45745
56310
57502
19767
44624
52736
76447
26577
81736
13710
31313
72250
84072
82976
32412
53604
52527
8892
7319
88403
3435
93669
67485
48221
5990
64258
29129
77585
96521
29312
86111
74558
73460
95309
89625
49695
38183
77612
76461
75542
76929
99505
14566
95053
53755
50546
54489
24030
37066
92237
74403
34624
29053
69557
25096
5209
60178
11276
30198
52844
82471
29215
59456
77697
82404
78533
99144
59682
18407
62888
33430
11684
24970
36755
46652
96993
47849
62595
71480
98397
71
82598
15303
66931
28910
16294
88010
29163
31099
69527
42560
36457
62951
66662
6395
93996
74797
48450
95675
54973
5307
76790
24316
77664
16137
8363
38135
2258
95016
78990
50592
49402
89942
77815
8346
77062
41331
96706
29471
58855
27666
33393
56943
58375
67928
72140
29716
9288
18954
39425
27156
24442
11284
16430
83074
48069
23295
69947
85285
33142
92816
54861
13833
1717
82355
94432
54230
74919
62908
8367
893
93525
3844
45886
51397
73192
5677
34949
22397
45416
63567
59051
63772
28155
49564
86798
90985
14969
91190
9433
47603
48892
19730
16991
91677
48773
70071
95079
9495
74701
75555
94737
56752
91372
33295
75615
26579
99403
16982
72295
28991
63727
24957
17453
33806
10586
23286
42373
78680
95069
95836
63947
11673
57719
71460
84812
90992
40232
65550
89553
58953
82557
34561
34233
19692
66816
23594
21607
74645
32642
12067
57722
38681
18575
20888
66856
52092
1683
32319
37590
59390
44183
48257
46109
48358
64587
42050
6771
50032
86974
80780
35353
40914
11650
48003
90456
35312
96506
87834
70279
41569
88687
88286
7474
63638
22999
89547
52310
13261
21800
45378
56984
33972
37842
7525
10795
34984
4877
14809
24704
9418
80865
35922
9134
86900
83723
70593
85633
58302
38952
44372
61256
35397
51934
45071
69791
94574
43654
34698
88088
64681
16067
43782
21794
90028
71164
21363
67545
57369
98603
38831
56718
27024
18428
2985
38705
49510
51469
59218
14074
93366
29534
36397
57266
995
99060
91786
4716
77115
30525
57744
17750
33355
38907
82504
26204
66916
84621
97143
49934
94176
49865
3667
17087
44723
839
14765
47950
73942
55206
95929
34210
53504
69415
63957
35528
88350
36447
65267
20395
34558
19762
23440
74414
15721
60295
20611
38715
5102
4827
56983
27479
44218
71954
3105
53558
82165
61257
91060
22600
46548
62100
70914
31297
72771
55759
6238
50450
77527
96169
89983
97744
81297
46329
35101
88305
34708
15059
21064
78060
96735
89640
83553
76627
62415
11955
42928
38384
28187
64736
1774
7853
9514
16500
41951
88766
61146
24034
68554
85449
52563
22062
87638
19251
3544
70161
17110
83037
55190
38619
63658
55793
22739
3877
90977
59109
43063
72742
37135
45038
18120
83750
9391
21813
38871
81692
36859
99070
22676
87974
90984
36684
51650
32469
39514
27365
35251
24812
99662
53150
48113
28542
44382
8961
30802
40815
90051
26071
69282
5772
93870
52630
98432
68935
42787
7783
46448
77066
947
14860
94973
14016
35347
55213
38319
10582
5335
51961
42267
22183
70865
79431
31862
75675
96206
27466
34054
46427
8863
78254
54588
51869
28869
30349
8439
46568
16626
61566
3060
14665
85097
901
7960
30029
31115
46912
25961
14097
83215
54541
72716
34283
97602
44966
12839
11152
61969
44878
10530
63741
38177
19723
17599
4304
81474
76470
74002
40244
40790
68941
56622
25376
14945
78627
13578
48135
81330
31463
86118
83261
98093
16815
15533
19361
40055
45254
94877
13974
91742
54288
88514
92265
88493
61880
91119
65845
50120
76248
75623
53769
18627
86389
32183
50866
68884
6128
9645
44824
9459
60360
77144
42011
44387
35136
28498
71907
1366
84835
63327
48422
4924
96324
65936
41602
88897
66601
9213
83545
28542
77860
25995
77383
6534
43108
10202
4985
74612
64675
19750
53262
62087
8055
6259
23699
59140
10574
18422
5698
89956
70405
19473
5620
41677
50268
78925
6663
75746
59726
12944
74757
44747
41212
32096
53640
68520
5025
97628
31521
95002
53368
65800
77216
70378
46344
30938
88185
31497
11721
47673
8716
97854
28374
98104
93126
66958
2858
32976
98037
41923
74074
95562
39248
63380
42051
9949
34978
81229
97389
98040
21156
44962
89180
63208
27960
65017
95899
53487
93754
66849
63925
98917
76327
54105
50401
25619
87899
8412
21197
26322
56257
70709
6422
65005
43527
22175
55467
93492
79054
71197
8229
61217
36424
29614
33418
46378
58592
53785
89662
24200
15723
19800
21005
45646
92520
39837
98234
35399
99882
26704
76945
13617
91263
45829
89710
20845
20328
8733
5857
25211
49246
45927
14864
30192
10356
73158
15451
57243
59690
92984
58013
9386
49951
45686
52029
14156
81298
83949
92990
16213
51384
85949
16946
38422
96256
71569
23856
90
66716
83296
73063
64266
36313
64656
61510
75937
70007
22876
9211
37888
27568
7502
97334
65080
66825
8276
80674
87539
38539
6231
10558
59082
98459
63149
81857
25477
9112
78575
25685
87147
94652
22030
6531
97564
58565
47809
45062
93988
78147
55967
22262
18509
84902
87007
64553
38301
17196
73600
84993
83673
55530
92784
31100
81149
51719
92844
78071
20790
88329
47803
32039
42998
77846
42746
48042
68337
64629
45763
75220
59410
49609
95082
51511
24783
40427
53753
32074
54192
70745
67863
23725
2374
3767
34840
61295
25915
20886
96878
5379
80095
13173
25858
13506
61604
2108
34090
25530
76670
87408
20903
28774
36527
57791
75385
81106
13362
43488
2536
54567
28034
65630
59482
90904
94167
41123
84961
31466
82
71617
5372
41364
72110
7328
51633
7494
5691
20310
73091
58210
29033
14002
13465
93598
67441
16267
36098
14637
89626
90983
7631
13296
60940
68999
5084
38068
14290
25513
64897
55550
94205
6955
72689
51223
53360
40219
57212
33299
84907
32443
2440
17676
9497
98000
36148
64867
40301
89943
45896
28071
34757
99216
12081
681
24930
83190
24068
25622
59875
84736
42129
38460
38716
47408
75127
14511
38116
6652
40760
5052
61465
9833
63329
19572
27
73232
38124
86306
45756
99619
5326
73223
73526
79696
30743
63704
41861
27694
415
75556
84520
37726
52075
53296
96149
44816
53284
30671
14402
59594
93602
62084
89092
10026
60899
26225
97876
11965
27809
80166
94966
95624
27351
54889
42528
75758
84856
81021
62849
73323
93848
17812
5228
99151
4632
12241
13531
56665
25034
88233
15839
37444
61392
43092
25088
49719
99545
88554
30836
10732
1253
16305
42362
45453
12128
63469
94258
74759
3480
50705
5986
89581
48682
82474
67603
91929
78686
1282
81369
59796
46690
96185
24080
7395
55534
62997
2684
98139
91870
58859
57406
39453
86636
58712
16516
50112
40937
25393
44833
85092
4115
84856
1247
58128
66247
70099
51625
73415
9096
67664
71509
67283
25919
52139
91168
50744
96031
19523
1448
77954
56278
48208
61654
5269
799
30698
89189
2615
31238
65482
63423
42250
44245
56899
11875
18890
86469
4070
39894
8195
20669
58910
62107
55240
62118
72600
19861
86159
7864
79799
50102
62670
23709
10368
90282
49868
17818
51918
52752
57357
19017
15544
87555
2745
67690
38742
91718
89523
65486
83886
78948
50754
91502
49950
95594
78687
99691
7894
28027
3864
27965
31124
50220
22365
2911
17070
46679
25195
72887
80098
259
88689
80499
49710
70220
63872
16719
57943
14946
59614
98766
24077
69664
47089
2461
93049
82978
37025
66866
35046
41166
88547
63817
23456
37169
66208
41870
3262
35508
84651
913
2048
43483
78387
67896
60432
10053
77300
20711
59359
14455
40858
4768
66473
22163
55581
26170
23378
82024
7330
91290
33357
37289
88483
48197
61572
1965
22698
5319
22410
9808
50516
52009
12387
89654
56647
90070
82721
80965
82226
39185
60466
94450
12540
62997
55950
58214
7148
56071
11744
25163
87278
6033
90903
13291
97339
58895
71435
43523
93547
76115
96694
71489
16541
39401
99684
50698
80815
69338
91387
86583
38331
8949
94688
7303
85946
31542
45476
74600
91519
34267
10592
27847
79820
86349
38156
71643
31603
69633
38118
84833
20728
52493
13597
74868
93595
94397
19818
33655
68277
80922
55523
93590
46617
40671
60185
25827
88871
91056
82976
35846
6124
60887
16167
91964
43333
1513
94607
40044
41770
75748
70804
92918
56164
34128
15974
66614
24443
31041
57898
54109
75709
88681
27812
54463
82113
13765
30125
10390
80984
15950
1677
40526
88672
8068
99081
28542
77579
46033
45108
21365
52866
72752
41139
69241
75187
10798
78554
88464
19287
30108
92317
17427
23348
69632
94577
89060
34127
15693
76732
43704
13058
18002
35265
19574
99456
94162
68035
72284
89819
55288
53532
51102
18817
16138
8150
77605
6596
26283
13983
84687
163
22614
70367
40763
28538
91546
45589
81473
72107
55060
79878
41354
14384
66615
85995
16748
5269
51721
37994
34370
45075
30741
9569
3653
10057
57388
38975
88975
35935
20439
10191
45033
12854
56467
76231
75045
99784
79164
20946
56003
52284
2862
55298
85762
68689
32341
39849
62392
32771
74041
1147
92059
6000
47408
44588
76777
76204
27359
29170
74377
84526
39613
68030
12742
8387
59372
49213
32747
71541
95454
80004
88283
64936
71218
93508
55469
390
78862
71663
37922
9534
70570
88201
47621
72354
17035
41279
50564
24573
91850
83509
61902
34604
41170
37695
76529
43632
32218
51845
1202
57465
48005
43731
52492
1826
77501
15011
86224
87520
54738
57006
1162
56973
32740
40644
44646
46291
79540
28287
41072
25687
1658
98363
53442
31849
34819
49678
26584
37431
82398
6782
327
95672
11848
53165
99529
39280
19655
94818
42159
38573
82739
60141
59445
90030
97167
29122
75075
70654
99240
89628
69623
90923
39001
19938
96993
25026
30343
56517
74282
33173
55120
66965
1654
50262
55934
19140
93946
25922
52902
31296
27859
2265
8506
44589
75177
9572
26298
4271
22455
58869
27404
55424
91820
74082
58149
45645
81984
67758
43191
82768
20857
48109
61922
886
79166
62455
17774
97067
34042
49727
46979
98988
85367
96120
78137
36600
89731
16939
78441
99403
53995
34578
12895
56713
75417
50052
25542
45042
98534
70046
79943
90007
69001
17975
50783
19052
88951
83926
39499
37680
95934
39540
27822
15500
1817
73613
85894
61739
51198
16397
95455
85368
95476
24587
37737
35036
4086
39105
89587
39419
72599
15130
24727
21890
6067
38530
62356
76857
18875
17704
85548
51447
23807
58668
18721
40561
60308
46263
27049
17858
59208
10924
9683
79588
17853
50002
4180
88296
63824
26227
34727
2041
83286
99094
89037
21603
16943
43860
57310
50986
30209
63522
2727
72018
17727
21566
2857
79764
36168
96156
32535
95252
79741
94607
35580
55172
70
18579
40108
12203
92001
6700
57845
44351
68070
65649
74598
86341
89577
32548
63998
50226
20445
79413
50807
66847
90827
61264
93370
1595
55092
68208
59807
47184
64525
58626
74120
39182
61589
46052
56012
85438
9179
21270
26768
17214
70169
5666
56138
46383
2756
45518
15872
4307
55467
14041
70299
99990
46071
87132
52941
86333
50463
2511
99603
58638
2977
78372
79343
3800
62904
44204
8884
4227
72666
42343
43625
14423
18476
20334
49989
36027
31858
86896
43782
30766
81315
16810
41583
91356
50404
42077
7092
28145
99159
68672
71284
33606
62612
94473
51874
67523
870
24653
62632
62417
67938
90759
6715
80859
34488
7694
54810
7549
79559
76309
37708
88043
74088
85641
93272
35263
94606
64621
87634
9661
12579
24991
70308
45820
18860
506
35377
7747
48605
74857
82006
99481
39983
76583
58699
96749
28908
80014
6057
39075
62018
68373
58328
14003
55837
22980
92988
49365
44955
4577
21048
20628
98972
92353
50870
73424
77167
82188
11318
61029
72861
15915
36875
61073
66548
62200
71431
98125
2065
15294
56814
81785
46865
8219
59426
59776
80705
5163
89682
29994
16643
49590
17980
90173
63879
86500
35185
76015
2151
51850
25020
69120
77421
24622
7434
77853
49853
38793
36165
53929
99663
35394
90275
28706
36122
14630
76471
94707
92141
77546
25401
1314
9006
60361
4506
19859
22510
74679
37259
49117
13372
83243
32329
44931
26002
34250
4685
95967
52592
4763
7303
69474
94731
54426
98551
22735
98184
7634
68485
12746
93345
59404
60749
10955
28261
95103
99174
39336
78357
80036
91482
62562
82340
2249
17206
52920
35972
36351
551
70680
97772
2346
27201
52972
89987
99773
47935
38392
22694
72515
79598
43944
19093
55024
44993
12879
21876
72417
5119
3265
33536
97541
84307
81380
25045
73394
39897
25269
55035
40274
84187
51603
20427
51426
74724
41020
89543
38438
32526
78405
76541
81104
25919
22277
78841
73358
33371
67288
77451
63959
23659
80695
70699
94456
21619
55482
16183
59754
70853
82581
425
98682
23940
4505
31907
6366
49019
27281
69456
28306
71626
71564
4686
8327
58829
61399
10895
7473
70613
54787
23165
20586
94192
52089
57344
8797
21802
78601
80482
33405
85058
1532
92284
86144
57089
93663
56679
43834
40651
85596
90326
74746
68635
68320
54287
25644
18776
26539
40299
34074
92005
85693
54951
17050
12734
69297
51092
37788
67736
70331
75415
48843
82453
70527
3309
74233
47858
58861
69713
91624
85289
47039
89522
79463
20274
6655
44260
28022
33965
29605
82896
66144
5992
80727
65944
37928
92386
88520
81101
36138
58444
27567
22595
12106
58614
11496
36643
25761
13357
44215
16733
12050
61646
45298
67504
19919
68917
38783
76206
18327
6624
62593
25716
99203
72361
98113
17890
71348
67816
71269
95399
64891
64419
3969
3795
40183
67265
96930
81802
93319
17951
816
9964
19591
75189
61815
85148
7291
59527
54562
42902
3785
41229
91470
59629
78728
60254
98739
62584
89311
44418
44287
68458
35918
75411
81753
23791
50790
54821
98376
32374
93331
87079
96152
18168
43072
21501
65705
82890
51893
13248
29822
61774
90850
62662
15806
59245
22255
62545
36100
90481
87624
19287
99959
98095
24136
35134
58237
73196
72072
99241
72629
46823
55130
73990
86562
12439
73542
64877
87288
45173
93661
37569
57338
41688
24368
15134
68966
9873
3042
91457
12090
66504
96267
91402
10568
71475
92806
48507
33691
56233
33390
11692
2724
44640
77838
5355
6363
45625
82713
45993
9774
35136
38484
32384
74867
96768
98655
48338
11218
40376
33063
95700
86108
41563
3339
58400
24629
21318
15915
88791
54267
64189
30849
76699
70027
86681
35881
95594
35228
91838
1247
98525
68447
37959
8974
66434
15700
27372
12489
62726
5330
34223
40240
97153
86368
46010
30561
12481
41691
11765
39467
84410
53034
31591
78610
93713
42383
73769
89332
17369
35514
44449
70743
8472
37510
67669
13348
54665
33812
7928
4488
65520
94812
43150
71849
80764
31589
15863
37756
2454
82430
49283
63588
12615
78306
3719
68578
67142
25834
5267
36265
66602
77974
64954
36116
48663
84344
24971
56615
82720
58744
65716
87964
66183
75273
3104
93556
69301
86335
26040
60744
71354
74950
61064
17042
78125
58180
34929
60307
85472
95476
48165
49886
48559
8482
28737
92690
70463
9365
84045
42495
75808
7263
32078
99976
7730
61533
19286
77639
95443
66852
53407
22564
96574
94159
6189
33316
13433
8144
98405
71296
67465
35769
77875
83930
40499
25518
8405
20079
3065
60457
4493
59498
30733
41681
11436
89654
3126
40244
65272
54190
33417
45516
50125
34259
14356
12652
95799
95634
14038
10026
16574
9311
15909
72559
15435
30577
53030
76739
71039
93188
54462
53782
84945
46824
88534
17079
36430
33201
97183
80427
84827
7584
31686
15064
94830
52522
64533
41529
69815
56566
17787
54728
84070
78980
75403
89865
21522
57619
10544
4945
47404
9414
76190
85000
95718
27066
61692
27071
32028
82086
15265
15862
53821
83080
2638
7193
94859
71928
57369
73427
29760
69969
43146
26751
94739
61683
20629
86760
62219
21727
5868
27179
63559
39311
41475
85456
37987
54561
92876
17072
74442
74991
32363
66253
81238
18253
59852
23686
63948
36630
14841
74544
46105
8706
9218
98266
64574
90256
27840
16811
95128
24724
30850
19071
29379
78878
35006
84136
34552
49913
48119
81388
3902
84169
10832
91519
10838
5121
56404
83429
60887
99910
59604
57946
16227
84201
93747
78387
9695
97748
5100
18292
82128
73244
5208
59339
97706
76504
65651
67818
64052
85436
86405
58543
54354
95351
42698
52311
15385
71146
26312
52287
6446
83305
18877
65311
77646
63858
62843
31547
78179
49032
34960
68073
30213
24303
70607
63693
24387
33528
72442
29285
95299
27567
2243
99165
98452
4568
52885
5840
96693
20033
61335
3515
60139
3335
89175
75599
61656
19633
70539
16841
869
82793
19600
12578
96367
4653
44556
62009
26042
43872
85957
9887
6988
41659
15594
25634
48416
19540
36609
55481
49616
18067
19799
70374
28656
52842
316
82701
11351
50925
23116
90890
73203
68590
70721
72372
56908
83984
30984
26028
12101
36810
67790
40297
85650
69002
10275
42376
91765
75763
7279
6951
30324
4565
80323
63779
38156
34309
54563
63696
12284
62412
81921
26648
69926
37409
20961
96070
16835
51432
14809
10161
30445
39100
55442
69854
35443
44715
48998
4843
94748
84572
75578
61117
14140
64128
87860
30161
45861
33507
36540
34664
49180
98152
33129
57634
15095
94791
47063
41642
16859
913
57815
822
5621
20486
35685
85597
51501
90529
24932
18125
45645
36861
68975
54715
1493
98120
61254
29504
8382
37528
1307
48974
64954
95843
49395
39080
43078
53660
9182
36882
90651
15393
69270
15942
59301
27195
20558
73060
14462
9650
45290
32961
11551
44455
92744
97723
99872
2285
64250
93938
50742
76174
84946
3254
74004
77794
73826
23102
93180
58663
94600
12041
5728
22938
28881
80581
89640
33750
72390
51520
345
16928
40066
93753
15685
39611
4971
26833
1851
10169
40536
32012
19391
39834
99011
2816
97242
12495
58600
25996
55156
92926
25524
39418
920
29827
53403
67790
28270
4138
5741
65123
13649
22003
65041
45946
7395
37862
68439
14132
29939
99948
94850
25963
12701
43834
66009
24344
11406
98943
54546
48781
38855
56620
54158
1229
53698
18719
98159
28081
14193
82545
60830
12494
63696
32027
47834
90457
56449
11201
98822
74191
91452
44631
90422
3141
46028
97597
95007
36123
81605
12525
87142
78079
58996
98361
68736
75538
45115
55499
64991
29535
48550
2136
71271
72846
30426
97967
89017
54403
30345
3094
91694
46953
79899
63029
75449
79842
64374
15027
77173
67916
95061
9773
60449
59614
42145
8706
67585
76905
71174
54635
96084
9519
779
94901
64340
62137
26473
65042
24523
91685
39019
55337
8138
66578
45603
83404
65019
37290
80481
35945
42953
79767
87034
73534
48251
69369
17143
18668
14612
12346
23106
10306
87985
51485
48475
43320
50763
49364
26210
40422
69885
46989
81750
23124
64316
53144
34968
21755
66493
46673
83243
34365
15711
9293
63652
74507
62458
88749
68203
67001
36332
14129
13264
75708
20616
32345
61760
39287
61
44267
9527
34144
41314
16973
33735
16237
6170
65004
42314
30952
96822
59708
23953
97712
99779
35227
80389
65811
1126
72615
14753
27059
35070
79275
94449
41764
6865
91050
75835
18531
28185
12815
3461
71461
29651
75482
61667
97400
50968
74616
76794
51314
46774
28043
25691
53161
78734
35701
65134
19363
60929
26613
81290
60881
31985
33300
34699
64397
38078
14277
52375
5871
66820
3343
21493
81640
55390
23804
27315
82866
1672
85568
78745
72778
52210
41483
83718
78543
4727
19097
39992
7681
72095
14353
4637
40189
51915
65208
63494
41298
10970
67542
64313
13181
88615
53945
24838
9720
73701
3974
9012
78678
68498
92023
47115
11652
39058
98730
52894
73110
54312
59393
89582
87336
55099
78897
85687
26063
2110
91415
91909
76436
86173
81038
79197
77300
4316
53171
85241
12512
32059
99803
63879
3130
78638
79106
21486
68521
40811
37289
35200
476
28036
98669
94588
61754
90245
66837
76864
53076
28018
34297
3728
4683
45611
30913
99416
24194
35612
60653
95701
82147
74000
80021
1613
61634
70312
880
92650
27142
18853
7256
96530
55049
41655
889
73669
51111
62268
70112
85213
38731
55135
38606
88772
36024
28411
76985
37987
90232
31225
67991
31361
85126
8326
1721
41082
75930
51006
42901
93730
26792
26384
22924
42382
95819
26636
57653
55200
80102
40344
53791
13935
30511
27285
17627
14177
58853
88795
91602
89460
26776
61484
65761
27379
59741
26300
72101
11421
74063
32836
62658
34837
57664
82066
4791
49915
27112
29532
59288
93485
49780
4530
40559
48305
81042
64413
21394
83283
52918
89113
58790
76313
66818
21353
62797
47016
14139
70689
41027
87084
26581
68375
48314
81021
54478
85717
30641
45497
7656
56331
27007
73462
45300
9037
32102
86610
46243
256
79670
737
81859
32406
48287
17541
30580
33676
89561
3
40228
17256
2109
10865
13807
92888
49468
7910
14678
38308
92845
1065
26894
17788
54881
72171
78297
62814
74441
15480
34609
76573
51636
52639
62223
51731
46284
57711
90030
75784
97674
99913
70787
47418
51746
63274
79705
48871
6741
44518
9050
72914
45786
13120
64199
58530
45241
95530
95746
52924
4203
12602
2920
49911
53160
95053
14252
73491
21620
10479
75529
63457
81138
75891
87585
28167
60645
93042
61800
60156
70210
24009
80675
2652
39990
15269
16919
33849
49624
91837
91583
33993
61069
43322
44976
2227
15060
68900
3079
65124
31729
14295
51766
63220
18906
67497
32361
78578
73226
85130
14432
26597
36468
94088
75731
10903
1078
39851
45955
54015
5755
45410
93460
32071
60816
5893
21355
11038
6135
51716
46496
53178
57234
11766
45371
18136
20597
63179
45078
80891
38530
57870
22655
63623
25652
63912
32484
8459
59926
13226
21913
3808
74966
67159
78242
64059
76605
24415
2876
78781
67926
63621
2437
60505
58114
17296
4983
78315
38100
37273
84064
10968
12211
30575
12294
36834
52215
39891
7032
87230
36209
10714
8118
80495
69290
75871
90630
76918
24385
28015
93301
87912
98749
79397
44314
94524
65882
49242
64565
61053
63883
98137
24155
76188
25467
68734
71603
51983
44762
40338
73102
31127
26162
62710
40132
58004
10329
40569
61524
94162
91980
55307
34341
74034
63554
78660
91399
94497
65918
36581
98805
68300
61151
82705
62883
99425
29903
91161
17158
56979
68291
40439
51727
80431
21416
99891
62440
20848
3629
1944
31406
74202
47670
75584
59984
94858
17358
42480
1416
44747
11995
52224
65117
70862
10865
4921
84813
82262
36333
57466
64398
193
84954
71434
53209
80917
75332
30624
18591
11946
11659
49450
3565
74282
75002
70159
53751
42076
62595
67860
95363
15103
18918
10459
49163
93508
26801
49960
74165
58569
83829
50707
53366
77845
21626
35985
72071
57267
38981
34182
7317
41304
34295
49440
91043
97909
15812
66608
84775
33670
69508
99388
56326
72042
51940
9515
68127
83959
21615
89933
80260
23353
50147
81822
68883
62637
68679
69252
21198
69921
39011
14481
40855
50211
44009
34299
52565
54106
54644
26309
83151
33530
63301
83063
18602
74416
94086
35645
3662
86763
79266
29292
43628
89523
78832
3770
915
90003
30111
11822
87734
44429
22449
29868
65425
89599
21150
48029
71854
41443
54525
85734
16832
27276
54091
98442
41075
51238
16221
20474
64340
73658
67807
44621
6347
35279
96373
73641
97985
83452
21862
40663
53796
84174
71187
8518
14951
39716
11721
51451
68897
43262
52585
20736
63021
7788
44417
77092
67021
85783
1009
78372
83541
76610
27887
45897
44841
36052
6012
44870
48918
86103
88727
66680
82171
8342
37413
10230
66172
78483
75375
22349
31968
5828
93959
95501
54181
91273
51476
33213
39304
55677
69382
58023
75860
20065
89403
56377
32703
85025
92642
70130
83110
89997
33960
68827
70500
46751
22210
392
12357
4178
50542
29313
13186
50692
45268
25085
88963
59230
72614
64020
71019
6009
3768
31129
1101
89828
60494
81251
58553
20067
55089
13483
18191
17531
38160
2359
21724
27810
22742
21666
54411
94242
95879
95648
6622
6151
75979
53171
28038
98261
15494
90976
3223
75784
50162
40804
91966
89076
35002
40949
39738
93442
12958
46498
69147
48230
86215
72245
18740
47819
84705
35271
319
29577
57314
56627
58537
97676
69191
21344
78832
19043
29649
81256
98638
31456
47393
62551
58443
26970
58116
51687
49705
57381
225
328
94571
33276
55267
64640
9209
2392
5133
42609
72708
67958
87316
38473
98778
72406
52628
7319
12746
1908
76218
22135
91662
18286
16988
93445
15565
14575
33380
92904
84286
69367
4642
53495
670
95066
98071
90148
10282
53467
42758
48159
67016
44102
3686
27262
13477
23212
73237
28505
79451
3523
45917
60619
1898
77124
1902
3795
70862
91419
52941
14642
85942
47032
2264
22646
5398
53565
60988
40806
99778
33478
70926
6670
32849
21980
66834
3845
77058
83546
83346
33561
89391
43194
26438
32879
67703
6006
78300
98196
68105
83998
27444
96102
86730
6968
24423
78887
54317
48498
9182
72650
77878
53830
43178
37792
13406
4624
89598
20747
74863
98629
83280
5513
32119
38621
37007
8296
53068
27123
22723
60491
15995
83346
65783
64877
27252
2633
53166
8883
40091
88174
59192
37017
62565
37020
2
81431
85118
58410
18752
56390
41530
73553
98096
97985
85565
58573
10586
66021
32880
97609
246
38808
32151
18950
45713
57540
57086
96981
34025
40117
48544
23005
54628
37879
69930
76506
34839
63942
82510
81531
36426
40489
45292
50766
95725
88097
59173
66520
38304
93909
65188
54099
25367
44577
3445
50280
36269
99849
93900
65783
90366
71220
48272
96965
72545
39828
15077
16407
56014
74061
82852
28534
99149
11094
65635
21207
18862
67957
58415
44417
6299
34363
72576
74998
74029
28636
53488
4984
50975
83547
48159
85481
69325
42113
28107
15663
36131
25093
53763
84897
59442
90160
74974
49869
40815
80329
70714
27450
21767
6303
57210
97914
28592
45217
31296
24659
17538
75530
9608
21695
69483
29796
53023
393
13178
268
61533
36116
57426
76986
72525
66224
34279
96614
33672
2844
49272
14653
22178
91859
92737
54526
26584
29856
5322
63789
78381
64312
50498
24092
97715
6885
16697
43211
62164
4131
19690
5307
47391
54124
70179
72486
12225
45231
90542
75646
40345
89735
91911
58347
19677
57398
31664
61161
80029
24476
56843
2597
87901
7857
60173
85332
50214
94227
45079
22523
48713
38711
43884
15099
54963
69582
16872
8203
61648
85553
92462
88143
38664
19365
51164
53012
19939
1247
1771
24110
24794
80256
79716
76117
63913
93114
3508
39287
45789
13756
23199
36654
93393
82141
19322
28910
66891
88164
92143
27307
30875
31764
65380
57014
19490
65353
75066
47193
78933
47796
77345
83099
60683
55013
80081
58177
92415
34878
32734
71458
56108
93595
15180
43133
58594
57848
60612
62390
9879
81473
29992
6733
31570
38940
7848
91548
94603
68273
20498
76763
38051
21270
33657
55616
86061
7926
97566
86466
35342
13440
83079
78844
86429
94642
5718
78393
32356
71539
83563
2092
26179
7787
56303
79974
94402
89573
4570
80146
30659
34660
35705
34801
1581
12999
70528
25383
56683
12919
6717
52140
74074
96368
83113
45860
17099
21751
64913
23327
27309
27001
92775
18978
89053
74339
71375
87426
56255
33352
95649
9821
23371
73522
67006
9908
16070
14438
59926
28554
66618
78028
68983
36038
70181
35087
50522
47769
71081
4636
68842
18804
64215
92185
68580
59417
41259
96379
78377
14601
86343
39637
9065
65766
53333
80296
3229
4386
90296
17037
86003
76031
18218
95754
5612
10699
56778
98464
35119
23651
26194
88634
93596
33677
72333
33257
92938
15520
10930
22584
57230
77824
69686
40101
46934
29585
69415
44764
77974
76491
62776
32403
88723
12648
88028
95500
61671
54705
40549
24538
69098
54049
35493
41232
88432
8153
23441
82007
21257
44840
23217
10338
49138
75372
53767
64675
9454
75923
89621
56467
78558
10886
3997
32986
47574
49270
88552
5480
24416
86120
36396
13507
52620
65196
17694
70416
46839
3923
25937
26935
81141
57285
72738
98269
96056
32375
93539
80982
23229
68331
28993
53460
86183
33220
82436
76916
44566
35618
35879
55060
1458
40491
51489
1038
32233
89104
35705
20737
53708
64495
56912
64249
58648
26123
25668
66755
77046
72207
36614
65591
84318
35618
78604
43727
10537
36494
18178
89728
67461
67311
65837
16643
43761
95115
67229
10345
29911
60846
13623
42496
63596
26272
12254
89370
29586
84896
77806
37924
88868
21408
52383
30332
33921
40363
84195
69030
60381
46012
3531
78819
22649
21943
50675
62710
92405
52833
914
29384
95306
42437
38921
10381
45397
49616
6740
36129
87507
30799
91623
17050
33362
68086
65552
26572
17790
62286
11554
55815
71622
52911
32456
92871
74217
8469
95800
52943
77546
87163
30524
28011
47607
76456
86791
92182
86669
52858
24199
80115
64192
85552
19049
21582
12727
38524
61471
63454
25465
18514
56536
43150
66053
21846
75176
2504
59456
37337
66240
78554
31929
65941
36443
74017
76254
57320
67298
5454
27090
8254
98872
69333
82385
34899
81895
54722
18901
53017
37815
77104
7319
67983
72690
29791
72472
26353
8884
46632
64973
86870
19650
59370
23611
91521
18811
76799
86304
58985
56999
29129
86634
68482
43111
41884
50079
38379
19769
17219
1397
88688
88294
13367
46642
42540
66154
96735
41154
64226
78768
76964
56443
39872
46128
37357
54588
21085
12686
39080
3000
33051
22886
19834
18997
63866
22864
64283
18504
56565
4032
9274
62742
73518
30305
30610
40565
5307
57097
72191
51584
88879
13007
40660
78814
1227
98369
87884
68327
4469
14363
37006
56926
9815
26089
81954
77576
71608
55650
78646
47898
25840
89119
91436
81230
70972
82196
44233
12761
13160
31150
17658
71619
82157
20047
98198
57133
4321
32225
24062
8968
8611
68263
14442
27888
98087
36378
12161
11341
98486
2965
59164
45401
66804
61655
5533
2724
71073
49364
29251
86167
26856
73356
76648
29490
57542
67189
25690
34069
19371
33419
32487
23821
69560
69784
97973
60756
7615
51068
70987
51528
63193
55361
28497
15248
41527
25880
58944
97347
53199
43878
65787
82331
57171
28834
9874
51731
65492
3205
11276
52189
61802
28618
87030
47809
90035
23744
84370
66315
28118
1731
2109
11270
41125
54258
18918
50041
16778
45053
68770
74136
7889
55751
52814
49564
11288
42868
69758
27867
81137
39393
79864
82809
47609
15027
74552
93846
82765
87652
75375
51202
49530
93094
51079
94630
37108
90718
15785
6802
10189
60865
67863
76308
41385
79474
33665
66067
8662
61311
30715
35995
54079
9444
65272
99105
3989
96633
33187
14591
81201
74242
11743
40913
34702
73668
43414
51832
8669
79012
74952
20010
68770
2015
85388
47935
63471
38202
46592
57795
1684
98920
82277
20929
4799
39047
77016
77452
95592
39482
56507
39011
49759
45839
66942
45757
2702
44095
15360
57899
91221
96720
76676
19996
26182
49292
50694
18218
74409
2143
83615
45985
9603
56979
81092
25188
53902
67140
41884
37297
29992
61883
1588
37181
29945
92032
67758
93170
35940
31979
13462
55512
97849
57821
21795
11041
46120
94935
46843
54167
9435
25457
72925
57882
87129
68306
48388
15533
94570
71375
69813
80665
11808
13926
69666
51077
35902
73448
44533
51219
4025
96569
48219
88253
15787
91514
23830
93873
4482
66957
91160
77633
68797
72070
13726
18669
26257
82323
27396
73579
5311
67288
67455
61042
4797
29929
61959
15710
37109
75130
41701
80716
21340
31279
67537
43819
59247
38570
95049
70624
41486
34327
40603
6422
56678
57138
44307
10151
49208
61398
72297
35339
3585
15575
97066
9647
71575
56568
66892
52708
1550
34435
57600
90642
74491
46372
24595
21149
61379
78622
63499
48749
66183
76047
21782
9646
85681
3011
51553
80168
28040
13538
87999
78134
87360
99866
78195
35753
70096
52918
34356
89420
802
94087
85589
66223
65477
22691
83212
10707
87971
71589
57053
77027
84115
98223
35775
38174
25735
30946
84091
49488
82747
25044
61236
92841
10382
20528
63394
64559
36545
80766
25675
44016
7125
209
65629
42145
99176
21759
92441
79717
16386
33149
84675
86908
87934
5496
18971
29232
22880
32250
3830
7347
19028
16885
86649
79905
17435
16223
77768
9785
11383
45375
66591
38755
35209
22083
96293
5033
70205
24613
63920
55939
5719
69336
9291
80808
62525
44078
33921
15252
83479
71619
37703
31050
22312
44468
56465
1441
15143
51176
45747
15851
46171
49483
62683
869
13549
88770
55623
91672
30886
53032
67135
88139
52431
75267
76215
77414
60389
80201
25592
90988
37344
57649
47425
97889
64259
51710
78014
62343
69362
63488
92512
9270
31068
98228
60348
81120
47308
16870
32450
29616
38244
38568
96138
50300
80714
33835
43761
47353
96355
7071
41991
92558
36386
20203
36936
56163
13985
5230
65521
89102
8888
61780
74683
7571
57216
67772
76181
47894
10647
59584
48603
22846
55433
74779
15750
2242
40306
45479
73513
25159
69736
65857
90411
77758
7912
75150
28830
84576
40684
26592
50674
61244
52724
14424
31908
46545
14829
91348
68372
24737
15567
30514
13537
64443
10430
59306
67681
38389
37038
71496
43592
73393
18872
22326
72025
87727
79956
31594
43777
65906
8301
50485
84566
85269
80294
53938
34793
44539
41882
70655
35234
33718
93207
62950
3159
3678
80728
70772
56616
50374
47054
54039
27304
38726
2681
34303
93083
73909
19920
46731
39294
11669
69636
8778
26487
3193
95942
90181
76487
43255
26231
46051
92281
21221
5137
9481
35634
62872
60450
37987
64091
65831
65340
38907
37726
58379
54402
96750
68534
25400
84614
41266
4377
16652
93312
86731
31157
15520
15712
69678
89731
85811
67509
75951
90687
90352
39257
36343
88847
41902
38453
19769
34639
90424
4377
59267
53084
44444
18434
86095
67932
17723
41893
25207
4527
22717
68508
37405
89303
93777
93677
42957
78887
76117
98628
20758
1344
69814
40987
22195
61942
76536
22185
51246
93663
53373
20700
68089
84942
95623
90318
24901
85873
84093
38962
47088
69079
98845
96117
39789
59612
18465
9953
64301
66789
57867
