api2_id
17584
76572
31020
19753
22123
4899
59720
32524
62260
47198
35196
22444
91669
12778
72386
53681
13750
28650
17965
64937
86591
2291
50965
84429
39031
11535
24024
20492
48117
17253
20628
52726
21994
6385
72871
91017
94852
49618
81982
19646
26476
49580
68817
48692
81516
52386
27148
63397
83211
38393
7596
47903
40723
84033
49912
54315
63086
15066
50903
91926
93576
65201
75254
44708
38665
59839
92029
32874
99223
87129
13457
53437
92675
41359
37630
87407
66760
90125
65458
46853
20665
64191
11954
82195
10656
62093
75475
42060
83644
97546
36539
99345
68145
78590
28898
23181
75117
91259
41079
59699
30777
79715
91046
41911
28725
24900
45845
83839
43188
14253
73751
6029
54624
46933
31262
916
92364
51555
88270
24240
34800
433
92102
22997
35161
75227
11225
93366
46463
81786
25836
90945
96502
78275
58998
51562
8249
79517
77184
37524
2671
42265
58156
69370
12294
10929
17922
75947
57370
87940
88144
20278
70128
12588
42758
20659
18696
38220
40816
49340
84441
55828
27862
42468
54965
53398
1541
81585
18708
61136
47961
7583
65479
73932
5030
12455
51444
80569
98359
90584
16184
30607
27987
26105
35504
83781
11452
32405
16391
7286
30644
65848
34758
54949
2447
81557
69483
77125
84575
92157
94865
53942
59040
62572
61155
34252
22310
23219
14689
82825
80812
71907
54655
19657
79878
85431
5968
69415
20098
54077
47818
58541
37748
92700
83572
14624
76819
95130
90726
83491
28332
16781
76650
41635
17736
43349
88524
10196
51850
55825
51642
43541
86616
77055
18510
38842
16705
57316
32081
49717
30447
99576
61156
80981
61777
56183
53765
66004
21357
41825
67648
68581
81570
48694
30523
77101
77985
6571
90428
41333
63490
87636
52461
25501
35457
82179
45466
73385
14377
96163
72102
54253
9441
55497
1431
65355
35062
76684
44735
9339
52049
89202
4122
94883
96584
95626
72020
55939
6278
51169
51986
7747
88559
81040
74287
43722
71464
40417
71455
67265
65530
13598
12973
30364
39577
8076
3861
62792
47018
85847
67409
67139
56784
4718
33715
28876
26244
34728
60606
87218
4572
76892
1999
22471
23025
92273
64792
40534
82159
38554
50467
12322
33176
40725
91764
90827
29907
87314
606
45251
8259
33571
99154
75667
76396
24274
97230
52182
50065
10921
26845
29591
64565
67134
6290
92995
27226
8407
57828
65144
78179
38612
80937
48032
2919
7590
81227
54588
320
27317
99365
58102
49962
5050
35934
2463
47985
58778
29098
261
63989
20919
64333
12626
88978
94152
69011
83793
95783
22576
11117
51968
61910
96224
99993
45591
43686
5626
29358
41530
86110
39980
26056
91519
88365
41132
67672
19826
55460
77418
10805
72978
37019
41630
7226
76988
97497
81023
48443
80740
12707
47902
61359
21343
80157
17899
17140
66278
42448
85178
79358
56472
75776
48874
38002
23894
79459
42192
57609
95870
75323
38007
84654
30320
14579
27381
72892
75969
27436
32119
68802
42065
87773
35368
62874
54093
90992
67914
31571
20775
59797
43217
67768
22489
90534
44213
54463
44119
87728
83430
62163
29872
56298
21852
97683
39338
47928
75795
31426
45387
56536
95993
36148
48217
97957
77599
92140
34425
42521
79731
62841
16005
79819
57209
58082
81895
94725
8021
52694
51637
92759
99822
83599
35722
80708
31148
3079
64742
40576
67867
958
89521
56219
79378
84550
76188
44468
95101
7317
93727
85665
81205
11914
71478
83969
4614
54724
52455
17212
31904
42122
35875
30442
80991
84824
41671
30505
64128
65667
86881
52074
29871
662
86092
47558
80316
21300
41860
51009
47357
48448
21962
23526
6464
93042
81670
23726
12175
19726
51891
66091
36268
61144
98853
63337
75649
43710
76578
75646
45680
39418
70852
89021
37326
43675
21845
85530
49166
18900
21810
50841
5388
54016
25490
34512
19001
94218
30945
98095
67910
56229
1104
46543
5190
86546
30899
7287
40358
31130
11365
67227
31870
43510
62859
93731
89298
94258
89405
18627
91890
38022
20489
72148
9554
32952
65386
97829
62304
38308
14586
93831
56672
78650
87980
14924
9770
73575
54479
9797
90074
71000
24808
45404
12701
28688
20763
49212
55380
71327
56361
94368
72153
15860
67519
58544
76499
50494
98536
46315
30044
31506
1488
8395
11488
38061
12909
30711
12391
80657
17113
90402
84983
67994
6671
59243
74506
20914
94646
10819
35155
37895
17531
57868
6019
11095
38439
76622
71767
51010
27484
4087
12547
41674
99612
24235
49563
53330
64622
1869
65688
84121
60083
14891
32837
21206
95656
42955
42632
48133
50885
57799
49846
53375
78821
35688
41079
12156
21281
19494
77451
49275
718
55817
93400
47195
58366
80730
50645
24795
21088
75342
35453
41283
8178
78742
80222
60991
19372
55247
52963
88725
61121
56011
54108
96726
16098
78429
88681
56693
92469
24094
10244
16919
20381
84360
641
62085
49437
13828
90353
91931
77381
61925
32228
97824
15725
48368
48273
53437
12394
3762
97998
41318
9109
70373
69875
77650
69373
31265
52081
9684
29815
12556
52352
66673
59663
77426
99747
11357
31424
31623
20952
57704
13264
37661
67345
12793
98163
72808
86302
30186
45486
23797
96124
60669
63440
76823
6383
74986
13918
16477
31738
55093
91715
76145
32137
63857
58083
61993
88274
93616
83477
21365
90768
54433
85963
81036
98570
83589
32514
86874
32435
38088
78206
65866
71046
11764
1993
92340
65007
2450
92581
31017
6750
10021
24213
90963
12359
56995
98271
5589
45753
44234
18847
27025
16729
36201
73019
48971
59690
81536
42884
13522
56162
26128
63095
29420
34430
59000
51963
28128
74132
90749
95706
73324
79270
82160
42173
10255
36429
40334
57901
27812
34564
74701
67111
23788
97661
23071
68076
93954
38834
83903
30644
39960
27945
8362
99878
40258
77680
12278
72328
14019
77057
69755
7044
951
1173
42673
15568
81461
96893
54759
46845
2393
62651
73470
89689
97483
55550
26404
38583
10282
76113
73704
67386
86511
92062
89391
4308
56229
28495
53611
62782
67402
95741
47501
55600
86459
82412
8407
97347
2472
40556
10306
40726
61848
26074
51087
93062
17638
30990
99752
26913
6143
89739
96765
54692
26661
97809
42650
48834
97360
11664
15221
45641
31344
4051
30256
73986
56660
24630
5117
4877
99915
29366
4349
21029
62331
93603
63495
53071
93472
9492
6493
86440
59513
48878
22950
32026
25429
2570
45519
55122
55425
87188
33396
58830
60960
19322
65703
45366
52600
44830
39041
898
81505
85372
41006
16738
45568
22708
5503
10095
71119
40468
25130
81070
78066
57202
73779
57909
37560
66676
69632
8148
15226
62126
57506
24283
15995
79552
55858
84471
3713
55500
45630
57177
16113
97644
50244
45949
83062
29293
45111
38485
43779
8369
48863
55499
17280
50761
81118
3700
1320
33564
79697
24469
41047
26871
74703
62728
82459
36409
65861
69232
2379
68087
94811
48194
81637
84461
18407
26003
97643
94482
15390
86471
28848
35526
32530
90998
48057
35082
65746
28889
93636
30339
71026
2508
4602
15659
86567
85885
89335
75339
64834
73248
88824
45738
3871
63527
55248
20757
18398
82382
59280
1668
82229
67827
65255
26792
15826
39980
66521
76784
72628
10039
54731
7235
88971
2104
81576
43813
9854
66651
95191
94032
26615
86002
5626
79949
25397
32721
52181
18070
54299
70749
40061
51245
56777
62427
66785
50001
21732
22766
9589
94548
67741
31207
6673
67527
17368
74441
38895
59545
7893
67351
86879
69951
87270
99029
92773
70998
3741
98925
44436
11677
43205
97058
84390
27096
1972
42670
9451
50062
34504
297
64688
2663
80941
10780
4256
42625
40548
36812
28962
76131
31072
30212
82895
97787
11950
99466
14304
33916
93033
58556
40929
81451
2687
43704
49409
29082
88704
77280
43873
36027
43456
15823
89934
13775
57114
16344
27791
85090
74260
87409
40401
71970
8715
56514
88855
13174
10180
65504
95689
29237
9224
86750
38968
49384
52499
87472
57743
96145
69662
87387
7645
16149
50860
63940
45970
45152
41251
42088
46232
86399
4831
95618
50048
68418
24178
74529
24280
67382
73631
30594
91611
89261
91588
86366
94454
74960
71596
93464
89578
78948
65871
78854
87329
56596
66903
45063
31461
65538
47987
39938
21651
99260
49422
85453
79746
45266
62227
57181
20523
24914
17980
7548
8594
23396
15004
32597
4317
39831
29195
202
99540
49418
18225
30187
38154
59645
85216
3233
27923
11934
58843
47705
29317
50935
47959
33254
66125
10177
2118
874
34387
42466
29429
42551
54871
55832
638
57262
39948
53706
35386
74373
62844
53114
88557
1496
80205
73518
64433
99501
63873
42667
28496
47639
16489
32724
84290
52183
87197
88344
53885
96998
33728
70123
46402
19972
95564
58890
47571
86857
93866
29187
10270
2961
42059
46908
31934
54957
51159
24316
20221
46175
62988
26539
62561
8666
31875
66658
67927
23040
36957
580
83501
41865
53398
370
80325
57781
99969
46017
5166
81761
54117
60245
72146
75370
11714
22157
6672
60978
9296
74493
9143
76408
77495
21711
1493
91666
48854
2005
91014
33456
26963
12672
75366
41846
67402
52981
5932
17082
34497
36744
8467
38307
68040
42616
75019
81903
97042
99692
18117
77707
99043
91498
96740
58630
25596
85961
84655
25628
90925
18647
15800
69283
25715
77968
92903
41740
85855
3921
70836
79251
54415
8504
14714
92156
56089
86077
27446
28253
20008
53008
6204
29547
64655
38798
13101
43132
64382
48302
33165
16495
90141
30897
43649
83125
96763
22025
54881
32460
90899
38150
97671
75688
79532
65339
62762
12384
57753
62783
80136
86303
11837
7695
25259
80943
83772
31002
21789
8265
70282
90651
44649
95935
44881
9312
69541
24659
52463
50229
38704
37012
42217
39233
7444
3857
77654
91319
42222
40262
41312
82089
64309
27658
38548
62800
31507
43777
9893
23987
13902
79627
38846
43431
40736
36389
34530
1757
71326
34211
93056
13450
87725
81605
90597
84902
65285
71271
89211
49470
44333
38165
44144
76887
54439
3346
85864
6753
46580
33347
59471
17010
97413
54051
41957
13760
49810
72186
84813
11756
9874
93597
14889
69584
5664
54906
39021
53666
75987
29473
63977
41458
74576
89034
23427
94475
50384
23043
78197
35675
28073
42270
65960
71766
83361
49169
50167
98765
23157
42766
42000
8720
18865
14997
50859
19590
12781
31112
24023
87850
24604
76047
16198
64678
54891
96200
69894
930
17588
76015
7472
74948
53044
64589
59233
41433
14175
96159
68472
53
4642
13119
21904
15608
43111
23326
44177
61291
66066
67113
64376
10593
53276
39458
10846
67744
21801
46696
26710
74365
77566
7496
67810
53376
50374
93810
88279
9072
40337
51473
94961
34593
15109
10581
67836
870
17660
99954
28915
92589
43060
6301
47339
24267
29296
11711
57003
29492
81243
93592
37551
37661
89131
24460
99004
73112
71561
71744
99454
54823
72965
99471
16075
34127
33442
39375
30078
22907
3186
92945
86428
74803
52833
44568
80178
10959
72699
78302
22705
77956
63264
25095
84281
67045
59464
89094
31275
97328
59135
5073
59967
45069
76268
36895
1498
78618
45876
3116
9582
68454
88337
37232
12786
30187
3907
91398
61944
64736
59058
56028
8834
34026
66184
32662
74861
27197
5338
81308
77782
19384
89049
72694
73752
16842
76123
54534
51315
34128
1750
83908
96655
72497
43203
33776
44560
44580
43591
90708
85050
98613
20060
50014
75479
53771
61053
52750
17032
67443
23181
35871
23644
6537
54886
58736
67870
69881
69544
82553
62798
12347
12136
87648
72042
16657
5505
98442
10521
28760
77914
60565
64303
72565
41088
32010
35311
21651
33678
17295
68162
3448
32471
94844
85807
89571
75872
65603
10989
97960
99781
20144
31485
21472
47901
38668
32647
33233
14189
87799
72025
21745
71053
93900
2658
9784
57629
23428
64460
8635
57623
49465
49416
11679
35521
49873
22973
90913
40690
5785
90974
95645
15571
83984
81272
85859
45719
94430
80215
16331
26076
13898
27921
6498
93095
30719
89167
3159
65808
83833
72288
91246
53184
30155
47234
62862
61864
45066
1401
18716
61142
18786
89401
48542
34005
62586
21717
72152
19455
6316
11698
71962
80652
73258
9646
99335
69907
63885
93388
29396
72359
77898
49231
41299
42195
97369
51164
14560
45903
49103
87664
48979
12621
57181
12945
12560
62525
45266
96567
40553
75067
9446
55810
19298
41422
95691
94658
53581
3358
43331
38397
83079
82810
88123
9738
2238
16082
57525
98097
14097
45352
91268
48284
8027
92383
68258
36195
5404
58578
74320
63218
61843
74336
506
33186
31732
62999
55767
13676
12967
88450
88667
22723
4275
54216
74887
76123
70903
84599
50652
31661
76778
28568
15030
66884
29038
73530
5060
66450
39241
95607
71506
33202
92334
32208
76829
74724
1229
57629
66922
75018
41546
96071
36196
59751
23065
754
75309
74037
82380
42284
79484
41955
22132
42095
78871
73786
83407
41887
9841
79151
16819
82504
94378
95880
44561
55091
72431
59760
46809
49741
47608
33192
28964
12239
22177
6452
45874
70450
67273
27502
86387
37932
31135
8380
81442
17877
43674
36547
80974
997
44449
19143
83898
47910
39660
41558
65002
38707
33378
73722
80276
6951
33062
70340
55466
24579
18800
11924
49113
92064
78119
11463
44542
7374
2287
83589
80738
97693
38341
22408
95646
9334
67894
11974
99881
95024
66685
31050
53465
53636
23518
242
78261
10995
75973
68273
52510
10453
9945
48674
87942
48615
3461
78048
75980
92183
25770
18663
32028
22043
70628
54550
11334
71609
74787
95198
32629
75585
29912
47012
88710
47150
89661
97184
62281
66359
83120
16450
44768
81499
98142
20483
27564
65649
64005
50119
11496
4682
21838
91584
24463
14964
17367
29375
44636
43452
59410
25241
77383
37287
18747
4327
47945
82790
74044
74486
92955
94943
8229
46225
4010
76016
64639
51950
92379
57512
74876
39535
55828
89216
21741
59266
49341
94618
52730
5195
73774
50377
96710
36422
56124
11104
82580
5667
17033
87315
36325
85723
7963
41341
30136
55870
63329
54190
40264
57647
95295
19600
62948
15305
45483
74083
48062
65096
58947
94819
46299
91052
6143
59698
73889
72108
95748
78227
10501
96685
49228
55041
41304
53386
80513
47289
44418
33331
64489
33
66944
5385
83313
69437
47638
41510
78034
91696
64582
47624
59429
85876
15628
61610
20138
55754
37219
57643
85617
42288
5981
2409
93395
50763
15457
23660
15090
11623
25397
83846
20291
80166
44047
73722
14382
52538
33441
60903
6045
65091
77842
91666
90704
6449
70788
37787
94184
55714
84475
90962
30021
40923
91807
78850
15640
64521
34732
13105
54715
15414
70872
4448
14401
31253
68228
83920
92615
49690
76961
98786
6822
43818
12254
91828
97586
16748
13585
64820
22762
81871
19608
74598
34585
8267
44238
79310
94561
47287
42490
33113
52109
40616
49168
9642
76583
68131
87287
3952
40749
19419
34798
55954
58197
86364
31720
67368
21972
7535
70842
12746
81729
98693
29806
99142
4665
70112
685
62606
90871
75408
53686
50389
13758
71056
20391
8603
85067
27181
67396
42931
61391
624
24179
65810
27298
79818
323
95068
22857
59525
17839
33336
41211
21167
99667
94624
87486
46461
10195
81065
18245
41927
66009
7534
23962
53552
39534
63365
90575
82149
66282
39846
96745
32592
28014
71210
99618
86459
76125
61239
39008
61939
16629
30913
69073
44859
51211
93530
34715
80356
97547
4069
50724
7967
43653
68940
72109
26444
71349
3399
40225
47668
18358
55347
29869
4807
28994
63449
92070
4588
99791
27246
66260
76561
33073
95804
61076
4248
44655
48380
38573
41505
92308
12051
71679
8741
24337
98932
64964
98256
63103
59276
70083
46066
89618
89198
75942
78937
88298
21891
25026
22319
78824
60296
92190
86655
86845
93674
74503
13481
44761
38536
1978
27329
86097
94147
3980
98696
96420
69471
6586
622
59691
93453
76855
1134
84077
75780
3923
94564
72685
43955
89379
76780
59699
63035
63025
42150
38867
11921
56820
28664
81128
68293
33676
21124
34540
21666
37683
96808
51961
4891
9953
75440
61749
41926
66246
91685
59094
67739
89557
67077
39627
1907
75334
94366
14875
29446
66621
27947
1802
46149
67399
53229
62377
7386
64957
30438
11483
12029
63407
91872
71552
53724
53665
65065
57945
25393
94847
29056
30533
18611
10224
47177
6065
82401
60208
25470
42059
42374
92959
17248
84600
40451
28198
59664
36871
2878
81076
40986
45800
56496
26047
86140
66228
62665
16940
69284
32041
48296
17110
64227
40925
46651
51459
91255
67996
27947
28901
12238
63223
63042
81624
13838
13824
98091
30544
45945
17416
76635
65598
99440
92071
48773
76748
27663
39944
97859
66827
70158
560
17780
25454
69288
7057
51965
80787
1256
97565
94645
86304
28679
68530
47061
29760
49061
75404
52552
87202
1447
86308
90204
8594
44697
42557
69249
11529
47836
68194
88679
18254
15132
26858
23434
68351
46244
88841
83590
90177
82295
2059
45434
14127
64292
88604
14465
3606
12659
93098
29951
12862
79729
87770
41366
45926
82105
17183
81505
87123
90589
36212
90680
90871
75592
95390
20385
54923
94441
82760
33990
66944
23259
67856
17642
33673
24407
69885
12484
19769
5788
69651
32116
63521
44843
75688
55768
22985
87829
84056
96479
72231
57946
10943
35328
22184
93975
38093
38966
17794
64820
41426
29358
59444
29692
13630
86912
52314
17955
91236
44937
73721
74402
11745
17837
57453
66753
36784
72910
37122
87527
78137
79034
64401
65535
38981
97904
29714
37075
43385
74338
89264
36467
71308
50303
82272
77387
63210
48054
78409
99931
93817
87893
9547
29918
38271
29135
4841
45775
76446
62102
40562
28284
76506
45132
86094
95503
59602
2554
48636
69305
31275
23723
89871
81202
94013
82017
63966
83438
47425
40576
20662
37038
6482
55390
80482
66646
36411
84625
82704
63261
18889
16286
61726
705
63671
18167
72001
227
65933
86659
98364
85663
90087
17899
99442
73573
96483
70499
84049
97236
53339
496
72683
74234
96448
59454
59498
82192
35049
53513
40565
98379
56760
31518
74299
50895
37257
88969
54707
83869
68850
41969
77761
60577
58531
25635
14638
46047
42052
23186
34485
15852
26168
6026
99328
49783
49368
58044
7569
42403
78788
37188
17352
75636
87151
10544
85937
68676
7853
29242
41152
553
52961
17957
42352
18817
5243
40844
33900
51912
57485
72180
29838
39509
16456
51319
2294
88741
52000
76273
74746
79640
5875
45263
89374
71951
3137
58740
3922
81299
61450
19503
46119
47736
41784
685
4689
79183
59525
95995
64948
37281
83797
7063
59378
6979
65790
84162
77392
44408
41827
86464
53518
65166
19596
15182
37787
52510
22784
59429
21344
24688
18589
2385
12793
22249
24006
72254
58871
74612
86546
50045
72280
28038
66630
93375
92415
67790
69088
34096
79595
69262
34655
19617
17413
95654
92873
67382
63537
42438
61644
26070
53363
97003
53831
51189
22418
32282
80667
88023
91867
39390
43383
34616
35456
4418
15967
87568
54149
99680
36773
37411
76650
73735
1099
4802
38340
39161
66689
59149
71905
61886
36397
56923
35555
71034
81586
38754
27104
57242
44850
67132
37375
88790
56877
91080
48955
49001
57980
24752
21236
29860
92583
85219
75067
98154
37625
54461
99420
52408
3747
20560
47169
98318
50902
66617
29436
8828
48643
4633
81766
37091
63357
90167
24862
77607
86770
2478
5641
4826
83356
84361
74211
27680
56084
24449
20701
76327
5056
41472
18051
27218
48893
69538
18780
59515
20337
14349
46855
50785
76010
17947
55888
40445
36704
38813
2758
12181
52937
94843
86214
19685
15463
14852
64797
20278
16102
74220
62695
57852
49415
95325
85713
20834
46479
91885
22067
4387
246
78240
83381
29438
52862
29478
69063
92343
40410
16548
84432
25182
89581
4131
90245
97800
10115
75856
4110
76985
87296
38191
54553
37711
90063
72420
42560
32627
92946
9134
41238
79499
30405
76891
30121
47018
82111
72680
45366
34834
37471
40607
39605
17313
67739
71179
45786
91202
15200
34885
72551
41953
65547
48961
74981
42749
86920
40194
56029
52359
70930
8216
31286
79989
94370
12130
92307
22895
20273
85978
49428
1520
5166
36551
80998
26010
47104
73217
35872
17315
80711
28264
56823
47496
55520
57783
85196
50172
59689
12748
39716
49253
61879
6221
44806
84441
94887
32987
54185
56411
64854
51614
51933
43537
63112
26752
40703
61194
56105
86689
71200
80343
18605
41134
17274
34717
2522
83856
37395
24841
24795
41567
50604
28476
56626
15203
86981
70189
68326
35034
21073
30459
34731
59096
45633
44132
98304
49284
20149
7026
83068
46672
38298
98189
41792
36608
52832
28825
92553
3435
64993
85430
5670
67781
87130
22332
16780
21875
41596
12932
53523
56656
78348
75571
70512
93272
17436
15091
18621
84755
57008
34984
29052
85541
56152
46901
78961
4019
27251
51164
56457
69991
67036
52631
20974
97099
56039
43287
96464
92211
24260
21840
70592
72983
51594
65545
40207
38772
80404
17372
64486
53994
77661
91773
89056
11106
76504
95234
5293
46320
18865
1899
96842
75313
75751
49936
82117
48331
52695
8098
78954
94226
40061
10433
48990
26446
74753
67974
61981
30510
72527
5846
92666
88231
2624
55087
17909
63446
27012
43519
55812
82729
54731
28883
46362
5327
75619
83679
81661
15632
14046
39435
58437
76320
67000
61474
94519
80048
13103
63252
38607
67365
22938
96904
13150
64433
94698
64057
36262
81490
69895
60525
97029
70681
27495
73198
16722
80687
14502
18749
840
79383
42757
36424
77828
54853
5082
93241
7323
98211
55059
7928
62274
62477
57155
8396
65407
70932
75986
45561
63753
58884
83280
9537
71502
54279
90577
46941
43427
41717
44839
38071
98548
85281
65957
96766
1341
34920
1274
17168
63195
85316
65182
23461
87702
4215
36876
26276
8833
28786
27463
15787
44266
96418
3151
35475
2805
95240
58243
25364
6992
15040
66523
43973
6657
93567
81577
46587
87429
75146
28118
21006
61369
17288
16804
45867
50561
35854
73959
29665
87337
81072
53908
56233
14529
89940
75443
73965
95521
82076
54697
99512
50922
41535
7198
17834
80341
21385
67647
67827
19211
35733
66340
95294
22404
18973
22018
39588
29073
18217
21349
10727
96999
8504
3271
89262
31020
54475
42801
66155
92967
88287
86214
83557
74631
76540
66370
29532
91142
72132
36064
47458
6664
58149
67676
62979
98331
60323
43425
8924
81830
70006
28162
89958
94332
3970
82134
18840
71864
48054
91860
175
89799
18757
16759
32036
6055
20846
29261
8664
77079
21830
66963
40008
30466
36589
3799
95672
48717
31629
32623
96083
25671
57995
43619
10626
22318
44255
78487
28004
18516
80713
74319
63273
85555
56347
95597
72442
35122
25956
67891
18455
29745
39822
62913
91126
8165
20478
4968
31532
46499
63852
13922
9476
16713
24069
62129
71291
80637
81074
32641
43945
26946
89128
72200
6557
32602
40444
41925
56360
27839
65933
25628
36995
64650
19508
66512
77430
90922
90472
64415
66081
38435
3243
73483
61889
92074
80356
16280
48241
28194
93291
62330
15538
56824
41021
10092
28458
67787
93086
29186
74581
8157
95113
70437
12449
95922
40434
80246
264
33938
71098
2492
54298
73553
58357
67526
7593
28267
11636
74564
88578
72435
96484
28994
3195
6121
70149
83885
45415
77377
95476
93642
67735
67933
75449
32272
47523
50974
25
40487
9726
57650
39793
64083
54787
18029
53362
72265
69347
94360
99860
45424
8173
46022
50305
13298
92394
58691
90096
24472
6464
62692
5842
63816
497
25999
21449
5311
95026
22870
40896
39055
48998
58516
1914
39017
78283
37647
30136
24347
51954
51631
7522
56532
51571
36807
51431
38764
89477
79831
30511
46245
77031
25719
73918
56364
12807
45285
61436
47618
73010
70777
70898
78324
69987
24471
39013
21490
30978
86135
84059
2992
6126
11434
22185
94783
44141
77374
17112
94900
59744
13187
23863
10356
30833
31098
73953
46453
42386
17882
78016
37444
48782
23280
63046
21358
26267
91864
19242
84124
28214
93798
35767
88161
85788
46388
20751
2611
86656
53633
9265
41077
14659
10179
23466
8363
67659
18603
1993
63320
97370
1639
80723
97288
39310
33372
53729
76573
72123
20364
23164
19274
44343
38083
28742
77366
34365
38508
77945
32105
88844
84244
98888
84765
14769
19176
23332
5604
1807
31720
12882
1791
72275
53105
99457
71233
23033
18171
97577
32247
52363
63116
69209
34739
38563
53983
22884
62457
58741
15233
36898
54631
59019
22409
21462
12296
97278
53286
43420
98016
19254
17000
55140
71109
32964
5412
49184
74027
21010
53833
55641
88744
31909
76629
70761
41626
70956
57603
4366
6958
70000
39974
55383
27784
54804
57518
61011
36918
185
81167
76938
64734
58314
74424
48468
80078
4456
20615
46484
4992
58771
12313
57547
89541
99158
61174
50408
13643
72175
37094
63153
46436
22673
59317
34973
35276
8006
86848
42766
23465
61413
9439
28225
38462
79481
74546
45854
79004
63560
82855
83472
9306
83258
40107
68175
88706
53209
2259
98602
96842
88135
65107
3624
66191
60850
15303
70430
26584
23186
71302
28068
85406
69889
74084
69299
62564
69802
16272
45533
24255
64553
94002
48415
93992
79991
69950
46314
62850
40834
82021
7982
55975
21137
33369
73463
79177
85032
12617
12860
26970
29905
1084
99595
49129
20207
47189
59825
61841
15460
72657
86237
23332
26280
41232
7254
29508
10700
74934
63019
88855
99601
20131
49342
13729
94439
97828
22981
55208
53576
17059
12927
82452
6474
51214
79796
16760
12070
96661
37807
4587
72664
22245
78051
97828
76720
77494
62776
93089
44683
86789
43197
49616
75620
35982
42168
27373
19863
87482
6812
57854
76366
20677
77480
20380
7670
21401
65900
56493
43070
8912
85073
9787
96018
1244
44151
893
64044
96855
96582
50675
87974
41142
44504
21714
22269
25869
46530
57499
40273
58173
77420
74869
92027
91756
2456
44631
85130
37716
64763
82997
73664
74372
56899
21166
60742
977
82317
24701
91906
8915
52572
91180
81580
4686
61822
56504
46078
31868
70270
88915
3011
26005
21567
57458
70648
43954
51795
40166
11187
68293
13987
5614
73507
48638
31480
69147
66407
81673
7509
34193
38775
45871
21194
39076
5884
62413
84147
59098
59078
95614
51234
3296
91093
69881
76110
69280
89719
84994
81969
13866
34726
61918
2040
89606
1155
56662
19736
49118
77845
61420
78558
29023
47154
53851
39874
98877
84575
79315
88857
21008
42970
59824
6496
74059
6151
68038
41051
54415
86736
1865
56001
72852
50883
9176
9648
30812
62113
34131
34466
1466
1503
5450
46524
6605
75614
9691
71127
3407
3533
34584
40954
62878
47535
86352
82384
98208
32149
83988
77767
17285
15790
92423
34108
29223
78442
4996
27763
33674
84028
19292
70470
8210
80285
54614
13251
48847
70249
49991
22433
73301
16262
51627
97325
23121
88321
64740
39764
19997
15547
24846
97173
52829
80386
41257
37073
39943
50721
10923
63567
8405
44817
89056
33535
24410
6227
8009
7078
70948
11976
58393
56378
29732
69335
3912
5073
50636
57811
72019
25294
83988
3266
65497
13200
10135
80093
35678
12293
32987
65230
63987
72904
78419
27420
62238
7189
12210
21517
7545
80146
95148
18291
69874
6138
55587
92871
87461
94147
12455
27298
35838
34153
39974
9028
33914
21127
73916
57364
59052
91615
93164
91425
42257
70868
65179
34495
62437
15366
7030
18261
87194
97020
12626
21387
76100
29363
81812
23936
48679
37656
62849
45251
81204
89682
55921
47032
67602
37609
19459
62412
90677
95474
24150
25676
74557
76364
87194
75928
71860
72789
80403
88725
84167
32913
38055
652
98984
38102
45841
34640
73387
47246
21900
15641
93413
2710
45990
81177
54072
53778
24986
2788
91226
94310
11476
66197
29861
53006
35206
52442
52640
4784
72083
78077
11832
26341
57274
18033
31058
79143
68141
59850
14726
59760
65982
93857
9334
91568
63671
52515
68631
69595
95231
95501
58989
6576
78429
68182
62361
83078
64769
37576
75313
58789
30340
37961
2124
5821
45751
6777
11753
37594
98693
47912
94103
95203
77120
81291
11741
44318
93848
29265
16535
40299
24382
78012
65510
59757
84204
27068
94790
57395
59108
86010
92436
44201
88166
79861
20989
29277
2511
89751
59464
94843
47182
83583
81285
84164
54747
45711
35110
59048
16530
5092
41073
31429
91762
11947
67987
22638
41950
37734
56605
36481
70102
10749
26280
68174
91846
3832
49875
6721
47523
47873
45564
26369
6480
10097
52508
53823
71028
25012
33510
38379
46955
94237
52449
86158
76463
50681
67168
1494
9290
13400
26039
6749
95290
93331
30640
2126
3397
47697
20386
95172
19336
61053
11360
5439
52755
74751
77528
35482
48351
85601
21212
96352
94723
9418
56345
85914
61676
40405
63867
64119
52212
20236
79642
95397
26966
16982
44055
63233
22679
65979
64887
36919
44968
65665
77853
6136
47177
79170
39635
37772
64115
97355
52489
58998
36592
30109
35467
31023
42011
38886
75776
47010
27667
39084
51649
79160
42370
88276
7825
38563
63313
64687
41077
21196
32729
79613
12332
957
84035
27442
50259
24314
38213
63870
5286
14239
42295
81115
9874
4119
29716
84375
64701
90371
68032
23482
39881
23319
88698
5846
98115
91740
45381
10995
41566
51060
25700
63762
35627
4333
91668
19293
85908
1438
58244
18052
6316
21015
30218
55801
89589
69523
96194
11394
12328
47801
27681
68115
88693
35525
9088
2688
60807
10122
42932
99251
3554
70929
32568
58671
55136
60838
1044
76074
47179
59552
11760
66033
76980
87506
28166
83833
82038
35889
217
95677
40059
45983
48345
85387
45862
9239
89341
56637
18114
82243
46973
90410
19894
1210
74533
67825
24153
8563
82708
53697
11219
71909
46646
23867
99415
59539
99280
71337
51580
35443
51607
16410
56907
70815
30851
81776
1677
85108
83682
18121
11204
1497
69922
82916
68951
47321
44160
9902
84254
4979
45985
53438
89092
19426
67648
31371
94522
15323
17160
1411
38915
52076
951
74727
97526
19113
50854
9560
86928
89485
82753
32460
10207
57000
33224
54274
73522
59333
63027
21306
53242
61217
26641
39902
91129
98204
35906
37701
46179
50803
32466
29122
79107
70202
95794
77161
1530
39431
96085
5375
82355
88586
73247
15275
14950
21825
86525
51209
73952
14100
13896
98501
22839
38663
32445
6580
15283
68753
30251
20021
10490
54201
65519
5129
84895
51838
79947
95089
59429
44898
89766
80282
90230
10017
14649
72357
52150
82364
24585
6174
9272
8541
65994
44568
72376
40557
13664
82022
74542
41256
18383
10281
85230
39793
28593
99351
22577
30439
97973
37462
16338
84557
18920
63875
66190
46518
72216
25713
9087
51295
7263
84455
84491
31963
9575
37429
97435
98065
26161
39048
70785
33710
26088
95898
80136
860
3362
14433
83777
78514
22565
9356
97866
23591
5102
27223
32805
92030
4735
3395
48204
6465
55124
62350
44748
55818
34150
33192
71997
78865
88526
59310
93846
15077
11749
82254
40838
96483
70764
93882
90670
88652
80206
15042
49792
26654
94111
95366
18163
16274
56700
73836
45100
9444
68127
34726
97858
37643
78951
70165
34437
54591
96043
16756
27894
23046
91286
77416
90376
35036
60619
25438
37886
8983
85439
63106
90547
83450
87030
40853
48695
43762
35038
61240
73548
44645
20929
74792
36706
10673
99084
45766
67349
72230
753
20722
61503
76776
96534
75508
29704
76173
94642
33671
61098
31692
63298
47119
88458
61729
94257
27259
79187
2789
65569
29328
28271
50686
61393
36723
82747
56866
17224
33814
40271
6798
76716
53759
63025
36523
48201
80369
76803
41351
26902
81126
34404
96819
16394
85607
46131
47099
16865
35992
4511
34827
90926
32850
6986
48540
58637
67299
17442
93865
74655
89663
6257
16976
97858
32147
77292
89112
9500
58309
19572
43212
67850
42488
35646
16771
15134
92609
84298
41083
11089
18392
35919
97000
27315
5623
84201
7616
98036
98564
3126
54183
65334
18596
18037
826
72483
35294
47330
7914
76638
96433
20403
38908
34656
51061
25883
32169
23066
9143
96460
69106
97746
85100
9355
37441
95454
2189
76470
3988
4019
10639
61891
39182
39009
47190
72687
41633
81247
99665
42842
31267
95324
51184
85041
46437
1823
23460
30958
81842
40455
6662
77735
21526
84148
45527
62284
31181
86892
48883
39659
83018
75414
9017
79281
36337
20786
63814
18840
71842
52304
80343
18883
11085
70923
63235
4546
23213
46865
93412
56600
50232
29672
9306
74298
34815
78427
49066
70560
20672
73433
51518
78701
18162
21328
26809
75373
31443
65643
18326
51560
90864
7922
53955
81793
73665
52187
88062
87924
43361
51298
91212
63698
76190
6254
81701
75741
29203
53611
23745
99847
89641
12086
69285
43476
18465
33878
31234
59635
95282
19332
6768
99185
29438
2939
751
62549
41939
87876
61156
29304
88848
61079
52084
32681
5772
36054
92784
17810
79712
31576
56018
65935
90385
53130
18252
86727
53278
75659
49210
91495
99405
96189
21477
12477
9831
77731
35324
6926
77644
28003
58711
89820
869
28323
38808
51434
46170
70949
15096
18553
79384
29233
46678
15513
81418
64543
56480
38554
54981
49397
25798
69045
80270
51234
98800
86301
60777
79314
35580
33719
74654
71336
67539
51382
9058
90986
45469
60224
15250
53809
24057
50899
18979
79996
54908
76227
39228
99249
78462
58891
75322
19554
94578
73570
28721
57505
40954
14733
37966
89864
87105
13044
12580
59893
71450
40612
47604
17995
89452
94894
74354
37797
76519
25951
1658
56117
94304
72564
84868
93853
29219
19379
26156
73534
47677
27025
52020
60564
85768
58203
47673
4752
28137
36973
83397
13322
70927
63354
77701
87880
30769
94263
85424
68435
641
50086
2734
65688
27749
51111
2636
49759
17426
27188
25227
9952
36765
79444
95005
17761
39759
46069
2933
2913
59603
80919
83417
88031
70716
25904
1509
93114
13593
45788
3248
43107
29262
48970
12219
20846
62083
53364
63179
81747
74233
76698
75558
91069
96088
69664
91515
79838
31409
89981
57092
7125
31870
859
38475
32971
81466
87023
96742
32326
33864
93222
70132
92479
12931
14083
66836
69683
42692
8978
14564
89743
49455
43862
81465
2694
85734
46711
77915
50477
48380
47970
95347
10950
83485
15060
1962
98773
85050
86995
78908
65556
43740
70935
15750
28682
81534
13252
5782
96713
68197
69255
75824
9961
20774
59536
23864
85075
86191
76331
50775
55192
26009
60317
74583
51620
13639
88648
63984
82813
75114
72830
85726
99221
77728
62665
23125
32727
80502
82788
86767
22469
98715
77501
32334
23640
371
53859
25133
7028
37129
33006
6769
60295
73563
48784
73848
55512
33390
91496
60217
76873
99351
61713
92653
4914
27595
41656
12621
86136
51328
56309
91074
75170
61216
61606
85851
6884
12900
13707
49849
71859
47841
68462
35416
57538
40700
95055
62576
86553
75707
3287
18316
40830
45483
38932
52134
46277
84048
658
51098
86091
18975
32855
72303
74853
65777
24761
21339
50688
20493
43279
32103
43827
33181
96235
31940
24943
60192
13489
42513
48176
75009
39006
64366
18800
23123
48719
27972
35620
24625
25281
19336
72707
52965
6587
51580
38828
76217
60874
88103
58733
17779
1738
28083
99311
31736
57803
71289
12380
42339
10435
81912
48256
79477
41725
43054
82074
34533
8306
8696
85349
22614
80655
33757
19353
533
40927
30428
23031
60840
83805
74151
99304
80118
17004
99279
90629
29998
94699
393
46793
94687
24686
84318
13942
67131
57221
10464
60901
37032
62280
19357
54525
21334
43149
45180
42259
59662
3959
62174
92629
90481
98293
24707
61663
89668
82790
12545
32152
25700
18959
65475
78056
29690
87487
17934
44588
43023
34050
8164
75991
11898
61193
69216
44106
57519
92549
33121
92298
80627
2622
34780
19181
92539
32311
67485
43986
77366
49928
98239
54785
49847
7371
18989
55584
8346
45398
30484
36516
87159
79918
42562
5844
5721
7871
22559
68784
67873
6
66886
5293
19649
2227
46460
27981
56554
45616
96463
33348
54681
91715
45402
80329
67866
91984
21462
67970
73533
1627
55003
72581
51645
18434
83254
92347
73386
66332
37243
80080
21743
83129
29230
60997
62232
5874
9768
12492
21039
20692
93588
82881
16376
59046
51749
4425
45580
19542
44755
84605
92368
76475
50552
41899
13811
11757
81180
83989
96922
28980
61290
30352
32376
41963
40363
89065
88103
6960
96721
74874
51885
40314
63561
5983
70404
94647
494
15446
86353
93658
75356
73879
16996
45630
56618
8906
75696
57124
64672
86409
21203
60071
41233
89600
62322
87019
56572
66133
49470
75050
92273
62409
39240
69253
88099
77891
7762
43519
40986
28644
70059
23712
75700
50338
1840
157
63151
35992
7789
12015
67563
49384
66700
31904
80942
15625
47719
81806
85122
44580
80859
82353
71097
46801
97175
78462
74612
96325
44028
78606
33689
59960
64512
11525
57198
82295
46772
87753
11921
90537
50548
46531
90941
93161
92467
71444
54590
70786
3391
93757
71797
94261
90207
87463
70225
53582
68547
35372
46373
68748
50523
3282
40408
20900
30062
81894
72311
50854
43476
3953
72918
71703
76797
65174
19286
91181
50383
64458
28322
15043
49919
77436
4941
78938
152
20233
63344
19531
20787
69580
97861
34519
65963
21854
68928
883
65924
33389
84794
51426
46139
86483
20540
28996
27966
9596
17336
88394
77946
33245
55508
33280
36847
7588
11270
65645
29727
9153
69743
33375
16901
76845
26773
35721
34598
41952
1410
54282
55450
79019
36531
23530
26987
65333
60397
28313
39838
47542
1244
34495
97983
441
30737
6428
50326
7204
25993
53726
44483
5293
94311
71443
72513
39355
30983
69698
44238
17506
85371
21060
57618
61339
50343
73985
80237
50933
75662
6223
39833
45306
77791
26146
98778
14005
95129
45571
72491
72666
60674
62170
67905
80735
84309
19426
86200
64225
42211
82430
50211
80670
24320
92558
42254
43670
23696
53048
18832
96740
27142
9524
98064
6981
71048
68193
96387
15646
39795
97084
2975
13115
50372
71655
80409
77028
77984
49005
13429
95158
15022
47853
97626
20351
55624
99831
42747
62432
23546
87428
41153
56803
81185
46094
64719
92750
72453
38015
35567
97148
93320
9897
49935
61987
26760
88487
424
40258
24286
58839
58075
24982
39327
42115
73316
36497
14455
84073
90961
11021
26975
71229
79743
35078
43600
48394
59779
70353
24644
90278
5573
44732
62399
325
49066
50608
3926
92657
21309
99879
74603
9612
23108
35717
80374
36466
27534
12805
13233
88083
44293
18556
30610
69914
14917
52754
36225
30577
2003
15021
58195
77404
96494
80153
31082
18463
8037
83584
27067
68362
92520
96140
57356
49833
51739
50516
84500
7301
11723
91109
77306
35667
65023
89059
91970
90218
48299
32802
61745
87436
89939
85763
60094
67414
43935
29723
48890
67727
22526
47925
68317
10724
24556
91725
42827
19806
86650
23736
87854
84105
49632
95512
7823
27700
8117
27208
22612
57238
6779
82203
52336
48185
79541
29164
8754
80665
38519
72544
37805
71175
21055
14143
55744
17598
43556
15720
93319
40540
97187
45473
53871
76324
94494
99639
43865
35472
6568
98774
67039
93617
16733
41602
63547
91291
8196
70465
80227
633
77117
85139
13301
86100
21798
61186
86241
6526
66347
7824
8659
99075
89423
91985
43420
13862
17992
43181
90361
7632
27231
66098
55418
31346
35101
82056
16890
30813
35691
30226
45922
62849
61678
19716
24161
9358
25177
57116
54942
7458
97570
25429
34116
91291
52300
93202
43671
47159
19498
99987
93230
72397
22631
57345
71158
25262
1925
83450
5838
92066
2551
84195
22416
42861
75319
63794
51906
1363
10152
34622
45172
13272
73142
65922
13838
27316
71261
44596
44474
67491
29063
36069
27352
74302
5704
60997
22563
24812
1069
25779
67166
5642
95682
76268
10378
96587
58075
5013
46582
91075
66243
59255
36317
56458
43276
5509
32378
83596
94338
97903
64986
44749
32674
16489
49624
1344
80886
7598
81088
20932
74298
73576
10115
49206
71551
63234
76494
67537
33969
75012
95480
49207
15011
55756
50265
61840
18874
63698
64454
60194
81004
66071
63766
82068
20588
71014
3027
62961
58834
90164
65818
60843
53095
63909
61149
36469
45694
30950
4830
53179
79392
34797
6234
34502
45702
34694
64542
48875
38761
64341
56010
21488
32145
17726
20962
64851
74114
15268
80802
67804
5261
92764
62727
79960
17555
46234
3979
36739
8824
46471
54349
87317
18155
54654
69194
43660
9569
15169
17105
2676
16751
30519
50313
32335
43634
71264
9017
69990
6896
94306
73182
69513
19074
26464
59811
76747
83068
15969
47837
87285
62343
86406
65302
89797
70098
58009
72940
91233
58202
87030
90373
14381
46626
11149
88981
52548
15787
63881
82324
91284
76585
72610
79203
62830
91683
97910
29152
95342
40003
823
56223
49045
42503
8496
58198
48702
48930
34995
95360
34795
44281
54539
20069
25704
6813
14137
82880
1699
97963
37362
59797
45299
65978
45668
3108
98799
98276
57739
29413
30304
95995
27530
45679
79236
91866
52975
68021
77339
91554
92795
14784
4392
36930
43835
34828
24014
61568
67398
93174
65978
81050
30550
57449
56743
52953
96121
96173
19674
6206
83432
77714
56035
89074
58712
37202
5491
18852
8568
61050
15898
40747
14182
66410
64026
69599
78711
68827
63160
78991
92038
61273
10848
36787
22321
64078
51415
29103
70601
59516
53844
90374
89351
79450
47977
42291
31918
8097
22388
68804
86110
9125
9062
21275
33383
63525
65010
73709
27451
85468
81027
97358
21898
90578
14547
40709
35852
35340
69193
35611
77525
32918
34753
8748
57880
37898
15233
24713
67316
49726
48896
96500
68839
1316
78547
80531
25277
48531
26365
80638
35188
56722
53791
87682
70955
20350
69235
30478
53324
34083
60735
51649
94759
31781
88477
52888
47853
93565
15458
73250
94145
30379
97999
96980
39787
50381
23949
38608
92721
22264
78102
28554
83196
99096
71416
17040
81791
60445
34268
74406
45271
22155
95557
25623
65640
40481
48008
2517
17188
8467
71674
49372
51141
88462
95866
42074
27335
2372
3632
17770
97025
89490
85940
3423
63066
15587
49344
5721
1689
79451
90914
77754
40742
77677
75591
16077
63267
39552
70633
93601
38199
73884
16195
9606
14536
37733
54197
77257
84977
38163
48541
3932
46698
40286
55327
11823
23871
85241
51674
26995
92693
73659
79846
33466
44368
17044
93564
90162
50245
8999
12375
78017
21263
94910
39982
80136
24133
98638
27188
76818
72819
53988
79584
76596
38280
61906
32819
74573
88609
71971
59271
31452
69788
34738
18895
20325
51567
91285
8621
28431
82154
43913
11266
70342
89073
80011
82089
30302
38205
80201
75402
36615
62164
17923
19509
69783
53287
86011
86635
47035
82951
50526
49964
23538
61286
63663
8472
55429
99259
20239
46588
3223
31495
82504
90991
63751
8261
91884
84832
61254
42628
7373
11118
34776
20625
91893
81256
87230
42335
89162
71057
75329
24178
14865
89718
27426
76991
89179
9940
34789
80464
98052
52593
68575
66099
23869
43220
93095
31410
79808
91618
53842
97938
52403
50545
21574
31
68664
50116
27900
63070
99924
8775
93644
71074
98160
7697
24449
70883
30038
87623
10285
21808
72037
85829
88335
48787
86525
49942
63391
71238
25908
72763
67123
79343
87999
62691
73380
78685
68896
82219
20873
26210
95674
73491
71494
87444
40472
9758
80821
85040
23369
77937
36596
96413
2774
94904
56170
45932
82466
84474
9044
15873
73109
45387
12572
28241
94784
4853
93440
92173
50533
95447
80528
8501
71726
63409
81193
31471
75178
81911
64364
64229
72453
53572
25893
69486
94866
53253
71295
1860
19536
61346
37823
33406
51773
49785
65663
39754
73613
17865
16644
20175
57011
5199
8678
94649
59607
31314
49607
53151
23767
7587
40837
88026
86105
95000
56530
62193
77414
69967
69796
69295
54337
9182
57668
31208
38846
83528
51164
78526
43705
47595
21526
72796
50861
7347
92707
56398
60162
70636
19470
38327
57055
95477
70905
94501
76798
97229
6142
72508
49291
32211
43596
7699
60558
49170
30735
17066
70092
35084
86220
93676
74950
75429
16973
66067
37301
46829
16652
39756
70648
61834
59216
49944
7866
76433
85464
3896
47425
24589
72097
69793
17459
17699
12416
1933
8194
73458
45636
8201
12303
33022
2602
54929
46906
6708
93535
42118
70728
18815
66010
1176
62858
21598
7338
59666
43985
57280
43662
90856
51943
53282
79656
63641
57778
61618
40313
80574
64604
46002
26070
6580
7886
57888
76927
3656
62691
38152
65452
9657
23664
86693
91516
91135
13777
90086
28767
81422
1871
21696
50105
14710
86312
50301
17905
55764
72090
12781
12039
54549
48985
29369
68799
88862
77997
96311
58015
15701
31584
25881
21535
30335
95332
98195
76218
82649
65716
17799
6708
22367
46073
84213
27377
39735
17458
45251
23037
54597
26029
44876
78693
82285
78195
53991
87716
83914
30328
24478
4549
63761
31311
37411
44506
16969
64819
98495
93703
21937
10336
73220
56678
74674
11542
29332
67552
54341
48677
70862
80216
15943
90745
56802
43008
33238
78832
50901
56928
92505
78996
40948
96539
65228
74105
44995
80391
42027
39629
40505
47400
2217
42774
5815
46405
31684
33496
41145
76116
91555
64674
73821
79826
17803
54566
24360
22407
58583
6396
8604
59230
26331
14360
48164
86471
2715
21897
88021
84026
92541
28908
53055
57472
55176
79585
5671
26813
44391
40910
60025
29761
58387
28847
57035
81694
62980
91330
50828
46411
89280
60237
64978
42839
9073
76117
23592
79633
58170
82975
43472
4699
25763
76659
26640
27143
92377
59556
66298
68939
56516
47926
21284
28376
14997
42679
45966
99702
46865
88968
89445
29353
55731
78456
53203
33067
33572
85053
16624
89385
80133
63921
26049
29716
29272
13797
22007
5662
81058
26406
93597
35084
73314
33138
99151
81994
27644
14490
50276
81113
64405
89473
44163
95903
9706
38431
42551
38043
6553
69213
25144
73309
75966
52488
64678
71328
17131
86960
80622
43049
61520
13265
98287
49827
63225
96146
41569
42871
11687
50181
55304
80194
77697
27760
29846
70295
71275
22651
97159
56177
57186
50418
4807
6216
39323
49390
97658
84091
91737
98220
66547
99479
15047
32630
84118
89031
31466
52940
68600
56140
2185
95416
8831
62822
86495
87301
11146
26562
72020
44373
94496
18873
99983
7742
17512
36964
46807
8879
98247
90109
73535
68166
72376
47659
69168
41428
46295
1088
32413
63394
53319
26997
82884
40210
59709
46193
2394
57958
51723
30718
13046
83889
20410
65566
29755
92715
77320
66602
75654
15462
33985
79014
44833
3878
58767
89574
9736
8807
16590
6791
46192
97251
15029
6890
11768
55295
50431
46138
26691
1307
59006
77017
20994
81363
81338
85001
97210
37490
96296
60433
1376
34205
99358
75086
18880
86679
17127
60936
22482
11458
6571
80514
39017
65456
5815
41664
53926
27053
84270
23263
3089
34985
6414
86897
35477
37978
88362
2032
97854
82126
3972
41692
68570
2221
84741
40850
26016
66084
75187
59354
13231
63994
25681
71528
92709
30172
79642
6392
96391
9617
34361
16094
28762
60418
10355
30799
69846
77076
95342
51522
26138
65348
34522
38486
40535
64887
88081
72821
1218
64167
6571
17578
67726
71460
69673
10150
83502
85970
47875
57198
36880
52313
50199
97382
85373
88026
64104
38713
14710
33326
36655
72636
78614
73552
88565
1464
50134
90252
63419
54961
55533
37651
49115
11713
40914
80080
32116
49529
25846
96536
57125
27850
25098
23800
10415
78218
66326
78900
91354
16796
45279
44229
85636
80421
25765
75105
44524
40474
43840
88602
89858
42401
82999
19553
64788
97042
60938
26602
59684
58893
58299
29921
67758
79340
11997
86390
57849
97507
542
32720
75031
77905
91612
85125
86488
48218
77760
65066
21655
30140
68766
88321
26164
84483
16942
27767
44983
64078
64770
22908
81068
44963
21091
88296
98427
26264
53808
50025
92552
84476
55906
66612
34838
37398
64583
12463
69639
88396
40665
62276
83299
98939
8556
2569
12609
23681
56111
38835
86355
26730
64755
14633
39473
95171
29967
23688
48102
68004
63457
33318
96180
18364
58384
18639
47361
27188
14260
16212
42811
27461
11483
14381
13459
84695
66411
78174
1536
20874
28274
82795
89361
90959
16361
55682
81549
12094
3014
44235
30974
44573
44394
65220
63302
49608
31732
9312
43817
58746
30282
2121
8160
3188
92459
48446
25842
86668
51115
28327
86782
83889
20944
36837
19020
70354
33226
52656
45387
66459
46649
55498
57182
59672
66505
56764
31789
55472
23076
41280
9310
48151
49569
96726
56508
13866
34138
61564
72375
83458
72016
56718
48439
51744
68032
23991
46090
41986
74893
2153
32320
52762
30371
55504
5216
27722
98425
72704
11333
76168
94712
30746
33543
73351
15543
76279
52599
83153
54395
69612
80480
91764
49599
35154
8952
72065
62003
58327
26794
8905
134
68809
2455
39978
90131
47967
14750
800
76724
25349
87806
16215
49711
58319
45056
37586
77413
50432
34498
71023
1281
57219
33115
32291
26782
93865
58940
98828
61499
89082
54914
94827
47238
27694
65648
55054
95943
37675
5590
41069
45275
2281
30774
10875
36298
4741
17831
80699
2733
36343
47958
46626
24454
12348
56475
96463
43220
78246
77948
24797
51204
98872
34536
94134
78603
41154
35506
81074
56333
55391
23870
84813
158
21106
51000
65049
59889
8095
99784
26799
68830
70689
27369
73755
81975
62357
15734
89448
84550
88568
28711
21770
64973
80514
33999
97082
49870
68006
38495
23834
41844
29627
88451
58077
70141
9564
80521
16393
25010
99638
1180
12573
32434
60407
61591
71370
72912
28877
91625
63892
14320
15083
80491
48124
1003
85416
93754
2256
97049
74802
84522
62187
7625
3409
35764
28049
35897
67102
27168
72172
38956
92974
94763
1486
4494
60400
66834
41291
20258
55942
24868
13899
48816
36576
71059
9929
7935
84088
65812
44499
19520
87991
3143
18558
3700
12454
39557
96
4519
35210
42361
15494
11792
34875
38217
16674
24216
61344
79684
23096
43159
93177
31774
91380
23083
84631
66630
89033
20003
83266
55222
8057
14480
71428
35173
88240
52919
95212
38008
7092
23436
95081
58372
39455
70306
68701
25622
87792
98555
84954
26689
93191
71174
62055
35282
19022
29932
91104
79096
45793
86294
84421
40072
55139
41941
10748
21389
95741
61598
28544
25221
73763
25296
36662
1405
21613
66464
4696
59909
61145
62348
83842
86034
32150
71882
45021
23897
67296
22771
1077
89682
47315
50918
1775
98480
47947
25178
14664
20336
84957
5941
84277
24021
86717
79813
53610
17723
20655
85179
53154
54720
83621
38335
71488
84490
69294
7706
60102
74848
98623
21006
87194
55437
80091
26559
73233
14687
43406
60444
74215
99782
67014
58632
97150
11397
63932
95087
41355
63200
1471
18131
41338
23489
51663
2237
60407
11177
41173
34915
53330
3266
56099
30153
62621
90304
97361
53932
67185
37118
97343
61377
8512
1282
76690
56617
14560
80119
15549
27607
57570
24776
36893
29958
57536
11229
44600
39340
28019
56184
48850
23237
8501
75917
84614
60755
92383
74034
77010
65415
73934
65881
44463
326
53149
12521
15997
94054
35153
11296
44936
23096
48262
91247
19201
74692
21652
45245
97977
93373
82259
70273
35589
46644
40738
643
12727
83282
4052
20858
16640
73726
35395
54769
53473
43621
3605
65493
27339
35606
99092
8612
80031
33534
20777
26985
29262
93805
62310
33471
3319
96291
62290
51401
16178
6480
71992
96749
66368
10475
42871
40433
12756
83793
88223
44901
14478
45200
94623
72642
49243
71563
74605
94905
7542
13916
88358
40897
80581
9701
88
46546
17632
50181
12552
21395
34468
76764
3688
96015
3199
8985
44545
37889
58367
49855
44263
51443
7334
9396
29512
73121
94138
14166
85206
54579
77137
1641
4830
26681
78679
12701
99720
28255
87909
11460
71529
59835
37975
51537
68437
30128
2067
22998
95564
52498
52757
65549
95149
325
27374
80755
50668
97866
25241
73427
50863
23399
61527
73001
74245
42782
72808
32027
87277
46410
6914
85495
69335
71954
62746
47936
99
10707
78434
71289
54561
92508
30723
35351
36837
78206
60646
41877
21670
40217
38611
31132
84404
49354
6485
22160
50743
8069
46715
90049
81687
23922
39990
54649
1078
70472
7669
94940
29662
57951
39810
16463
47189
43238
4261
21650
80984
6934
67916
64753
60661
94784
91469
14703
47630
22281
19150
97823
49985
8982
25850
50267
3742
38543
44953
85491
68886
67341
37948
44705
58535
28856
71411
74945
2130
68746
39811
11165
31166
57823
18614
19021
94746
44100
5077
26983
20824
18955
73042
35960
70505
63759
32970
48004
66799
60091
48134
17194
20982
28159
66218
69480
95548
56094
57924
80729
76537
26490
68748
49344
67657
55632
86292
48152
88273
73665
11921
28401
58971
60908
70449
64747
90598
74713
64847
52642
98188
16462
81791
82476
98836
76327
72092
44059
45935
481
42118
66389
76566
19964
7809
95520
17843
95907
96813
12958
13751
72608
85507
5165
55697
72429
13481
42765
17849
52174
94282
96173
99809
6762
66658
28401
37440
69108
81836
84285
78297
35955
77469
22717
56178
82813
84291
55396
48141
90522
48208
36386
40720
10808
34105
10559
23358
8214
23433
15130
45733
52672
93085
94845
75972
90567
67790
36540
78769
27283
87592
48993
42076
75675
51710
35731
27053
85208
13148
8859
45507
26295
94799
65922
50780
64365
54314
40469
86679
16658
68574
74507
1174
16116
12923
48950
16609
70717
50369
88082
92283
17150
31595
25245
94958
9589
52014
98763
83019
60296
80593
33164
84688
69279
95497
79125
64764
78664
24499
56122
74736
15604
88675
58448
412
79895
55266
43142
53506
46767
86671
81468
69607
86670
15804
98353
74255
61430
47754
30689
75735
70352
2969
78313
6248
65423
40936
84506
45638
37612
61091
70572
47540
95038
13639
24061
81991
68999
20352
41316
42740
41436
67109
95695
27150
74888
1543
24727
14896
616
50355
63085
31772
53877
97413
76742
74636
20703
77772
21373
50180
1786
61344
32902
36234
6582
33567
98908
25504
73372
9528
617
10603
83569
30550
42930
7711
75207
67842
12068
17603
30438
81418
27788
44631
74905
61020
87501
28931
92384
67506
55089
8650
83915
17926
83208
36656
97042
19763
69595
98661
71977
51539
58296
51257
9691
88396
99346
98538
55490
30470
57508
10735
93159
88784
50609
37996
28809
16010
98684
21709
66712
39317
40765
61157
17504
87094
25581
24281
35002
11004
75990
33398
82885
55810
86297
33625
31614
1200
36912
78236
39985
41567
30900
94984
58874
76008
49909
38934
13996
86302
66351
94151
31176
99367
60287
65715
4823
3600
8935
31782
79478
15321
12852
34917
91176
96253
65195
95357
77550
35801
7261
43856
92250
58466
22815
54471
30881
27881
60250
74076
69240
49402
95221
34832
24266
36489
97508
88597
60871
72668
85389
51152
33240
68507
76991
2412
93527
88242
2261
13458
9127
13294
12601
20270
91822
74856
17966
90119
79769
68295
53733
18252
12189
89463
64037
44611
19719
39586
34212
99522
69172
34405
44464
51604
52656
42570
80446
9402
14438
81940
86820
36077
455
16317
12182
44496
81605
81627
35044
82003
81868
64716
45598
6434
85275
73503
35023
32494
71687
15700
25960
2719
52515
47226
34710
64385
86389
25982
64327
92167
48405
66583
48987
23498
4330
91193
89250
20531
73184
67485
24282
5958
22410
86100
84481
13982
33832
38959
59941
15575
72039
14635
87873
28646
52656
38531
21391
66859
18330
56747
81527
59484
66801
55626
39649
37569
36762
10567
2234
495
78070
78397
95247
19901
47334
30287
27443
31955
89738
89013
46540
24554
71358
81443
41775
66262
70158
82819
96972
51457
25631
12965
39419
60938
68081
66751
43719
48985
78635
92245
74559
68190
56431
73389
34431
72046
71108
92955
96623
82719
56885
68495
22013
13603
24404
51933
37763
72
95381
3108
1716
86153
27914
86951
29215
64794
44932
97670
68646
14606
29784
10094
62832
76866
10254
79414
62392
56643
55649
45014
18646
85848
15890
40771
26724
33525
47817
43403
79683
81685
75814
85389
35465
12615
47254
98950
58156
44396
10760
89068
42863
33856
6726
61038
65945
11362
84337
63024
23182
83026
87928
51013
11523
23542
29407
8239
28253
89106
69392
27257
37161
64606
97579
53263
33563
1937
6277
86680
8085
6665
97895
62752
96633
40699
81207
22938
32702
182
36553
66329
55836
55513
7730
81468
43619
85678
84092
26839
98460
18669
61455
79001
36330
96615
60154
23320
87543
83775
7708
38451
46223
39225
96448
19642
33678
54879
28952
8424
43791
94185
2409
24402
95116
65964
63979
6718
37855
17899
14581
13478
1075
4444
82298
90753
44818
15380
76644
23055
4084
12171
42975
24074
3038
88178
78128
44373
52489
74824
65666
14453
93663
53791
45007
27211
63690
13781
35259
71104
4734
93055
49617
5826
55755
92272
36190
96489
42681
80395
56904
65366
1946
35757
30298
55923
71287
6058
48774
97292
81957
66605
51581
14760
32171
39742
80035
94714
11923
88749
74479
59596
88410
30886
15018
20882
93115
64526
8313
28108
83209
78113
89160
68863
54250
23476
5161
25102
39592
87471
22371
32444
59374
26385
93396
19085
39221
59034
77935
51157
83814
30309
410
6949
86422
6701
58854
9368
92276
67886
85453
52122
98688
37947
18408
29483
47682
35395
44395
95777
92308
38352
31384
97377
3807
61068
7468
82001
48216
23928
28167
7435
19225
63175
24178
51518
37759
39750
92857
42481
36745
25595
7786
43106
12385
7962
2557
28773
99968
53041
20123
40418
39589
71828
44315
39424
5432
10804
29366
16620
95798
69541
12720
83016
33537
43766
96905
81971
82092
84309
76798
50018
30329
63726
20310
53432
39351
43370
3871
78801
71860
13798
81677
19758
15477
20137
30334
40538
93494
14647
3326
17278
80744
23002
60607
73813
72704
51757
48855
51074
14635
71256
51137
73015
46989
79338
89395
75036
71474
50566
38705
78024
48372
2793
6407
8298
31338
16720
53251
95597
81199
46270
54127
45383
20856
21881
82769
46369
50370
56588
70661
57969
10596
28029
48611
80899
93547
83346
45999
19162
61414
7658
73449
18688
7724
82659
57039
54917
50946
64569
28665
65114
20833
66876
81089
51472
52670
58367
6132
62407
7388
30244
23277
9224
41288
82494
2643
13785
99242
8629
57671
43276
51196
39832
17330
80459
94877
47861
61775
67248
84376
62430
42347
28840
98364
4103
38859
4072
77791
27314
58381
35155
71206
71982
90149
49614
77715
83631
95727
84803
29237
75298
82044
63464
10903
51009
52417
66484
74954
23464
46897
12706
52629
48419
87707
11189
19852
59248
47888
1194
38010
72746
75474
20917
9674
68950
43261
69390
1610
55762
74783
64257
30388
11033
90125
55555
79355
14549
70912
27858
5478
86655
6764
56716
78269
88168
57267
35066
86993
9667
19270
33057
93376
22175
31898
26249
78707
37837
77447
76982
64595
23434
96865
32291
33400
25085
72758
1378
33880
47994
83865
22326
35245
49861
63961
97032
5814
98280
24120
40821
98207
3156
92771
72234
14529
87
51733
21571
88646
84006
9935
7976
11427
26644
41965
99229
14040
40385
14
24850
34198
16273
69154
96164
95022
66880
79564
59503
91006
21064
46685
4452
68035
55745
29912
12077
52076
3388
71644
43325
36483
1032
84395
37665
21238
713
90177
66512
2737
97114
13426
69338
25947
94104
70720
56982
70109
9556
64707
18310
43758
57719
57106
90607
82867
89436
12526
49207
62524
51341
72341
35639
90410
46603
15576
53518
16582
71892
47926
24016
67433
14719
30416
83496
55063
18389
4583
94034
63620
22367
49857
76676
1171
17542
23271
81619
69726
84186
32527
59209
28833
24064
70598
50401
40235
71151
90962
48799
89763
94459
24407
4725
45370
16701
90696
16495
55906
80353
73763
64313
15632
46967
27642
88361
15032
74310
31341
51481
30339
19887
6306
31178
79611
49116
97126
24765
90201
49028
84585
8743
84557
8963
2101
29521
71785
22671
95568
18159
16016
43977
39875
51335
73386
55920
21068
49169
7178
18649
30561
58804
66666
73730
26201
61996
64658
37065
13507
254
55866
5979
12412
16181
87948
88486
68866
66488
58657
58401
46280
39143
88690
41214
49949
36132
36741
96172
18106
96329
61696
39608
37987
13643
2771
41931
18854
73590
78414
16820
8281
52331
62499
42313
62207
43699
60983
19215
64054
77106
6548
39465
58131
17526
43447
42744
76175
19077
52733
61926
63861
56223
396
98868
35240
43397
81092
41292
1584
21309
40983
85054
26231
6884
70152
47854
33441
16973
23378
42859
15205
31681
60833
98217
36077
26156
97425
87927
16542
93985
67315
99535
52913
52532
43615
24227
54920
25988
34511
76463
26220
36173
78340
61450
62505
85422
95868
76023
66508
54133
80158
28128
10102
15792
53458
2690
39244
25503
32695
22019
68759
94517
33695
68363
77599
12372
15465
47341
68738
73034
38603
31299
41823
44536
84280
16468
5267
54292
19236
48078
17286
93632
47904
15882
64108
86445
11811
22619
23830
96226
5702
12989
21518
88350
29086
80882
66503
48832
36101
30163
50982
30943
20163
5636
24901
6300
48200
90831
85606
7533
59354
19657
11910
87155
57633
48367
88625
24425
69142
52908
96497
37555
8394
47613
39286
34077
64855
78839
55372
19248
54601
80985
26455
66705
84989
76604
77692
63690
77533
60932
77679
83973
99874
75561
13415
73214
16555
52025
33991
47296
28491
74589
18616
48951
2625
25352
51628
25148
15947
55317
43328
61556
86865
97534
94790
48383
67988
99278
79602
59170
97152
20765
23873
53284
69929
46187
47065
72893
86945
40061
83072
77985
83372
61506
87055
19384
84607
87549
19703
3025
54598
96013
37133
93469
71744
30235
6174
13569
57900
87637
24105
66888
33786
13450
10375
96458
53341
44275
81066
14406
13847
79059
62255
39671
42371
16310
74027
17880
46633
22499
93451
31206
48531
1316
85339
1738
69992
87145
1313
82227
68862
76728
16460
29327
12793
91214
11568
41348
2517
76462
49557
66709
45979
9510
15871
91916
18766
63014
61256
58180
22117
13881
98645
28406
51528
74655
12504
76736
29450
90506
73210
8142
23989
62821
75688
76849
23037
47223
72215
88173
67879
36177
32647
35222
79837
65645
62249
25904
99794
94397
23775
36209
98642
18577
41221
79930
64902
9008
65315
21632
77056
15396
11455
60812
38846
55782
37259
7068
63182
26097
71598
21606
57219
17293
6500
94832
19043
36853
61781
50270
55415
48715
66676
20909
44655
32276
51859
95799
474
46968
69490
34626
58516
51032
77546
60694
11747
43942
38147
37184
54805
60021
77203
91993
79812
53234
93279
75031
78334
45032
92678
92706
32687
57763
76297
84925
19103
41507
63446
88266
61448
70814
56884
4429
3407
58796
56142
67193
33774
92513
65817
42682
71368
17562
94377
94662
49558
51642
4752
35715
41778
17861
17720
48764
56404
64902
58121
45154
44976
99702
52392
32400
41208
91146
39104
67309
1879
91506
13852
73076
66205
94517
54013
37491
29482
87556
78991
13711
9278
13681
27832
13806
2817
73439
47525
75355
87396
24081
19942
40808
55042
95455
18835
93454
40129
60485
24809
45381
36803
5912
4024
78078
24279
12322
69935
21154
87522
33473
51889
40016
92336
79547
79295
53448
85560
54991
97197
95417
10456
16129
16128
19009
50613
2732
48215
77774
79355
48444
49459
76314
40429
50670
2218
64819
86116
28851
50897
93140
31532
18551
72483
62456
61452
71549
23706
33093
6669
88280
99110
95933
60685
82247
83562
60816
9776
69050
45134
44402
30838
47031
54745
82228
47119
60804
11747
81133
66363
6906
49286
1954
98808
35512
87161
52134
48673
359
2649
32090
33814
17986
85004
69648
20929
23511
9153
99210
82843
68031
47648
9814
27128
98442
64891
82511
99366
78784
99494
38172
4954
97138
97896
66372
60406
99701
81700
58603
44832
65521
94693
64313
41184
69979
66500
725
2389
77597
20271
47629
83593
18534
14661
53906
29295
12812
69550
5950
39287
76924
59985
88878
73941
39222
19620
60250
35051
73530
19952
78173
28160
8502
41464
96420
61591
62558
2025
90488
17687
6844
117
67621
35363
89915
2924
5662
33690
809
50083
77733
96402
28686
62032
71760
90740
18298
59851
41274
53419
34978
83619
85997
41211
79333
39871
29762
85709
46464
25192
72849
88024
80829
22509
