api2_id
36800
79185
99175
24269
55646
71483
18894
49096
34875
50186
20314
36842
82543
8273
49270
90017
93283
21201
45621
9849
66958
76950
14239
95723
85266
85580
86208
97830
19524
65489
34443
6143
12711
42259
99949
32915
62010
65558
82707
26562
46501
12395
2384
31693
63678
21224
62449
30257
91425
23083
12662
20819
21189
49528
84542
48316
34556
45823
3445
24331
22334
25956
59795
11872
75641
42727
97502
88589
11428
4286
32479
89903
78234
56357
9977
2239
71676
17136
79065
25159
27326
31112
27172
45754
55829
31635
59885
1060
17225
39219
23035
40153
59365
2314
99523
97156
24850
65919
78975
26850
96052
51858
15766
8590
86949
93492
46847
89158
48679
71531
43761
11358
90183
43875
52295
49564
88805
25214
24422
83083
28787
61996
49015
57245
8166
86933
25409
90232
67169
91312
17748
99108
81480
66076
76834
23625
10741
87987
44500
9118
38875
16364
24910
27144
35942
59536
86742
52008
31535
75327
65804
35662
91245
41090
54748
48576
79921
25397
64140
95729
77510
93187
63835
59719
43240
58515
41748
74128
93435
83234
95623
27104
74566
11062
97616
11254
40108
62925
82846
59030
21064
12344
36302
60783
70734
70904
65578
71531
32689
96166
18326
6710
80779
40452
73304
21772
97782
95120
23851
70319
41317
92394
50254
87463
44736
57058
96484
88293
89628
4159
89745
42272
9860
82056
10866
72745
70341
29991
18602
52354
55969
79877
58249
55202
56634
87044
11931
98965
64140
84210
79309
92333
64718
49861
50253
99584
12313
17731
68772
41986
8533
24987
95710
69000
70189
55184
22746
93763
17895
5610
25354
27115
86365
82796
73529
14921
88664
98067
6812
95755
56215
86832
63216
86308
84523
70305
61975
89157
35471
25186
1241
46990
65711
95051
54059
47898
4344
28735
45905
75485
64533
74161
41364
91080
78939
25761
89292
11666
91961
22706
44973
41107
65399
71463
38745
49042
35665
34347
11374
67680
10807
42170
11781
48977
71164
18236
52117
40607
40526
74384
1667
8947
17399
18508
12345
88287
72704
4116
79107
59792
27350
98323
90625
48022
81043
29777
43643
29345
57082
65253
33824
81611
5435
56234
71426
92169
27971
18776
26325
68988
48590
15721
92474
43771
36642
75129
57985
76528
47649
28824
70573
46542
27679
49841
54087
26833
24850
55726
66445
71208
262
65588
49207
12413
62603
34667
13949
5443
82843
74320
89945
6373
67278
17391
31721
58331
58121
89812
5729
91211
27461
55224
84898
58435
58085
54827
26166
51722
54768
55579
6016
17833
29826
54109
15267
46243
49051
32102
78689
87016
85133
15374
13439
97262
13129
97453
47155
23180
8488
94451
36506
91626
63929
72896
60776
53566
12212
65566
46942
40078
58848
97985
23801
15874
58325
28873
77297
14432
24198
58000
59407
27190
19040
63920
824
6657
84263
24457
64299
43780
16736
92218
88029
41922
80908
48475
26495
11135
20147
33336
14814
25562
55057
9902
50828
4150
98230
62561
26769
42697
17268
21775
2621
85369
10191
74405
27027
57337
90923
22541
13462
99224
12129
70098
71443
34350
65856
75076
79832
76910
61367
40413
18699
11450
94289
14285
47882
30967
78446
85411
47626
91563
17892
13180
858
55348
3125
89107
31579
13724
23316
23120
97344
70155
51781
41329
23220
36873
79801
71833
58914
28000
40727
64823
54951
90654
13903
26204
64782
54527
92715
39069
65328
8355
10519
34906
59374
43914
19431
54176
97471
55990
10753
17185
52556
38385
24432
58218
72032
57031
17599
94792
258
7831
94800
40961
10570
27305
67222
32156
30920
20418
53909
78422
55368
97680
42722
32103
75935
90340
82345
63257
42559
30485
86326
31275
71240
50603
32579
86409
30265
59532
66005
71059
68928
76360
35287
94505
9262
67147
83321
16600
45979
93553
60267
108
82727
20866
81777
18923
73388
80811
24243
25285
65550
99435
20811
27382
48081
6632
21367
72171
45025
99026
79633
17370
60496
81235
48558
27904
34255
52900
83946
58029
23048
16354
74232
59603
86380
56714
92842
81821
34625
36409
63295
29558
36289
55989
26988
1347
62434
65514
41803
28746
66997
62378
51988
11392
39500
82482
94973
49763
94573
69340
69923
25081
55352
10113
79582
70811
81005
19572
32637
58700
26215
92393
44935
88349
21636
50133
7835
33788
73081
26389
45556
94049
45733
76960
52948
35088
4381
24593
62609
86466
75766
84902
39059
5825
93173
41592
79972
14885
48853
93077
85148
6015
5285
87665
80226
10527
16687
17214
49756
85754
11700
56758
62181
26204
38706
86802
78241
71127
40950
36152
27666
27436
13136
62415
75328
21833
75629
61138
27420
28370
72429
63300
8844
56725
19387
98311
98985
16195
92390
49324
85468
21622
54579
89804
15501
4895
80188
7497
2533
35196
53370
54641
84204
65631
61617
98626
17295
23932
67505
78918
58584
17102
32460
61077
70798
9052
59066
26697
19527
27558
34088
4492
22486
30522
36380
84186
92792
33619
2676
2425
71534
38137
52049
94490
77959
78716
33394
43234
46665
91441
49517
55325
34482
65821
58786
77031
73532
1966
42998
61086
40633
29416
70175
49902
47852
55368
38498
17052
73007
64924
55107
80369
53115
10345
53195
78938
64502
76663
361
37232
31699
16022
34056
13995
49859
33356
43123
86269
7807
55468
17799
10590
74974
71478
99307
15726
27268
51376
20252
68108
50048
46385
42840
22809
98984
94966
82881
72471
90948
27100
76158
51716
70151
76260
50206
2042
38928
65895
9325
73579
58145
1062
41843
58544
45704
8844
64744
64773
45696
4043
82928
93938
74365
60900
68427
50996
99360
3775
27422
63421
49270
4489
5515
55848
48068
14564
99276
70561
29723
20740
1356
95363
24823
49893
90795
47582
62706
27591
9485
66283
82124
54490
52780
71733
92510
47602
85061
36802
91592
61729
6093
73303
88128
51306
87749
45429
27290
62002
46454
4810
81515
37459
39726
52577
20150
27759
22332
38140
3663
59044
97621
96655
55833
42416
22788
21024
84071
10225
22738
85171
10835
61180
5707
88177
88065
35838
39362
34853
15620
38460
77719
77649
57332
60214
73900
61414
59150
21936
5411
62653
76748
45691
86984
80402
75278
47906
37765
77239
64788
98043
21862
82600
43730
7281
71904
44679
63107
44444
60060
35871
89102
17978
55112
99845
23836
38246
89727
92833
81747
4216
622
12464
84892
55971
57609
50899
56366
18325
83986
30043
86088
20641
44078
5599
29840
77601
84353
57621
55291
75939
74415
46973
22615
5485
85755
45338
78321
11272
68021
27290
5475
5186
46651
13971
83233
28586
2741
54941
13035
45968
42478
8197
73235
19786
49085
9147
21480
94322
78211
32070
11922
18798
50930
16960
62075
54129
21127
1223
38215
64791
14331
40833
63270
72685
71254
83304
11639
55360
41307
60555
63922
20539
2220
45184
94706
45792
91502
42636
27901
42839
34660
87084
81301
25426
67821
25191
50370
94815
42085
47283
22287
63145
39368
47225
90381
53915
53696
94819
11515
8284
48725
99104
53191
94638
2275
58469
41483
20367
93926
81861
37647
86800
31323
34184
25580
8102
12739
53755
32143
54780
14919
78553
50195
13708
58565
41574
27939
41655
74365
40359
92368
84687
4750
50636
16883
41982
25263
70650
97110
79784
39190
2911
55014
85453
23082
71664
36620
10903
31281
15768
38205
92991
23194
67261
53010
45951
4974
99172
79741
81735
73983
1513
9770
30697
78990
86726
41859
42959
97532
89056
37149
73756
85873
16454
49735
88288
43222
29784
49311
96432
43911
65686
10833
80020
684
2196
29176
98274
30196
80453
76442
9692
32743
24822
95585
84260
60145
50671
5341
31484
81315
57168
33212
9383
83358
30323
67448
90326
27529
13871
11826
58176
95653
54890
84856
24201
44408
90360
3897
73442
1371
36296
59644
67950
63734
33770
5042
92404
61544
171
65510
61829
93141
15572
55318
75663
55388
88150
9324
43074
56747
33333
63184
46266
14645
95501
35239
56438
83289
36840
98128
7056
62854
86797
76699
34533
16187
53739
23637
59024
70779
24175
82239
44315
60977
26603
29600
27595
26641
33967
97104
67594
21878
89195
61944
7128
45678
51801
13312
33879
88154
34685
91070
27688
47759
60546
88968
69574
3223
95302
40633
37792
88978
39795
80980
54588
1655
70840
93759
91921
79997
85581
30340
99638
38322
64140
79398
29481
51980
39376
29282
68836
34089
58045
54370
32337
84582
3631
96063
10335
50347
48187
28387
67019
21526
81622
77854
14829
18580
95525
1941
789
56751
42157
76547
873
25212
57192
86692
10338
15540
91428
48278
12932
8293
19355
280
28127
90749
94983
6271
38561
4422
72651
24972
41862
97192
11248
79876
86354
75197
38046
51603
82592
53230
45084
93854
6500
18388
89808
85846
36969
72213
60557
44879
33399
70780
52332
35247
72699
42642
61547
51672
72261
23320
61176
87946
55697
30480
61854
81886
95703
3967
51047
21231
78827
6245
78503
54451
11251
91866
9766
18233
53117
1308
35226
94616
85499
37756
2931
68356
67491
41288
93270
18692
57720
26112
48664
49339
9902
51339
74539
22425
37837
62063
75785
59102
2371
37868
82745
48224
11024
505
25282
76370
74487
1613
91355
90078
5951
83483
94077
5772
49922
39275
40090
89452
25324
50253
20177
5384
1042
38928
48123
546
51322
45798
99703
32788
49258
71290
63417
10301
16821
57529
57367
58718
73867
62892
82494
66552
43699
70443
45035
11151
16041
40795
27092
8016
89934
4180
90599
45558
17517
52039
61063
3836
62887
37539
30091
21146
33368
91350
72957
97483
67631
47501
78367
3507
63557
68106
25493
33786
92492
82095
9831
69939
1764
9546
60875
33459
46476
44396
12602
7262
39787
97636
42774
28841
57446
41468
30535
14703
7757
15814
66929
61840
45361
17489
56573
12920
19857
86161
70505
82911
45764
40035
79046
34616
67481
88692
1917
83258
21256
91831
46858
26972
1572
37346
38375
9412
19409
43405
80520
16037
65103
22485
67254
27616
36838
62339
28243
29644
38675
73974
83875
81460
71261
95080
61996
89589
69952
77728
75205
57211
32113
69996
18659
59916
53242
15387
66467
44127
62163
80528
19452
4289
36297
17338
35701
81002
27935
88889
55613
39769
21248
72550
35664
44112
51958
98543
30819
60169
84540
67220
34577
17873
22182
53929
65915
72111
86621
84149
45933
84208
11239
95140
13980
76200
65947
96260
57443
87419
48749
6788
12252
91872
19403
48754
11298
8831
92206
32166
53013
56149
31907
48280
47400
50545
64465
95934
65961
18647
32221
92671
66558
15645
64177
36665
20888
23767
46746
90559
48170
77533
26712
80735
31809
66192
38782
66835
18506
92420
23964
28993
94262
31143
77941
1364
25113
17365
10831
44369
62663
41662
42965
95729
88027
66479
80243
65051
95430
86492
42141
95584
2747
95176
45818
27599
82167
95962
26472
77167
16850
86362
57967
93693
62692
87841
74182
28474
32093
9305
83252
21823
69241
24565
81654
79963
96357
15934
33722
53149
38024
16314
77437
40517
50235
70782
53381
40035
95158
77165
37461
48384
95476
64714
50838
59656
14107
73185
84067
74526
89882
80471
91346
13248
99419
485
36147
18174
94793
92548
96663
17138
94588
74206
63593
80195
1712
83747
23764
34643
86388
56764
62603
99006
42339
91535
46523
18331
57138
46729
71179
91731
92241
21498
11023
43152
23915
56939
5035
85017
80540
96428
32322
62965
95198
83630
80568
52514
69374
2834
71847
9136
90506
43216
67116
11219
96496
2201
21619
58369
22202
5871
65459
89087
68731
37568
1294
22319
93770
53560
34839
5181
18476
82057
38138
66528
11580
86427
33214
13964
91783
55311
97550
49598
21020
24723
28793
72172
872
90754
76280
9586
37848
1
1443
72681
56858
60415
45178
61159
97242
93238
44087
88880
47531
6197
28424
95678
18328
30427
9945
97891
71542
44992
32714
20524
24488
13317
81734
12627
81332
62373
42383
72549
97263
33998
99711
72299
79302
48445
69534
32712
60412
38472
45467
45537
27592
38347
39498
29721
55318
88210
69289
48244
37061
7197
1980
4799
58465
12325
7052
3445
2176
2805
84149
78968
95655
57787
34562
51777
24681
39031
72183
36421
53966
24529
97838
96601
4418
36146
34972
44570
36623
38757
55013
8805
83122
64442
9490
33191
33175
80285
85921
70828
64683
57665
79293
85230
89899
92594
82883
89272
93992
76932
32094
51208
21428
178
43982
85482
32042
88314
87683
43802
35176
9152
34049
4882
1313
28758
96773
27838
95581
55496
81802
28446
96658
32137
49239
95773
17952
31609
90972
29568
6178
37778
11812
76397
58218
35546
55756
1601
5284
49515
36368
47090
62728
63754
23742
7561
96355
28957
71452
94803
92874
50833
42057
71264
96913
45065
20708
47660
93882
19951
35103
41732
40919
88440
55105
96204
84627
16592
16076
52312
53732
81897
29716
56810
84513
36896
24353
28491
14963
82608
85336
18919
37246
50092
25595
46459
46597
42638
75633
51258
73903
94491
69519
72406
22960
42438
11065
1631
69090
16186
84617
66779
95066
69211
10666
58096
96543
7769
139
47934
70243
64915
39958
90902
30676
51270
35984
88620
51928
17368
53528
32262
48624
21833
82589
78699
26940
28495
12692
43920
50164
63398
73696
61601
86057
78526
93477
8378
31423
79224
42253
39077
99966
63446
38805
81309
76836
29602
1840
33648
62910
79296
1830
77246
86045
79435
6570
18406
81148
35828
9968
83744
63019
25617
55461
43214
89927
61073
47970
89112
11918
49128
3548
49914
24821
53867
32043
93505
51900
65751
93440
41560
52188
72494
12570
25883
86587
84318
28022
24515
84211
98764
79368
5915
28205
44078
97344
75370
86387
11940
88017
5227
43917
39168
40487
29900
68902
24852
10589
68069
88742
28183
19371
29567
95029
94383
78834
94851
87689
61003
69964
79403
75395
92204
51727
67515
90054
1839
79328
71889
25681
2063
73598
71434
65963
39219
84534
86563
94386
70510
28780
45584
29089
78468
70185
10343
14398
10276
98961
13670
1510
84060
58037
72893
2583
19543
50468
82496
49649
8746
22787
31229
87848
96597
7959
98707
11260
91183
46899
28397
89520
96660
82229
68357
923
10918
50545
41790
36695
58750
33575
49117
79465
96732
94019
95733
65737
77132
97851
45883
96130
45572
75173
6278
19073
51329
85797
75577
71840
10714
71378
5823
23603
20408
54093
90804
2013
87709
27059
52236
17416
90258
53566
11462
80638
28939
5333
35331
41937
34159
42267
40876
81530
16583
63875
93827
46285
5457
66634
81466
33402
37365
20385
22313
71367
89273
56957
71861
60599
10473
24540
13012
23571
99334
61926
26892
59148
26211
87544
75939
36286
11533
48290
81971
7358
61096
10604
62181
49408
8090
64139
64692
46487
34017
28121
50332
18687
4658
39313
14875
70275
58592
12033
46748
21727
82926
52295
63330
79143
24450
49288
50642
4686
97678
86190
76994
73526
87400
31023
90292
84695
55834
14919
71894
45467
75874
58062
87463
40012
79651
61315
76529
34035
14560
58287
21116
77549
16178
50335
86898
77076
10297
17802
14208
63609
13858
58102
75174
61488
13707
90217
45427
50194
34677
43707
6424
28417
72183
82769
9919
78913
35950
48569
78156
93246
20469
25670
67808
53581
95159
2471
45131
97282
58735
40106
57294
73650
44527
71947
35783
42049
8804
52619
55100
10664
52467
8793
30145
91267
46399
79215
75343
14574
47136
23189
391
86673
39176
46727
63474
13961
49420
87119
90164
64336
909
11678
4540
65138
94784
36121
49299
54669
15458
60166
21627
46182
40536
44918
4013
86672
7149
92504
65817
25683
89848
63948
37459
77955
91781
78698
45264
5814
71904
41468
78232
60267
22649
88673
75078
13401
49116
70891
36109
40043
90758
90948
83557
95830
29317
48945
62261
4105
54914
63447
59838
91227
40738
46945
31757
47070
47614
2977
80529
84367
40386
50341
41265
56070
64570
20313
25018
64890
33766
38883
51044
30310
21834
58470
44686
20311
30367
50006
7701
42703
55552
98452
21307
70229
44317
95655
86567
73989
13269
41868
57262
94259
18410
20013
12273
74139
62930
54048
97148
72781
77327
73833
10395
96901
98470
86116
92791
41071
11270
18279
10982
41774
1391
26406
63712
43117
35668
20086
81957
22306
27048
15969
68254
86435
88420
92601
82363
40015
92373
88201
7005
73283
44320
75469
29308
72744
7989
12308
67890
89892
95751
2751
53489
86878
935
44064
36803
79633
61519
24009
46576
58061
21073
75788
55836
16367
32300
75234
37923
31723
55864
84573
16526
90317
97939
52179
89588
8286
33490
36781
67788
39566
77093
5457
41831
60119
9281
34451
24816
74434
68858
83510
96430
9516
9551
9636
64462
7007
55257
88366
27148
51657
13692
63580
30109
44796
49985
43686
2910
23654
2306
22121
43061
5085
40886
42411
7763
31486
13726
45217
36632
31195
8854
96009
3371
65996
6997
54289
23271
875
39187
81506
61042
94673
55203
8904
18717
73210
1729
86891
49652
7922
8100
1103
64791
42092
81394
63400
68237
96472
57644
97416
46141
24476
75659
71604
89600
75684
94208
77576
28602
55952
86454
11512
78993
29332
84215
60682
98944
96681
74368
73270
1131
21557
81174
98040
20496
43412
17620
74282
37369
24255
56026
52383
19946
58358
28277
44320
50749
15696
37152
35843
77346
25585
82630
28440
29474
37793
55134
18924
8091
63065
21731
73946
44770
52653
96220
52578
79560
75570
45268
4925
25470
26499
77709
99889
97655
80474
6610
63583
23835
4723
11833
10550
90446
54630
87669
32640
59066
91976
17378
59569
3772
97812
36494
69379
76010
40543
78992
38583
11734
4053
80030
28052
88275
20185
92964
77397
41691
71168
76881
3152
57344
96813
70300
49494
84516
71209
47712
1727
85806
99247
90072
49763
63096
65516
43780
88853
97792
93474
13085
5487
78639
46984
58626
60472
99920
62150
53156
53070
34528
7682
38852
52992
29486
22958
86553
48981
38031
24354
17206
19611
76304
19136
43669
31116
23827
18673
22047
52413
73399
99462
33748
26130
92327
54476
34375
80009
33721
8185
49849
27098
39969
82564
47979
15204
6938
89742
85942
54698
27364
54956
18142
37585
51368
64327
19242
79050
43285
58995
23913
87087
3462
28139
63014
74695
30476
15182
38016
51897
96331
60921
37058
12990
97860
26403
51216
86644
62001
48094
24698
56586
78525
43555
47597
98228
83817
79613
90113
48503
8912
30992
99302
47795
4836
36149
51170
40242
95995
22426
80513
86427
43046
69770
87858
50745
10230
16855
91291
21928
88632
20766
78472
84967
49535
90819
70724
9452
73761
98231
6911
76544
35871
88310
89365
6623
9956
83198
19011
14713
63425
8559
15878
81477
95880
16591
36849
44824
13364
41177
5216
14554
31675
58356
28861
83788
18241
56660
73508
98675
66314
74374
26890
33619
64712
13190
83123
87976
5066
15554
97983
26579
94016
92729
49162
34599
63530
50572
83630
56190
19700
7809
39901
13068
96845
18807
21729
78477
38477
78724
84500
28257
37559
43329
99673
89374
4068
16306
41580
84741
26788
85677
87595
28307
85595
14094
28722
28751
75710
59566
55545
78715
21571
3404
26539
57185
42603
35194
16137
79864
78413
63537
3674
58238
38465
69852
81675
44954
93095
18002
69227
47711
88894
8308
15711
770
99926
50739
50787
99061
64398
29353
70515
3959
50033
68138
29442
66407
4875
39141
74676
64815
11248
50403
83256
76063
36157
3817
89657
52724
24676
97300
37861
70479
54600
78290
6083
42042
70288
9155
40286
12079
76099
14375
77044
32398
74150
88740
7215
54163
47922
73691
49625
67031
70165
46335
72875
15726
22170
53988
4400
51981
50300
83830
42043
1313
15358
42440
92732
60216
72431
22413
35192
39632
39363
7209
60374
78692
79422
11301
14337
27296
62165
64308
82089
98014
29080
83061
20746
77110
98892
4504
24522
89258
89968
51293
29297
7382
70353
35158
91293
49558
50911
58741
83077
39220
72307
57555
16453
483
62183
10188
88247
40742
10248
97051
44730
51871
69157
76110
72465
39137
56206
35991
29450
75108
2517
19754
44920
91628
96261
78814
77775
26480
25057
1954
27463
72964
17774
34237
49843
58309
25970
50197
38192
55107
7269
58453
26836
18021
68172
44541
83257
7659
83512
51172
64270
57990
19938
63453
1933
55539
52944
27273
73539
69913
25071
94436
45121
17796
17956
57788
5217
39764
52500
85405
47789
4496
12492
89085
54574
18833
84598
6855
46920
54513
16465
87340
69300
60652
82828
58181
50036
92209
14242
93638
28724
32175
75421
37013
2667
17270
52070
93270
95570
78035
85192
66595
48446
80405
96329
59
91698
69147
74718
10397
90579
98008
35515
44976
84692
21550
81012
24279
39886
85441
30248
54155
49886
46395
54408
78854
3533
62287
72246
88431
46876
80691
91902
31609
44525
82110
81349
5594
31427
66887
64167
92695
96795
52794
52934
96404
21238
75706
64079
19510
35903
4779
63377
28255
5276
41165
21223
44101
52924
48732
94360
6336
58113
32747
70298
3331
85864
95936
73698
97825
45937
64078
97848
69533
25060
15394
30670
79162
16601
56002
83449
40282
93968
12494
80577
92948
48641
48
53421
84439
32463
73910
77525
41407
74814
18813
9938
28064
86362
12452
79470
68567
8074
99594
58310
92136
78551
17496
88027
19322
54790
95417
98982
7690
74339
6562
19944
74271
15743
94936
56673
54331
11044
18892
87668
23229
95633
41438
22289
28486
21638
72834
69005
4273
47798
41391
54106
10305
73656
94446
90646
75951
64299
44191
9258
79823
50233
60479
98690
98640
5584
20554
44298
67025
97259
10697
22302
81840
64242
87020
5671
89644
70282
64857
36090
33386
47971
1945
4167
85138
80910
26822
31243
54826
5737
78571
9465
16304
30651
90603
77155
45753
89515
60001
38322
53397
6566
98705
86355
499
43832
55838
40879
37754
63711
87011
67517
37839
66800
76980
53883
14638
60592
51863
96294
17710
60324
32675
70110
92742
58505
55370
68382
89538
54606
89292
19694
61666
16085
30951
74825
85611
54132
43013
92050
30119
91277
26474
81556
92217
9100
19436
79906
76361
54569
34033
88401
80532
4231
32604
86456
60846
79181
7187
70800
96886
28787
1427
70613
30029
60221
79214
66886
59470
12471
32238
78403
27832
94553
4374
89798
62395
81250
40909
61821
15450
89218
32897
57111
3339
21149
45669
93004
25159
6405
46651
37048
48377
84230
57029
35547
36523
76152
56375
83479
5994
97009
80694
53807
30871
32662
65612
50352
34704
12730
66383
64807
28360
46440
30214
20353
82896
47023
88750
14157
38780
2078
28339
34364
26722
63101
22810
48347
99529
36361
11821
75220
86222
75679
19649
14730
86945
20738
81067
92714
97663
96159
20582
63158
95048
46073
66202
30826
93104
71478
15649
47036
26768
9337
4187
11382
84840
17625
83656
82191
49929
94589
71001
49225
19832
23800
12427
41458
6567
23672
62628
25505
8723
94154
61850
55974
43826
53121
54152
53128
14324
20018
34502
99101
64127
60787
34239
13718
88068
66692
85878
97910
74243
53193
50501
61077
20372
24680
73324
60789
1896
56817
40056
83248
29013
15477
87223
90317
37982
14547
94265
80329
21120
67685
87467
73952
71746
32706
4950
53979
24020
12599
75357
7929
279
51277
16577
50552
19570
78091
24368
82621
14478
77847
99492
79910
59356
26671
54318
42718
60295
4601
1541
37023
97276
96520
30121
20479
16769
30948
13984
89257
31209
48293
73176
85744
64200
3902
52106
8654
43342
85832
58550
38250
31406
41910
32252
94218
97678
71188
25540
42105
78051
91178
40854
80449
22153
97176
25184
28979
81464
22937
8523
4989
23667
89325
16678
29272
22852
65037
5489
54510
52635
45422
47252
51821
21676
450
20653
4415
79307
73167
7662
79287
21699
61244
80980
15567
82663
45197
29385
72131
96459
27765
22105
88002
7460
38355
68681
99198
54208
71813
86941
11805
9200
34186
30593
26556
43670
65610
32929
5122
79848
13017
18422
10257
40489
45785
19988
64152
11482
19890
46772
91101
26690
80867
38046
23102
72669
65131
46128
87508
81390
23352
65415
38748
18396
99978
17540
25537
30585
81467
47634
89123
87573
90294
20412
36114
32907
36341
32814
29048
34732
72727
92656
44886
46801
39799
47643
24010
49150
57751
71958
60084
32275
24424
87596
24384
10569
85018
35347
21646
69140
34212
43408
85717
58906
93710
62192
97633
71167
3252
41496
46770
56053
76436
19206
70901
53521
13325
12164
32661
49040
71485
52823
9185
18093
72170
36736
73501
25889
78224
59409
54011
81351
58974
77859
91872
75416
16670
59615
76042
7239
17692
97036
34844
29117
82859
80892
24904
4701
90814
91706
40465
51706
74717
6751
5822
48600
39526
27011
74242
14635
65341
58774
74436
48760
35243
67247
28082
93948
82993
93586
76358
44749
65672
35858
53801
47827
46091
34587
14007
14360
81053
64852
30268
27816
72009
42225
54470
95449
52443
92873
4057
53240
42165
88944
40896
7651
11761
16865
79450
4340
21021
59988
80076
24167
6534
45185
3458
18221
74937
58885
5027
30109
55271
45220
41390
21392
41415
5570
14459
40368
16218
23375
44880
14006
39225
77697
58116
83623
74105
8722
35041
31944
93850
53670
35610
89503
9710
46233
8720
84328
81450
55390
43397
54002
40744
49295
69970
58340
13434
442
90602
18456
48650
65796
72894
99403
49901
45897
516
27092
54905
71742
857
91550
97563
96631
23585
21032
29823
62996
34985
99673
24240
43805
73150
93595
91292
26964
86991
98789
63338
80769
50662
45970
56734
42983
68930
42479
8014
99893
62808
38444
67211
28142
83501
30804
17324
47370
91862
75712
96317
2565
65225
15223
60544
80009
37567
28524
46363
61777
73523
5454
60138
29480
70537
1000
1052
46176
46059
97470
53442
69427
87026
81276
65226
47611
72910
78255
20749
37500
58072
48906
4529
76012
35094
18318
32551
98657
59795
86993
61892
60175
18353
29520
47815
6063
26143
12986
12886
98738
98897
89055
5651
79695
11845
8274
51215
55976
49293
89290
60557
14792
14069
93014
54041
74976
71208
24353
38604
10328
14668
4596
8397
59503
19020
29290
76562
49702
72553
32268
46078
67763
48136
14595
79464
84731
30377
75704
79166
61004
28915
4763
21719
79773
7960
60743
44932
99932
41098
94229
2283
57321
16691
7047
90761
58123
94912
15890
55564
57390
96403
6033
90999
57337
35575
41821
47518
41749
77724
41203
89629
50713
90851
87936
90094
65273
88930
58246
15934
12756
14301
41616
42874
99076
92440
70324
350
60567
59833
43486
1263
41489
4138
21011
5748
40299
80546
45463
64202
30175
49733
31594
60830
26879
28995
49906
37722
7408
8456
38713
91192
78124
16129
88119
37312
85438
57965
28509
20666
36741
25117
15662
92690
67746
62116
51305
39145
37351
59615
79660
28504
39801
64024
19588
79989
38966
77817
67488
69007
77288
7614
72692
8195
98898
81605
42527
10825
97267
48949
64651
70690
88514
93541
48550
58920
15876
59204
48477
54043
37283
63473
49258
69244
51005
82480
4942
93756
77225
53030
76637
44933
65333
25504
48753
96410
37899
83170
79422
16118
44804
24877
3327
47901
69497
47657
56084
17924
79516
33112
66720
59197
14613
86215
74529
60864
8965
76678
54409
95519
35652
48020
55507
37250
93255
29178
91141
40700
13317
25250
48247
81125
5644
35668
71349
18717
16091
49482
71955
67401
66450
61320
2163
68619
87763
370
93653
73096
47688
31007
29589
8789
8042
51326
59045
83801
59375
79341
40687
62162
90175
19079
66389
43756
61675
48551
26961
67355
60362
35742
48415
60626
20875
76618
4658
59403
90293
84371
29628
45996
68478
61383
38299
55817
96941
78337
69256
26193
49294
42489
9623
63388
30582
59785
49960
89219
13074
37582
21075
30481
38846
20013
82636
32517
53662
38652
23535
92755
42054
50558
52516
71881
41672
99259
17891
79562
64876
7217
58449
13712
57311
91334
67920
6302
16233
18050
83279
23440
1290
79930
65682
86668
92294
37780
14708
11376
13731
23159
11380
33121
32768
54102
24185
49395
93423
60027
4822
79274
27672
64243
37778
64255
73071
65929
83576
50678
73023
52805
60368
6849
61527
79899
44369
79578
29446
12724
72355
51061
85802
79139
97339
60878
53182
20727
78437
1031
43322
80010
18946
72325
7905
58716
87981
41881
86506
95883
31491
79755
5329
42269
89413
51638
19189
49989
57209
38142
79388
55440
13735
6222
74326
19319
97982
69809
93907
92634
39630
8606
14953
20375
7636
79173
15053
88787
47414
48198
5232
16716
57042
23192
98171
63899
27140
25927
61547
75907
11001
69790
80986
23317
81737
42418
60144
86061
3682
95521
78644
47296
14342
5140
33200
24176
29117
10431
63272
57221
3063
94757
65440
61046
24194
29866
53237
68853
79920
70038
21829
98075
79049
93489
27617
47188
6934
62735
56858
76795
63985
91484
88204
19495
95462
84568
49229
16499
19343
64121
87138
42212
97028
37368
73694
19116
9271
79781
97690
21563
37058
90237
67335
21412
97768
1934
91352
2633
17320
55569
81226
1849
20492
84067
5293
29016
5769
16003
47996
15776
27514
48547
59305
72889
30369
50061
79146
95337
42478
61104
97587
15914
7966
27921
48481
21093
59245
49690
71926
92566
99487
1079
85166
40518
14744
10995
95051
21578
57400
99008
22991
44764
71306
87013
99379
97119
55203
91478
48397
33133
5526
93116
32450
81395
38634
45350
31144
69095
77651
65444
98778
89713
42298
32836
17819
90494
1530
7456
51359
97956
69529
66442
45514
59277
16561
7163
83367
26337
44573
18223
53327
93184
70340
23240
87074
3509
17008
48845
55242
18466
19085
65353
24499
26703
80122
66895
83279
15002
27832
53929
79108
77558
11405
27452
35409
23827
12156
31381
1318
28732
47635
67238
12098
44190
82863
96124
54236
86691
43721
28589
46509
94012
33296
69643
18696
19368
85925
90066
235
94929
90276
3400
20361
72861
18486
17747
26490
61389
25664
80793
40281
69423
65156
50418
9973
86990
29556
38597
12967
50127
95475
88625
56628
99944
74179
54855
5131
81750
17545
27131
20542
95152
21564
64171
91354
23092
17319
71562
55142
84822
31762
32506
66103
82532
69951
39437
38415
48784
1895
10487
76593
28992
95231
66195
44081
60898
14315
94043
92393
56391
63517
87643
26818
5390
8512
40400
75712
77349
72314
46637
91432
33943
15242
36465
23528
14158
54184
745
31911
50672
74682
92831
56082
80754
27909
19963
49964
91054
7852
12823
22217
83568
63548
27250
62789
39684
57274
23153
85738
14229
39274
81909
97692
96540
16971
16865
23636
16105
93500
33330
33283
101
27549
12173
26458
34408
76093
67652
8529
76311
16550
27686
99942
19449
43946
43047
40083
77317
21529
30227
40187
70200
97985
73466
22037
20295
2816
59056
49709
75611
1050
69701
96569
42410
39179
52628
71528
3008
28710
35141
73928
36284
59081
26954
32809
42008
58052
58210
74660
78924
86409
80525
308
55766
6804
97329
98523
56729
87422
62546
95461
35889
65874
70634
62954
65734
57532
71379
38185
13155
3890
45145
99727
21162
21768
60361
60656
49345
41307
94077
1224
56951
19210
23927
87853
42698
94122
12294
39311
83282
88049
72303
18056
37566
46664
9712
64197
80554
11938
45282
50583
16106
43731
94285
36475
74544
48475
51064
5977
4884
91294
51350
54489
34209
63825
86903
93774
80938
11389
18991
87540
44135
17048
15478
89388
94481
89414
51911
49805
71529
21388
48834
6369
7752
74505
95871
3785
90787
91621
24048
51907
59982
83961
28718
37563
64952
47896
60977
16052
63481
5026
31489
66449
36525
79893
52713
89432
78089
52294
42045
35581
23367
94713
70059
28333
17920
92912
83115
67585
44552
69105
73433
74013
77747
25598
32430
25186
39285
14528
34701
38349
46250
48022
28077
54229
92258
69519
29060
24701
28482
72874
41980
41220
71380
51004
64615
29946
84895
7701
76276
98381
3862
12137
6207
98122
97764
41006
48923
71634
48735
47995
49892
97799
73134
85850
27732
98270
23605
93516
70664
8462
21042
18401
80279
55805
32933
79720
74723
28718
51292
32974
70048
2739
79677
32803
76957
26585
21385
25753
825
28790
32311
45705
8996
80123
8147
62228
14687
14692
27102
95331
39432
81270
50454
70837
83600
65530
65570
84418
28276
55280
3919
87345
17677
72183
72645
51539
15220
4792
90327
33937
42892
18543
44867
46419
98185
8187
97406
58990
63673
79536
64083
20983
30434
72748
45652
60347
12790
65304
31851
69959
3
24653
16005
81206
72962
70969
23188
52288
63506
58507
50236
9173
45861
86841
29416
12563
2995
58883
12129
93033
31909
88396
1600
36285
44489
8455
13853
89031
42569
85621
97860
97516
26818
72830
43258
62322
35856
4659
55805
54500
92545
91666
97169
79047
9632
90154
89943
45359
47361
36130
39626
19982
55588
43780
4798
89547
57635
59980
23711
77132
58847
85272
59196
70585
78010
10963
46421
52431
9691
99134
95140
55573
74098
53276
11891
29275
62725
99417
3900
38096
54400
6057
94730
22616
13835
64477
94526
2895
16959
39651
4125
50876
91028
81070
8575
56868
747
57909
12505
72358
27527
57879
7372
69330
9748
2226
38526
21275
89033
72280
78372
97968
90812
72541
45961
30636
41689
52055
19
76444
41309
51944
36639
89381
33033
91257
44436
54204
17742
44579
1167
27593
34105
87292
7574
42736
35381
82710
34272
62958
88355
92150
36035
31562
81166
71395
3805
78027
63369
90287
82713
32222
45344
42780
39686
3567
22555
42838
47140
66030
8529
91956
38376
84289
40333
50094
98092
89768
26601
67309
13961
64955
84834
85159
54469
78391
28994
84538
31625
24349
30941
67928
96809
58123
68626
86747
62035
95357
98181
7933
35130
67607
67544
93596
96765
51386
10677
2667
40011
98391
98490
8405
90985
78243
44892
71314
30530
86805
82211
81765
53440
24637
30219
69697
63070
96480
4827
27740
92404
98028
47316
13002
43950
33960
43605
37194
11841
93104
55768
40259
4203
30708
25893
53504
83090
14966
78762
1993
39552
37800
60007
95569
5282
91048
23658
90018
86821
43156
88066
4894
64857
11639
40079
6725
96858
14528
6768
24774
49101
30592
40958
81983
37901
34010
88876
69395
97799
2568
17139
72599
60737
27427
58799
79240
88721
31359
19240
50792
29344
77842
13470
78391
51776
95454
46763
92004
47174
64593
92684
45659
66803
58389
90618
34487
78263
16614
48807
23816
89802
9898
61951
88099
96457
17717
32130
68591
45666
8761
6111
60713
34377
98152
51283
69316
80826
42681
70863
35848
58855
57068
48928
16201
90641
11774
59640
93403
15534
50097
10854
52442
10270
6547
92792
83532
52407
48383
30596
95118
99953
11287
31090
28488
68031
10173
95643
88035
84864
87270
56528
36407
22642
8761
26454
7477
36732
52592
10237
95435
25375
64853
56668
22490
9619
3062
46518
51203
78273
83032
8321
68806
53660
99274
82209
90811
21992
95192
61898
49822
68147
87294
63152
12976
57116
42608
41110
34824
61765
94044
25302
79146
51429
94381
91547
2369
59151
7841
1818
52182
34604
43238
68072
62650
51282
72716
10124
71768
95637
19031
13368
54060
98827
64447
71271
98740
37998
77643
71545
57060
95639
14917
12148
34138
53848
44395
81096
87476
67348
96881
69806
72276
54336
26002
97707
92480
65342
34212
78263
20913
15409
79732
28246
80906
3162
78636
51725
54600
86236
71312
79076
42853
42336
1698
26876
99342
45438
83259
41230
7305
34647
67220
55925
36613
63769
41989
19816
97698
80039
46974
77362
87202
90546
32779
31761
48914
25522
45020
432
482
50048
98479
28294
17551
42647
6732
75655
93111
29852
66189
57725
63148
63431
20563
70546
23878
80999
25352
97140
9318
81011
59859
54836
8139
37417
58159
77053
47393
74712
6457
63294
55277
30453
12135
95991
83741
36196
30090
32946
64418
93345
36846
78478
71636
20847
69063
95133
91594
24528
33081
5519
25958
82733
70327
89302
20961
16587
90759
67448
74922
2658
8425
66221
43444
98341
97052
26701
26005
1942
21494
99525
58287
15323
41435
18327
4983
2350
36511
36514
23857
6883
54937
57204
86009
47400
71370
11308
65239
69349
38413
75945
57946
32588
28414
77318
28552
97031
90983
28450
17907
45431
47255
20581
99359
48660
80267
48967
56770
10161
70594
23716
49846
72460
52730
91134
34515
56150
35840
13752
54208
32886
4815
85902
42684
71200
59248
61739
80817
55868
33429
39620
57925
58152
7600
29157
74020
16564
56431
53227
57614
78000
37562
7798
70453
82665
13624
68264
94515
32010
41152
50773
91721
26915
30446
30376
94290
99691
23277
26977
29575
67725
64185
15292
10732
89060
93769
46896
74174
78334
80701
87305
19727
82218
53063
42884
61006
38369
88272
75198
97702
29307
38155
35846
8309
41777
57440
3670
50732
97207
47991
80031
9236
15916
55993
11379
12513
89646
95476
34997
2028
15813
25977
62824
48899
72372
86269
81057
43205
65605
72486
63698
6894
8741
57803
31101
30159
55050
81465
56634
53760
92813
31715
589
43305
11167
47355
54743
93929
88891
28923
83945
78341
42260
60191
46200
2140
17139
3659
91171
28123
89657
88027
70455
61465
53360
12209
70970
48640
94944
51994
73917
20350
70664
73058
98214
86285
39099
1159
68203
30830
86489
24311
43137
75656
61189
11860
93697
69780
21605
17006
53730
26107
15379
89486
74345
83147
67718
60664
1763
55003
22874
59498
88258
48792
11619
44702
13135
43470
1711
43559
17911
26916
71174
92170
54490
31728
10229
92578
27937
88735
80611
11971
67753
69542
46784
59403
39640
50126
3592
78394
50017
99177
92595
57859
29854
48723
51283
99324
90010
93280
23067
89229
40938
19049
63232
88488
31168
12904
3783
89779
68018
38365
56462
10021
54996
86618
62155
99354
40806
28774
53287
67396
89001
30637
33943
52636
13416
81428
57679
38495
75514
10288
49849
39355
73737
56005
25943
66872
89503
29125
19944
92716
47298
93866
84745
95640
55579
87999
17266
63285
92273
94359
83071
57217
17687
87948
8370
8892
39835
52485
22808
36414
73430
7832
10446
24384
4367
53450
77207
35338
69769
8383
88799
50012
26394
2945
77493
75648
14145
70791
40009
33859
98235
66603
34377
21462
66896
21578
16028
37619
10575
56569
22937
75359
73561
33264
99435
84534
85194
46774
93082
76276
71639
5114
50749
78320
97020
18189
84755
14108
9648
3316
49306
30519
76816
17485
39754
69324
15485
79903
20209
39176
74719
32403
89582
14302
15759
70797
58695
35117
55110
52341
73070
67809
98296
61688
90184
14989
65115
76849
80569
23681
92284
9221
11405
6605
80777
47446
71177
91441
8855
65679
66120
45529
61122
92470
62502
94413
58124
78587
39320
41213
65615
20715
18523
76812
11122
51983
40485
26831
84718
6890
84408
2069
96749
44565
9966
12710
90594
71345
41871
57470
94212
7225
40118
79497
65654
16333
60820
10936
69777
80306
24790
93899
74120
23054
91966
76230
82547
26258
60009
88566
95330
81446
42823
44443
88707
81341
13380
56740
15638
70639
73762
77765
49228
6389
40730
21882
20300
88639
90812
86983
36615
94291
68955
30746
63127
33820
56468
38807
69974
16571
94647
47141
29305
49496
25993
27439
81573
12009
41354
59415
23050
48582
61697
64241
24135
36559
90960
43370
96404
25360
65943
25118
50306
88365
42133
32515
31651
90829
47541
67288
33473
42191
47160
58340
73343
85022
28021
94365
80072
13636
86778
71912
99928
74707
91415
83708
12488
31088
6518
91347
96743
86879
98122
17295
71993
32242
33653
17098
3638
30948
42555
58461
67093
5263
52837
62774
43981
80299
29849
86617
65270
92229
77537
74980
28815
19635
86122
70907
26392
58765
48138
32078
40281
20150
45617
58591
18836
80598
63539
71623
10707
51283
19979
12854
83040
12023
86853
18130
13205
3360
40782
69545
78957
27198
21045
79660
84008
55719
67321
97639
58102
3009
54668
85374
58816
29324
38168
9569
22362
72433
66341
39424
55624
90652
47034
76095
87487
1249
40350
544
5155
47888
89616
81391
77862
83590
47658
76248
66163
8056
45330
23135
33602
39789
45283
19791
12514
53167
58029
28672
25583
58848
36805
73238
85353
83710
81374
50906
33938
43346
65067
99833
16245
26072
11379
65657
64294
13742
6987
51209
89648
92320
93687
87468
83297
29081
31775
59081
27459
1141
56480
26144
7850
74364
5797
11194
56471
6182
42058
47024
19225
27426
55596
95624
22604
85923
1804
84663
39994
80671
86259
46820
67945
86940
31081
95429
61240
67481
64731
12035
51977
13474
40520
85980
56941
44321
95340
65693
12653
35629
60905
38686
8873
7501
23539
25440
15580
79334
28083
92653
78432
47612
65896
46496
71187
46734
89822
7261
76743
51102
47330
53938
92309
5656
18126
37043
86799
15127
23698
38495
38544
99068
71253
93259
29421
90788
62105
16938
11524
92255
28775
18058
19216
26768
70883
75868
13857
65478
42927
14181
33834
31802
68009
30484
59177
39959
8016
75534
4397
11450
81570
10180
4025
13840
49902
29701
94701
58071
6385
95942
71800
40796
88416
62693
58285
38495
48253
48951
63265
84264
3288
31421
29211
38399
6716
41021
80336
422
95568
60028
62151
19029
34045
90914
37619
77439
23420
67538
28652
77552
65747
85748
23507
99870
87419
66800
22947
90086
93760
43212
82374
67888
83066
86266
98566
23291
26004
32624
40087
32991
62188
45842
47757
34390
71026
99633
12272
13389
77471
84821
29490
29453
57434
96120
27194
36756
89009
82763
93031
31668
45809
54955
15237
46124
67771
36620
91514
2279
92962
26781
87838
91658
46277
19868
62894
5416
77863
71569
9079
89703
93205
71029
78195
72406
20700
15588
6888
63034
98146
62116
13617
48463
48700
48053
41673
71933
67108
20110
34501
64577
78716
57149
88434
46535
89134
575
52331
41341
69988
74590
54471
79684
9710
17947
11658
16256
7046
91527
60583
90181
83811
10816
64582
95957
42844
76328
28845
25668
4832
91983
42453
87682
78181
59704
52465
18250
72787
23275
61919
88136
68611
23588
24788
52444
19154
7155
54892
15878
61400
10144
82036
72154
98507
4897
32717
69885
79716
7541
56650
88577
73366
34649
48083
2823
37149
15855
82367
32900
60308
70778
1037
90199
202
3085
13856
77277
77909
70212
89824
25192
71102
32660
85263
80622
65584
2734
93642
33993
54173
756
86377
10009
19984
30871
38889
56340
79459
10633
82159
48762
53638
2431
4116
30042
14410
38703
87951
33642
1739
97291
93706
71277
84191
5447
53764
10400
41200
7035
91739
64645
89355
55710
53733
75334
48435
93269
13313
27029
78835
30659
22179
62704
6064
40900
73674
69921
62886
55058
2567
94776
52260
80848
33272
21802
30401
29809
5116
45438
37566
19919
51126
15435
30992
66858
49753
93927
82731
65755
58722
83920
86104
12266
60536
94187
92017
73480
359
37029
96490
99443
11572
74346
72839
81492
75352
84483
28936
22969
18878
76184
51872
53692
64653
13991
49386
73256
75505
37521
21212
51349
9484
6246
23159
52386
51376
38848
2325
75700
58984
43097
87365
11322
77382
513
85364
38065
48394
68406
68458
63715
13046
79358
49418
80630
86499
54953
39864
5598
20394
29376
71218
62470
80574
50820
67162
3401
62550
92696
6423
62500
47289
42010
91973
46993
13027
98561
23861
14278
53668
44994
42142
2579
78490
15554
16185
40172
57998
47243
75390
64654
42228
83600
48453
75560
22970
30598
76867
44448
92149
39534
85571
92897
91632
65011
81629
42762
93725
91664
3890
4945
71192
99532
89482
72422
64566
18899
86302
7936
34265
44580
84907
18209
51610
27387
83760
1441
22642
62701
10696
26793
27964
96517
99718
67996
65823
73449
33882
82102
71789
34408
77458
98360
13083
23010
39171
86425
3410
40719
55397
45275
51165
83411
98246
87398
79697
44493
94410
31198
16320
93966
19382
51730
71308
17733
68794
34783
33357
31256
16868
29729
31158
55610
58459
82581
49714
91018
20356
22981
77969
55874
85244
77112
18797
87493
50257
71153
15404
90842
3878
13413
35001
22623
46814
4599
64670
52818
82111
88368
40851
41572
67306
72749
75891
3153
55519
12922
95107
72670
96259
98904
48192
86459
80171
99782
95558
19946
71040
51029
70932
25433
85320
53884
11509
78982
80847
66301
79766
8686
75725
14058
93913
47174
65519
49383
10880
49790
58433
66950
92764
44418
15896
28657
82096
66120
83157
45485
48062
69252
22336
70056
78040
7724
81468
85168
96952
80497
46948
2562
40924
63746
90384
31528
4539
10764
53189
75245
4936
30160
91408
27973
37404
48189
37559
64600
50370
87827
2232
95649
65283
85753
57125
85861
38792
11177
21433
20467
48156
66069
13778
78692
46075
9702
61505
57926
7165
31575
60198
41742
72211
3748
68240
76411
80506
66760
22728
45802
74647
84097
41062
55464
11345
18327
27642
19714
37858
38926
59230
4732
46826
64702
40438
69361
4630
70730
69118
68898
82183
34559
67685
71845
95028
12770
55257
97401
13758
1926
9584
26357
30032
7763
52673
8503
61761
79233
79120
46402
79812
50784
81009
97791
44153
205
8185
94378
5785
87550
17607
81861
95270
62235
53937
86389
30851
66618
63517
56977
70384
208
46368
18962
94412
30498
80378
57024
30361
50234
33419
68462
80167
36315
12743
99116
6398
94964
23874
38282
12100
47535
29993
92494
89366
19497
58966
38850
52831
49623
21088
85387
75746
94554
3182
37418
34336
3359
49901
60490
81690
78393
92975
26057
96852
27562
94090
91274
50751
10999
19793
92246
71696
77420
40922
14434
12068
1700
75425
4014
94184
96803
72275
5776
67068
95661
32609
82048
79189
54144
20950
47222
73086
90173
69305
17194
91293
96776
57777
20988
42319
74700
88019
93326
70308
52655
79490
29937
73467
75144
60335
47863
49621
83946
40695
52088
33106
85156
88872
82879
98571
90233
46645
44318
7848
81374
52449
4611
97977
56679
63928
12015
88545
72816
99268
12165
51693
79195
70191
30477
97741
89414
5986
27338
8770
8785
52077
80161
32078
37205
32391
81240
1171
83024
15949
46429
75690
39973
92373
19990
90235
27377
30999
63591
88967
79994
61863
72515
35261
22623
59852
45482
64265
31734
31807
85207
54355
22720
85890
77128
81558
52529
1770
59789
19610
28858
87106
69167
85814
88746
10733
14197
58444
41855
34364
68204
37564
16311
75455
22261
54295
84442
69512
56211
65660
44490
21137
23150
74109
30565
72647
88274
6009
2553
27264
80166
23490
11504
11492
99419
36687
44269
59154
54794
1696
26547
79148
7930
37816
82064
70143
1137
30772
97183
92847
4671
36691
87258
86360
46283
29616
46480
4602
61674
96455
92861
59338
48818
18361
17228
98022
11897
90946
37444
8339
68816
61084
17046
38662
95677
1732
67793
33970
60668
12607
58955
26661
88750
535
78942
57716
23024
20508
79606
10809
4746
16088
62272
75549
27961
79572
22516
59660
75791
99727
69947
35805
4681
73149
93580
37585
21475
3450
73893
92357
76905
8823
23529
94636
69659
55222
52432
584
30076
10320
63771
60085
50296
92097
54027
97256
70979
88218
1333
73257
25815
71503
41667
86317
75313
80936
22577
69633
94271
22624
36430
5544
63958
88472
52933
43578
21756
16035
17636
95372
92019
69728
58695
3900
18069
85448
98248
40199
27202
89243
85329
4494
62676
35022
54963
3961
52970
44748
66291
59453
59985
84513
643
69487
24189
54535
41549
6767
15779
22064
28706
52300
94680
88691
56406
23006
35599
81777
16043
12666
76341
40657
79114
32239
73646
77289
75239
61141
53571
29093
12592
3622
16720
31228
81379
26773
48736
10531
38489
5974
62947
75316
30585
63436
76908
75747
90407
61592
19680
18641
70290
72217
21123
27368
29371
57255
60688
94471
49918
81030
86224
91522
64949
31516
39249
56803
11072
55040
16014
85920
35049
15228
60123
88234
98858
4249
39996
9499
6063
79840
26473
9352
48889
11370
32436
4084
85167
82424
20
51131
22085
6738
59338
79245
14844
45486
3362
72457
80520
58463
4669
4700
35064
14435
18329
19629
87923
59213
23530
12174
34467
72206
59268
90888
74392
5739
50916
73659
79104
96245
96387
55512
49200
44858
4142
94941
25736
35466
1458
27404
91937
68882
97356
428
41807
87569
27364
28522
65608
17544
12110
3857
18543
91245
81377
87036
78100
17326
87548
34243
12209
59998
2785
27732
13161
14144
62937
81360
43636
56283
67826
99935
85931
82436
26592
59505
19819
77313
52823
36774
39680
70372
97541
28753
92392
84625
11030
62430
86477
69429
60926
72252
18819
6123
70161
67107
43540
36718
1835
53011
71014
82601
70640
22043
87446
41421
67107
71798
5893
36400
61119
8829
71439
71742
55018
52195
52374
26451
60794
47008
80313
80397
44012
94717
70217
46076
914
92062
82057
17090
89384
66933
30973
81268
10487
31603
45743
76043
39844
95205
60505
20134
5295
64752
83202
18546
44187
71315
37476
77451
17649
95054
64431
64257
68524
98088
69278
24148
81869
37010
12051
8544
7166
62858
5201
48936
21174
3519
49897
94974
41007
33465
53759
12343
16244
81366
44560
42476
83168
89428
26378
36315
66684
52482
80595
1384
31391
78249
6656
97850
63213
3130
99575
21968
98798
81155
25714
325
31096
89819
52855
57745
15131
38529
40705
78790
21112
45578
7294
55510
81529
49654
55885
44241
39177
92701
87071
29768
9069
38981
72946
13116
20500
1957
74777
22160
46897
91575
95258
79258
34389
65351
16199
80725
38778
38795
99625
57318
65870
83583
44010
79096
41742
4331
27475
16650
37120
74809
4238
1800
68288
45331
6742
7474
85903
17733
1897
30349
35090
8207
40946
57711
30139
48028
59202
30427
34303
92868
78117
19412
59441
6862
59542
5688
47501
49009
34652
18360
2221
64513
78649
89358
62190
86779
59405
9084
20701
22164
84252
56644
88331
10578
64615
63006
55667
3287
64035
84255
59405
12213
44002
20693
40865
94263
2843
70873
87819
79771
58566
44624
22575
73985
68823
69249
46442
33781
98442
39403
25809
59543
81662
13413
18307
21187
86304
57419
65912
10077
72902
42734
43193
23297
30271
40081
33347
21783
21541
55884
80747
42424
63537
9035
74110
22429
56357
7524
19893
97868
51933
18558
61025
25757
24556
2046
32505
63601
58051
12090
33211
70966
42022
66093
39776
80424
67997
35389
75236
33347
44589
44122
92804
67087
8209
23907
71565
95322
42768
80412
92308
40563
37965
2465
77112
85783
98265
14353
74200
97402
55121
91291
34159
37404
59752
93539
5112
83754
7415
64766
85367
84505
14872
76831
28155
33284
47566
98248
13220
58447
41522
6792
55410
70647
45775
12539
72793
76977
42895
38219
51869
56586
78472
5677
60493
85984
28591
70168
63528
78656
16535
94912
71210
94165
19863
87173
26087
27947
6528
25961
24190
38022
85018
11097
72622
42004
635
59403
63413
5151
60231
25786
96127
86560
4347
81232
57820
74550
80791
51656
95368
77791
43055
74473
6717
46995
36277
94454
85689
10076
45702
82002
42213
85687
36876
97643
11364
53617
1577
54277
50326
35531
92034
28609
78939
19777
46387
401
76019
57574
27514
79440
85348
95178
66884
14519
38866
93965
30631
42372
98990
15239
20712
66367
12367
5488
12163
24761
30663
45533
2850
62928
83150
68210
7302
28059
16510
91704
57537
73617
81001
43105
23869
54272
75034
3919
42728
26962
62905
59432
81332
78345
44035
16550
14850
373
17365
50526
91835
83184
36180
3351
57541
55513
28440
56170
11997
43237
80882
67458
69889
47982
73764
44802
21985
93607
86956
82184
26866
69772
14408
63573
37449
48929
79236
97860
68061
24188
72838
26718
38088
92500
73826
9651
49842
47260
60821
78838
17377
67309
8277
50837
65272
70238
75024
69561
92835
5383
54959
16668
32993
15728
82269
6773
22735
93390
72719
82995
69041
9470
6010
97227
11196
69033
31217
8970
89077
78378
38766
12817
23467
68072
33385
89749
35634
19338
43452
64881
42874
50657
81202
52202
68990
85795
34463
29337
39226
8404
17282
76397
64846
9104
39134
57390
27367
79195
2497
13815
58344
17322
57079
32199
70695
60649
88662
87296
5034
49191
84747
84258
24009
37450
30844
9968
91470
6892
87730
55803
9438
1940
74416
8977
3058
85092
59720
8103
43770
78161
63694
48523
17515
18749
6926
71363
88710
50975
72681
71975
41776
66869
30229
56104
48549
11480
82880
69866
54075
19387
56622
49776
40652
41550
39737
98815
25321
76580
38467
95211
39521
39354
19062
14291
35919
69198
16939
72000
37130
38298
3970
4152
47144
32111
38468
82380
55740
29302
49161
21485
59434
26399
90324
34814
27986
45881
13131
6458
64979
3568
29866
37831
54285
44611
62424
84065
39543
41341
21642
25172
5236
42343
54280
14435
69343
86261
89424
37701
14506
52725
70853
64011
90877
77546
88447
1304
30498
18638
49579
90326
24835
99481
23060
65620
5112
21903
96546
19745
7534
84191
94948
37748
55176
10228
70259
29498
80080
81666
44996
43069
95181
46383
24623
21543
31619
76938
7440
12587
22917
66777
279
10512
44393
11432
34085
1118
72838
29604
29523
2219
60724
87520
11338
64601
5430
60304
1372
29015
42342
16178
65325
8606
78789
72298
16904
26071
16540
21212
43299
27606
2093
4582
54635
58311
24859
53729
14317
36466
58074
53404
44663
74310
83696
75777
43682
12153
52620
57387
3941
58413
77949
11913
52694
32624
78827
97663
40547
3426
10464
53462
62632
49445
47961
94633
27830
46763
98866
37620
5748
36626
86260
33117
88711
20815
19771
33879
28657
15386
61112
76582
3360
72538
29151
16323
68017
88494
46794
31159
99276
98876
14844
92461
27159
19999
11724
62348
96323
90773
38256
96327
52179
73978
93080
2596
32711
14987
95276
13200
70563
73174
24672
39759
67659
96785
87529
22875
50332
25301
12536
84533
56986
71291
28975
92425
1841
21496
54280
66
18166
43278
7644
80798
79452
20231
6487
44467
19843
28759
7326
83299
31086
80295
59419
50533
19663
79001
82371
63389
43825
83466
89168
66941
38619
35484
59427
69792
24714
76321
69797
42275
22780
53528
55893
92906
45591
68323
60343
31281
39894
61785
861
64402
75774
21256
93517
88173
35976
94786
28232
11433
26518
24474
85614
53512
2612
311
74053
45082
76379
11806
66828
98925
40058
6778
47023
12601
3916
11044
3353
93673
92445
49604
5396
43010
62008
99022
85575
36792
36020
13980
34419
47451
5755
36506
41604
47487
37189
92589
63089
63169
24828
59029
63332
63027
36427
92497
29333
8881
19735
3803
69213
15770
75146
62655
93640
23991
98651
74889
98493
14323
1550
11494
37004
61995
79234
11262
79174
4919
22980
32897
69607
29442
17225
42206
35771
67010
271
77348
83428
3359
40734
74696
7961
36236
28967
2865
97362
65520
38053
80755
9083
46921
82764
67714
90214
37031
43409
71944
2223
50103
57656
82609
85207
15045
52265
22804
68596
2032
79183
78176
71681
41780
59492
84032
54655
71441
21484
57686
84791
66377
43267
14326
79425
44402
71846
96070
49163
7711
63569
76584
65202
47825
47391
28988
3190
69950
2029
18864
89125
88572
39280
19047
13725
92233
55168
16416
69827
92035
40125
45836
3992
67243
10510
53368
32863
29212
98668
62725
95669
38392
46533
72545
97162
34705
85500
65127
66178
32222
39883
67921
39230
85038
99526
95223
71098
84674
20004
60411
29714
37359
48333
97425
9267
88374
12358
45818
86062
54013
8296
80185
71269
21263
65251
77274
66274
45601
69412
27679
96166
23413
35192
44798
61634
69656
81142
37380
53276
93514
78389
24842
6315
91036
88976
18846
13575
90688
74920
91270
95059
92489
17906
85808
7080
83444
60466
84478
37758
1778
49631
84526
14531
95581
52743
4961
92190
1233
99816
24072
90108
47501
11907
14671
68230
91787
58305
82474
65782
91329
24914
47937
96226
18349
26030
61120
51407
75888
34656
84818
63479
5084
65350
80239
3950
96797
45327
93303
77611
18556
69949
85928
87390
12684
52432
65241
24278
24912
86052
69455
89223
16770
32933
15610
49335
46809
81377
4090
46932
34231
7372
31856
88358
79094
21816
8398
22646
52238
68678
21140
84442
45777
73812
49186
57970
86285
63100
39428
44395
12495
58520
16768
47261
73637
29306
83802
91366
26420
64724
22315
25400
34678
2720
54002
59280
56504
68605
85816
57289
29402
35905
18541
51711
69855
22509
81053
84196
58994
84996
29271
11251
17529
12041
93190
73155
1314
4731
86243
18983
58032
81896
51812
68604
20507
47894
11575
95956
4296
2726
2056
10011
13179
40953
70340
84656
8605
40343
25601
22308
4683
10262
46775
57602
50531
45234
67777
64916
53999
31385
18832
79984
54555
68287
68193
26566
6784
43149
8745
20467
45724
99735
14094
98607
86385
35164
74459
47923
35874
76510
3819
13612
76564
81194
57525
49913
78388
9052
73034
53324
7376
39326
47420
63199
1737
12974
75212
36865
13878
10205
80977
45332
66799
65859
36985
49562
68906
6216
35818
27355
25304
8022
95227
88706
24005
82216
56723
32865
17705
44238
6189
95011
20021
50908
16115
11624
80405
60658
44537
43751
46618
40735
1396
5964
60033
68930
70300
36898
3009
83634
74066
31069
81463
95417
72057
58696
13341
61123
55211
40862
66
89849
76670
34692
20746
87868
15578
79367
64886
12143
74473
90583
50005
44054
76128
42515
96995
13925
88562
35103
75912
67265
86081
50283
81922
94311
92776
6318
8877
72945
43183
89330
9422
2663
39689
35754
43147
5646
60387
61764
86918
64413
46093
21891
22946
44033
863
16212
30827
1990
60002
56958
60993
71754
93857
50998
72446
57312
50438
24707
91388
60741
53748
15002
73258
44656
5769
95039
13880
72187
66436
85040
55514
85497
17455
73200
89539
56703
46264
94114
26407
39336
75199
86668
64497
44530
6015
28208
55905
15405
59435
78097
77515
13444
90272
46989
8872
49145
10939
83950
19240
99056
14863
59932
62354
35449
53686
17374
13032
82030
16081
24781
87684
53646
97367
45988
79315
90797
23152
48158
97870
84344
38482
44979
98728
51168
26154
78369
19116
17849
88968
69213
32480
1786
71222
9727
79443
51132
42385
94614
59602
94242
61843
74707
11538
43646
21144
89936
36087
40550
67064
65934
18011
16786
31201
40271
2731
35448
97642
5294
57065
99099
91339
62576
50969
86165
24940
88994
75455
13535
83068
82388
62026
89419
85696
39622
29755
1415
17431
8303
26763
79756
30961
4294
3663
29535
7575
34827
54566
3861
54815
15920
29292
33711
2916
45473
97317
4073
74616
26389
31265
28905
21766
89618
69164
54964
72299
50307
61781
753
75349
20388
97712
12502
48548
14475
84253
20922
4743
77417
923
85258
7759
2849
60329
74503
29276
36535
21448
98153
2331
49757
27526
77932
82128
21433
58950
84163
32810
25493
69253
54882
21179
65523
25794
34676
86690
91549
64934
85137
11329
39957
59821
66369
79027
16324
77678
9380
81263
11939
55568
7802
72818
84021
57142
34445
47984
22251
1458
541
25220
84406
7299
91530
84388
35178
73290
19146
79297
42798
80469
78841
67407
20861
75959
14017
75221
6402
54227
49565
81645
79706
37930
86957
80377
32651
51732
50648
45316
47801
89140
81189
17529
75802
7712
6323
85814
42293
83323
60235
69330
17698
32932
35779
45636
71162
7530
34535
75721
60758
88717
63675
55524
64325
46422
10031
6399
97356
75288
20374
99361
34414
57382
96571
18995
30802
7502
92370
61348
90348
24869
87026
18474
64319
95731
98954
7770
67514
25784
51315
60000
46704
91809
50406
58656
92076
1544
7777
7205
72192
11017
48109
6662
91441
311
80347
99190
20385
64774
10858
89168
4507
86882
10812
19008
53660
8301
97636
80319
60727
33604
78492
54545
31549
54268
83125
4872
15980
84139
27341
76538
89907
57
79360
44661
24962
19747
25660
82575
95702
35574
55234
76371
52220
79663
52947
7705
19221
96213
27280
87234
25934
60376
44868
59877
53232
71281
89351
90713
17405
64925
75060
18128
12088
4652
32195
25831
43166
12858
70627
92500
91702
22557
86002
28727
58874
39508
67472
56638
76380
65131
50075
67684
59633
51574
76483
66982
12295
94133
56364
42073
77771
34588
36641
64115
50948
57199
42111
59256
89039
58490
79925
83622
27364
8962
71545
47150
58503
83058
56965
88678
74722
8777
35245
17681
53200
35785
31321
63795
46935
23115
26899
21116
78022
49929
55597
41428
46848
12446
4788
17373
4238
87952
63027
65164
2835
87354
79842
35586
1037
69533
27146
22682
65620
69886
63705
32918
5718
29712
93969
67677
25063
45467
82581
65481
64766
8222
98782
7673
95660
5837
47525
19479
51091
84540
36502
80220
91482
13514
23675
57249
63744
56217
97112
96828
83827
30474
42715
60879
37444
91122
29493
36071
72102
63570
70366
35521
25009
8991
89999
9704
93558
27157
60060
77988
9939
81435
98650
14302
67184
36153
51675
42064
41582
27984
27421
9756
4980
92460
63851
32867
57510
96309
86053
62763
93041
44584
65329
45564
6283
48073
41715
62410
87034
45601
25347
91693
26839
27199
18702
4418
2039
86710
56740
50801
41213
69008
41788
52068
77777
89539
42473
86087
48016
8993
51373
57236
43290
19353
32570
3547
10613
45839
77222
10536
41885
44798
21179
25331
11755
71232
94139
54739
41287
88820
13963
79725
97760
56685
9685
5127
21150
97476
81398
39380
73585
85501
20886
94504
68976
33093
11063
7649
56424
54636
2273
36025
71655
1474
6567
97151
36258
46755
94328
74373
14802
32080
7293
24229
74844
15291
55236
45775
15146
40460
20170
30710
70028
40489
70720
5310
85195
86651
54399
39438
68657
6541
62530
88521
9399
25583
99167
69329
99465
30565
60935
20567
59080
11677
35044
37700
39428
46887
97925
75227
77275
98571
84455
56563
83783
67144
5371
64400
94079
63712
89679
40546
92699
98500
46906
34045
35142
96894
85887
44992
6598
76319
9617
77970
54186
26013
12962
19187
80055
24285
25991
58208
16937
31319
47332
98960
69946
64829
17055
34586
16030
24006
4149
99542
58769
30689
51932
95490
20122
16112
44868
3923
27650
55903
99327
13818
68842
7210
47457
34382
3483
15021
85348
70539
99308
22432
99499
71192
15415
71272
41643
80613
9883
82154
63419
94960
70131
73381
72472
72007
46928
7437
70654
9856
76974
8221
30994
21859
72333
1533
11330
75086
72969
26071
25022
62903
9615
99103
92962
17766
68423
15199
31457
59515
89288
31983
76515
40073
32397
37438
13596
20528
16159
49500
62501
36562
18434
48993
27768
71625
33787
68027
82476
90214
76432
12479
35233
68134
20391
32031
78652
6064
40616
65302
1015
19829
23680
43468
26814
57022
44863
9571
5818
54365
49561
11845
59557
45993
80104
36209
39494
57972
94640
45172
4955
33172
85197
31819
50051
99889
70245
66894
4042
26451
9840
40024
4190
23577
37386
53699
1931
95086
88709
2291
9658
99361
19513
2259
32984
65071
15123
20915
76785
72383
69938
4189
40417
9861
91071
53099
66915
82157
37764
43610
69487
78140
75590
12141
56131
46999
27274
39654
25431
99186
30005
98726
88993
44752
76434
99786
74312
51643
86190
26907
5774
70311
58988
53070
15905
36835
67857
45765
48775
25860
18253
94192
97065
99867
92710
53284
64556
64243
81826
26687
98737
50039
63855
75091
64604
50901
34701
80799
24692
49040
14311
14673
8767
38445
98664
85280
86490
17995
24599
62326
61686
8721
22007
21450
90055
4363
92405
41017
62601
85249
9822
85203
31365
94664
84352
35217
24575
59852
32802
27455
53956
32988
57625
49416
98394
61911
43717
49372
77741
55711
11723
83805
84273
68761
48476
33272
63818
17676
93602
97746
75517
48145
50087
65876
98376
68127
91829
93521
16963
27580
99618
37999
58412
36517
24046
78297
73443
61991
85845
82825
50377
52827
4769
78996
93998
65489
40230
26533
98691
81703
42351
61812
9918
23881
38478
29522
69899
85517
58866
54957
22288
18515
18554
5265
15979
63739
28104
16989
65842
19954
33701
70446
52956
98684
50066
17106
22679
63586
81266
47461
10408
35364
53308
20227
23141
34163
17158
97383
97887
94822
79831
2226
32268
3383
20854
83532
75682
15235
97967
11624
11098
48927
63910
22985
15682
52955
32274
75131
72558
99266
13800
34170
39661
44678
46621
51210
62278
43180
31390
71556
73322
36660
6060
28986
59671
9607
90794
93646
68482
14905
26036
58968
92395
28777
19260
15966
36849
99586
70829
43178
21355
45506
14845
19071
21362
91550
42699
90232
51350
56114
78633
76603
27376
97947
41746
60447
28059
38749
40620
63072
15607
90084
60937
96060
60151
28109
39311
75002
20891
73863
45146
22241
35204
12586
52279
58638
53292
44836
73101
75502
88172
72012
23721
41257
64462
7449
70596
94336
21740
13849
67897
75476
17926
80955
55885
83962
50517
17733
22645
67570
53222
94912
51008
51360
13279
94418
49495
33616
35427
52867
22713
16821
12680
26039
1064
26571
53375
87092
12660
74855
99734
