api2_id
5340
17789
42786
96419
60128
67592
79493
99003
4618
14762
79257
91923
95615
66312
19021
36459
94310
89633
76751
80037
74220
86737
96900
2445
71528
53448
32694
72686
92778
55726
955
77477
30009
74441
41240
92583
96952
30823
5893
4253
95190
29211
97905
83862
14270
98686
71215
13677
59006
11924
54361
37306
69991
47535
84855
66738
10198
99833
54320
29062
40283
7639
37071
9051
47868
59819
98033
4920
10309
28081
7524
15788
28093
15402
35013
97273
18094
39695
32868
49840
21190
49565
6733
95847
25150
30905
22147
59716
70120
31832
55129
63921
19461
15532
71094
17053
17346
45188
35089
96047
64077
83368
90482
799
75975
15930
3421
14678
13544
24613
6695
21473
30517
90333
57414
23225
18558
77907
51028
92642
32554
75996
21821
42426
24075
13597
47610
19669
55847
64125
85481
5691
51428
71303
76550
94613
82886
93586
14175
1759
60178
30744
82977
57053
89578
95220
26782
31763
78544
32449
81758
74867
39532
72904
83538
59196
19829
80082
91782
51296
16558
44018
87195
29210
65950
68108
78175
90244
37244
66389
5214
46465
14883
21084
75895
66228
79832
41657
73103
63005
30493
50063
89867
6425
19476
9763
10943
65219
26130
39917
59293
63544
49632
43446
89528
25313
20106
52275
77053
54318
87864
59303
58375
12709
65775
55564
415
11794
62448
33744
89312
50633
2582
99448
7709
38741
51716
52494
44224
62658
32404
17241
28889
50142
76587
75160
32593
66266
90944
95219
75594
70122
58949
72277
11369
73303
74611
71151
75353
83250
10065
43402
32245
82913
21795
16689
40533
36364
7996
29285
67026
83476
13995
14537
97380
29612
63328
16441
39656
56506
52384
41818
60936
33599
82835
2307
55920
59842
94546
69695
29523
63846
93697
82743
3362
49939
5683
70474
15523
9223
42236
15267
33156
37737
30051
68911
81748
66062
34905
3214
59715
59170
92438
16585
25860
79647
14796
93639
82148
43228
79843
13369
32918
24559
26449
86925
71715
96237
31911
61933
14071
90313
27414
6792
38452
36113
90223
83133
16994
69546
30132
11291
95387
97795
21980
72791
18967
18120
71844
68968
47957
29128
59434
81793
90432
68833
33027
23956
54218
77444
43422
71996
9208
17772
52569
15953
6497
73485
77426
68764
4357
87389
95845
54092
95621
12831
14493
43469
18941
72814
24641
43775
73824
29401
45468
89541
60700
30888
14238
30184
96201
8859
84388
4478
30342
57043
70307
48995
62285
36808
21070
35535
45112
32785
68498
2311
7017
65049
2131
30323
95650
78479
86536
88917
65876
359
18992
49806
98646
67027
22830
91081
48025
71812
62922
24523
38954
42592
52818
58730
48687
49024
80124
63313
90595
52417
71693
12237
28758
39160
70186
76256
82763
47554
96586
98832
63853
73973
84799
39328
50214
99406
64919
76175
41407
92958
87766
29628
12135
77339
95959
5625
69727
37245
72912
35857
36993
20798
23856
28840
64904
70236
25965
73464
29139
78631
19208
81983
50023
87520
86495
55308
30474
7705
15277
72353
9763
70088
4796
86806
41363
60849
3102
50001
93710
36495
25144
24773
8283
57834
34723
36631
10780
76801
3935
57069
80953
11291
89972
29987
71974
54031
22572
97015
67772
87707
82969
34690
48621
16384
13692
16857
23756
19238
88709
19565
11783
92254
19300
82695
13738
18413
12591
79057
27275
18220
40725
84768
19885
47749
47801
27453
5734
45062
35874
23746
64454
25033
92677
60268
39392
40176
15038
21624
24026
88586
80659
3885
60135
42665
93191
79151
30610
53552
3106
46476
53162
56310
89237
23451
27384
69929
26274
36560
81229
36826
38103
14605
12375
90846
61902
79554
98969
51493
64753
46530
30899
7106
35574
9455
24979
68856
64359
36916
26948
86265
29346
209
43263
32768
97341
83695
85903
45834
62810
82292
10684
83744
42370
69237
33999
32589
9183
90611
88816
37865
32368
13038
36559
70638
22308
71805
32318
96004
31024
4871
68876
60549
77655
20252
14881
78505
64864
1048
24334
8752
16835
82666
60972
12067
93100
53679
53533
25876
52929
36017
5641
29530
549
66199
18927
94820
1572
9609
15886
29468
48467
63790
37923
28247
13258
28190
29680
25578
14932
70901
22809
65977
7052
11007
73103
49718
66154
15356
27769
29517
98598
95832
62262
87725
79514
17508
64477
18730
48496
98193
43077
58183
28399
36024
82512
15261
82772
5872
71744
9354
66512
18855
16193
22057
67884
66699
46509
49034
42447
94646
77034
38616
71964
22763
20722
91721
98642
92208
60834
55664
95387
14475
46929
51013
90733
97780
91839
53812
11095
55242
93808
3819
9421
47235
30390
82792
30145
63540
72011
89336
72135
37962
64503
71292
49084
62795
31355
12215
17913
85903
24938
74225
71235
36850
62754
23066
69249
81278
6639
89347
31479
50286
19758
18405
90663
52822
91566
4370
24082
2791
82274
43564
84006
22473
99554
1187
67076
73339
4802
27652
85937
69480
23530
51521
30348
1872
83396
45273
2891
52698
1246
61904
77840
70089
86569
21403
44496
39564
26821
76309
33768
66366
40476
75484
7033
86274
56502
88254
68597
88231
74559
69457
20834
2412
94254
10208
62924
10739
40557
94557
27101
44703
78349
10253
94293
59028
11778
93972
57718
54293
75116
64345
23086
7181
95602
94858
42139
24506
86561
28292
84043
14342
98349
23535
40679
57310
81834
68942
85847
2640
13567
95677
73772
72024
18504
93381
51925
36356
6462
37802
48222
76459
18357
16255
43542
20148
24585
79336
31503
44514
85463
44288
95586
73882
78648
81323
56469
35053
41544
28293
89637
96384
65849
4226
56606
84742
44586
69264
16257
91431
49777
29860
34083
16453
29406
37149
49735
58444
56467
15687
17231
41211
20359
64691
28684
37490
81540
40955
32873
54272
63887
68866
87400
47207
63307
64656
67037
41439
84037
31326
62938
64757
97666
92295
98629
20938
90410
34914
64542
82240
41909
17144
11062
25202
35103
12484
77711
12150
23891
41915
17980
12593
59843
20328
68377
75663
92727
65184
90583
30213
37443
57058
85872
78199
39628
91368
32591
31003
92140
58241
44808
93894
43013
17549
4752
37680
44757
6586
14569
58136
69796
87828
96197
46590
61708
4516
79194
10742
72686
49041
37570
46189
64006
52089
36643
96711
5955
97944
60741
65830
34200
12579
93381
25778
20319
68510
96677
97549
7640
8225
12626
18738
27669
39946
45161
72590
1031
97710
80917
3222
39668
12712
93094
79380
47728
3532
24641
50416
64881
10954
70939
47239
46050
69107
77374
5127
34808
81334
49705
35037
38002
83856
94454
62758
16832
46242
10666
44963
39563
64762
76363
88704
99401
17962
45951
52547
18411
56200
29504
7301
72964
8241
29961
22511
38218
67164
14900
5510
64166
50833
54557
2931
37401
60944
97977
38051
53779
25129
63611
20817
44268
54972
98942
62533
19560
75147
24484
98660
90748
36974
14571
40416
70706
52088
60717
80523
79678
70395
53900
38863
68010
72729
10903
94606
55648
45757
59462
14711
26340
78671
51127
75652
23215
38803
34183
61937
70979
23487
91521
99688
76037
53360
24111
61007
93019
49904
73298
77010
20469
98570
89875
82809
4857
54722
95497
95372
51415
42456
74059
92375
78612
67576
50513
40302
43873
4449
27211
94047
62277
84253
35660
3365
6989
34329
53644
11017
89030
77056
35145
34514
33119
79812
48596
84039
65850
29492
43069
26164
90314
47237
10932
68358
17662
23976
96877
20993
18805
92389
79496
97740
98714
29030
29499
61433
23569
22038
5953
21122
44929
99292
71571
60146
17355
71642
41866
44735
75448
27219
483
19414
83923
95243
50892
89947
1306
87080
73452
61139
4635
77862
96973
86592
62481
13066
70555
18842
1173
81761
7193
96798
87173
33127
967
71127
77422
52330
69258
7135
35435
90482
97174
37555
9389
34668
58740
31080
10748
64747
24346
70523
31809
60630
87255
78616
40690
7171
37376
5990
89101
5662
59463
2632
10226
41283
19871
53609
5548
44900
46832
20586
74534
26960
37674
36340
30204
8385
3177
93975
65462
55440
97697
4826
50084
20026
45520
30616
4077
21839
4195
45680
22243
8962
17481
7764
26624
14647
19743
11115
85808
54270
68641
29521
4159
80585
26179
50506
23363
95710
64624
12833
47825
55847
63657
54402
34036
23898
2565
60841
8495
85483
79866
82640
48638
31591
28107
68407
29534
74596
21769
38147
23119
71137
24663
26158
96495
96769
61181
95104
59045
36021
22362
79614
83099
58152
3598
39404
75084
68584
72612
4623
4692
12716
19166
89276
18228
8492
16202
39044
5240
96661
61037
73728
22670
282
60568
46848
27780
13776
69919
48213
42417
84018
88015
8490
10132
72940
27433
93373
5512
91580
91371
46664
37625
66572
63825
75168
91093
45493
4612
75852
83466
67969
13881
90844
49877
2127
11710
33752
20078
2092
57551
37839
47652
16606
28957
65296
33154
90976
71982
11983
47230
63550
12560
4079
54617
94964
91046
87741
84927
21638
11870
30141
25704
58216
8579
61173
18649
99607
5151
43124
53041
13070
73128
63875
67651
74125
58323
50198
23926
22085
94492
85819
87285
17137
89020
75089
61378
30229
62952
58657
22600
58225
35700
79649
12207
79246
44016
90570
49183
10648
6202
37615
85914
81249
72439
90938
43565
90263
11005
54727
67268
87229
81167
44982
57237
73380
78988
50900
39140
44635
13403
24110
3832
70756
92344
9511
22073
62354
86340
87878
16527
63064
62421
39218
81743
92876
49148
40735
12191
53352
68144
10118
67863
84626
88522
98398
94742
30087
32581
90800
19924
98360
1311
53204
13494
41828
81390
77861
96048
99510
61762
43989
24211
45719
2401
48579
40067
52309
63321
11339
95226
10505
52055
86552
89289
29009
26000
29017
57825
7667
84493
18796
59914
28953
60772
67630
20284
63406
91540
18600
96760
56773
32372
31168
1340
29957
93006
53239
65076
45694
49930
23769
72037
49041
12346
84691
77420
72570
6922
25927
56370
73052
58813
81959
54690
4571
99845
49168
27596
14595
91329
78774
23832
13139
61906
66096
20557
9942
28072
23357
56628
43556
681
1251
77026
53557
51139
20132
29263
73729
2398
95946
10325
51227
36537
92020
78815
87879
4112
18661
58296
51435
38513
4863
19395
79227
49263
53163
92494
6746
2428
98439
13443
39531
78318
81485
28942
99957
95174
53415
2233
32740
76172
83565
48032
62306
2823
74707
59261
14053
22879
52095
32228
23822
35206
44761
68553
39960
25190
28020
68893
956
36779
38193
38144
98509
7654
39669
76931
82594
49333
40225
32966
14103
99689
92778
48426
45958
57571
45309
16506
31267
82596
94301
48756
74026
17908
26549
57979
15012
80920
15812
80089
17450
933
81984
77942
67142
17380
41644
67914
86110
67116
3311
50720
30986
13269
61105
19665
99166
18484
73177
53069
75210
4044
74836
99296
18014
25340
85337
1761
59415
38560
74775
34286
38972
52935
53161
88128
84081
59825
25575
5739
63615
84638
83871
39995
3904
30524
40602
53117
25825
80209
96890
83940
78864
75585
55889
23954
14055
83876
89605
63041
51354
16236
89666
1706
83632
86328
55303
27279
63458
47504
32686
93411
94417
66389
13735
88558
43968
18506
43360
1645
23718
80009
90296
90225
67341
87968
54967
21411
14909
47609
97535
98947
85025
37297
25992
51809
25345
75033
88422
18156
94380
42627
81543
94566
28251
22548
43646
33542
95603
39717
92865
39476
25521
41618
27801
33353
10875
4300
80660
28191
10826
51722
47956
10167
40931
91751
25534
92632
44893
89951
9221
91418
30638
71278
46106
52969
58102
13026
81270
31879
78896
39023
11582
81962
94276
74414
49705
74480
80308
66345
63643
33732
2646
2683
94175
45932
82413
19774
43625
12693
43893
68252
26531
3627
27776
60183
45575
82287
65666
46844
66929
85465
64900
18063
97608
30825
93412
81088
75924
43073
74645
99308
68094
74052
19252
2377
15246
64549
36663
66646
85557
41577
88860
2585
75581
10040
56813
45068
97005
99288
13179
65576
5861
67131
72059
50312
92586
98608
13387
84330
52116
96878
14732
39264
55297
56059
72587
24234
21214
6700
43616
92408
73371
34333
84312
38123
24387
30825
59601
54467
88624
50941
4837
43972
52118
15726
95220
76607
10326
32636
49972
40950
42352
27863
84443
70203
60159
97400
66957
58339
82733
84112
17153
15371
9243
80861
78547
52069
81389
18622
10509
27507
79159
99723
35761
68071
44179
6094
4361
46329
45219
89261
75687
62305
5846
83452
20642
86089
74619
64306
95642
41702
10834
94968
21109
32521
56655
38245
41674
85356
73135
26086
56554
33984
19856
14029
8955
91932
26965
16954
74564
25821
41453
86444
24495
260
90257
17458
98599
49798
8371
79473
19086
60496
54271
76313
98691
97058
32818
17737
81717
5842
10450
46310
74353
56191
46190
31071
26891
94352
79481
96149
10193
82100
81702
80441
57802
50765
86690
98664
71834
20788
7852
5686
38209
64143
94011
35617
35294
51515
70042
98586
71188
44333
16759
95061
32735
6740
67402
23474
79811
89306
13918
2203
77143
90262
17852
82328
43195
25029
69797
30251
61744
50313
16193
14120
19717
7977
82189
870
40041
2429
3643
59505
61407
64463
81573
17007
3519
44090
31788
3436
13248
37770
42239
50889
68898
38502
87097
12291
22258
10838
73820
65869
79598
10180
34934
56627
2736
11553
38826
14731
47914
60240
10574
69573
99873
94511
53404
87157
2135
93773
31547
70055
83796
5957
92382
63419
69474
77304
16049
4353
95445
77402
1972
92427
38291
21283
61498
46065
10197
598
69181
19398
40326
98192
45969
87537
34531
11552
87901
18761
85843
50845
28501
46268
49107
22590
63223
17158
17006
58531
26058
94586
58170
59402
30347
31707
47540
24681
62295
71903
22705
92675
83703
2601
45575
5058
20230
34713
82920
23190
45074
10732
16091
52706
99091
66210
44297
2454
8871
97715
16058
14286
76567
25744
47856
43379
57137
51884
91045
66005
3258
73747
43746
79802
50010
62612
78268
818
66058
17317
52324
64715
17002
40725
41318
69525
86836
22616
23823
21933
74940
46444
74855
85501
29926
18318
64920
99030
52675
97711
58087
21061
27018
743
91982
64979
48989
50738
91415
16537
19692
65888
16402
14163
93821
12795
89021
94786
41837
88302
69019
77816
93659
8925
99586
43768
17359
86001
59189
40778
43797
66126
45000
36448
85350
43912
50760
69890
22532
69960
57163
74484
46756
7620
47192
70580
91108
47733
68243
88348
23609
1078
47264
17931
37894
30481
38572
31510
6677
91567
74909
21599
80679
37434
56104
7134
33430
50187
59380
14713
88221
48414
68370
39150
3945
32460
36875
34997
86454
51784
45475
79454
89857
83844
30311
47903
16098
28874
75088
35740
63018
29426
40770
21511
96660
33823
99220
95225
87682
54954
46696
49893
31898
3738
86810
52105
67895
87091
85719
38465
49149
73956
8200
44184
66478
47694
78068
70521
13818
91425
80804
46094
68114
51838
681
41371
45881
56051
79879
85107
75520
35702
2866
8283
27080
90511
31609
84248
75113
76444
61452
98252
30048
91725
13968
43005
92715
37448
87522
1027
39276
43098
88081
89286
91133
65120
87911
19867
51765
82462
77801
54133
6376
96229
12202
48698
9919
93621
89960
61298
21203
39190
36209
85981
68420
37001
10828
92495
69460
19205
73366
35512
41979
26208
87647
6690
83731
68646
33054
80133
2889
39696
57640
67283
36623
56220
19689
1959
53931
70507
92817
30357
23216
30159
16668
48210
34877
37461
63776
66283
35879
48767
26166
33936
68837
55440
42215
62819
49896
67626
39199
10400
57421
75230
73491
83624
80142
19127
37070
54178
69404
36704
2231
92673
3202
84666
6797
53037
73558
38681
53800
8397
79680
95084
82912
20125
57763
93329
63853
30570
51403
98395
37563
99286
50287
75563
59965
39433
93754
50173
64624
52966
39944
28877
85173
35639
44707
17819
5894
59307
22632
72507
48977
78055
41572
78590
41979
26124
40264
39149
27689
81741
51831
7531
35286
18483
40255
10132
7488
13042
1970
37364
32084
29434
71082
92101
15582
11927
17001
73467
57545
74291
86399
25381
55073
39043
68217
3766
74322
92338
56104
40886
86802
83678
43658
1112
41785
49940
99893
37892
91680
35351
36274
12002
15485
10995
2314
3141
56687
12799
20473
58697
14485
8993
99093
53964
32736
19442
2972
25300
60344
76833
89723
15647
27787
5365
78716
29940
59249
27179
81703
64875
28017
33386
84562
21990
21942
30466
22562
15872
61822
64195
83499
6543
48835
11997
34320
86013
1142
80586
71712
18265
12627
68295
1997
98238
20562
60184
77226
26687
42754
55997
49989
80138
15361
79441
3765
81465
90731
69548
80348
19212
53139
47541
24926
11171
47478
24649
2628
81657
96912
53304
35321
66895
55146
30627
71268
62425
72462
78958
35270
2667
70636
20193
38977
79138
20178
32417
60660
3334
60087
30450
61324
61234
34538
44842
62908
70821
91772
86984
16450
2955
5963
79134
39197
47807
16589
21168
6767
88827
49823
4774
81245
95093
88119
19095
68294
68301
97123
3745
10444
62292
31694
17205
64962
25356
44195
2749
49718
99717
87011
39983
93102
55278
20195
70227
22484
57861
97850
91792
61853
35613
12679
9270
28377
38365
6928
52384
54835
8468
86064
95924
3143
85940
52542
41917
83206
7226
90923
95729
96376
81528
6418
57981
60282
20595
63419
32025
14416
62878
2672
67002
8751
98260
61818
5314
29829
53407
94548
63635
45657
7523
1754
96357
28667
76386
56302
28842
69832
20703
58701
52159
92297
36073
6964
21075
84707
14744
26938
98700
9617
56379
98822
70681
8021
67954
65094
36867
32032
48990
18020
96675
99147
46091
31168
22726
879
96369
48619
21991
30755
6203
1327
52805
90120
67447
72331
97644
31020
69389
34688
6636
59369
76559
49147
70765
95471
34178
54933
61322
27117
69187
89105
20849
16170
923
59067
89666
74356
30222
58213
20690
64020
177
54795
27018
65397
10232
82612
16014
37328
87697
4484
74043
5657
63614
11538
42360
12627
98374
45264
44568
60418
90250
63850
94848
28254
64604
19633
77894
21174
44061
77728
63428
62935
39749
95305
20675
14391
64641
35042
21892
18224
67472
86811
93150
26157
67821
29257
53352
95214
87204
51799
58815
48419
6654
9276
87138
10172
95214
35556
35410
3526
41697
21738
80567
87512
47995
5363
29015
75419
5502
8202
30441
4984
95628
61922
84169
70413
8197
21265
50031
89163
82465
12282
37813
76546
38023
65094
69767
58552
77169
82539
61760
83820
97813
88411
78198
39437
65120
47376
94833
31514
21332
2031
27254
98274
9956
6442
43408
91670
55827
8696
8433
17407
29792
24183
82193
62179
97869
75764
52136
92710
48975
63138
31851
25162
25126
44818
31735
54899
46101
38866
63247
68172
57209
30096
65480
78150
34807
26595
53021
92898
72780
91171
55117
99342
64875
89722
4018
67712
1644
74935
91743
95142
67251
33061
44065
80129
45875
37811
19130
98842
69697
31546
64915
60990
50061
18966
2220
16042
7545
47461
41672
3859
33216
18740
42337
38652
35650
71644
74726
68104
19893
57697
31818
78227
99187
82928
68291
82669
22888
81974
34399
96420
44071
54856
4557
37032
9272
67655
3507
41006
91764
70716
21723
43988
2919
32797
13751
16133
47016
63456
96322
94095
53952
78406
65813
41391
13580
13010
88383
56109
5564
82154
10691
9085
53467
32261
17076
97850
86402
74380
56883
54029
78305
17654
88467
23198
18857
27017
18650
77891
47453
26318
54531
17756
19839
53474
1058
55115
53632
39267
16311
7004
56055
1759
42738
50295
32717
22321
25012
3898
9590
70147
77643
15322
43662
75463
47937
64182
22783
53961
90378
8741
68770
29112
67306
93095
2517
72814
96318
57467
97498
46690
99804
11737
77307
79732
83472
44474
3916
61572
97173
36252
48703
97330
37289
35020
60266
89093
41864
96455
33958
52179
55431
78002
34554
85596
16892
1193
214
14908
66538
10853
93736
81035
81845
27044
47807
64304
92617
13360
82259
89128
62049
9493
44635
24097
65154
51312
56148
9788
3306
19660
2572
87083
49928
43260
77686
2842
38720
21931
40126
34582
40794
21925
39273
85571
52175
64708
77630
31278
35091
89351
84389
31268
29812
54786
49918
55443
60881
1838
16137
96234
68913
8788
16941
14579
53908
49524
60161
29729
47056
71565
41298
86227
72851
31697
36106
52897
49555
37673
70141
90868
39872
6248
25495
99623
73403
75438
10199
64134
91923
38246
69882
19794
42650
37654
39935
68954
53599
26205
81847
17843
48526
40436
67276
49278
75485
55854
99240
15207
9275
6251
75970
33047
99346
36863
60552
2724
54547
50156
22183
5811
60505
44523
11096
72512
49593
20938
96884
40275
61701
41893
87883
33801
73729
95751
28138
85643
64128
6769
46294
26304
80937
30257
14953
69542
56099
18366
20157
68334
95745
52020
61482
17751
37390
4644
74071
53753
40551
69535
71007
46911
35656
74921
52755
1316
64476
24804
71786
54464
35134
37708
86055
21166
20218
45906
48387
50299
9085
90301
63306
88224
46583
39693
843
51924
5517
3987
12807
64798
57439
31802
58519
12655
92805
36157
86047
3319
34516
25484
78468
46903
36051
9476
59669
18729
61698
2336
22576
48180
25118
42357
38279
81367
93639
85418
31610
74088
24071
73575
27398
83441
98280
80297
32333
36697
40828
21130
31026
55484
69445
2950
98214
5046
74807
54610
77865
10112
55885
63420
21692
91228
23348
83694
17591
88430
15064
5601
6544
77229
71094
69088
27999
44831
70810
82529
96137
83808
7309
46894
54368
28589
89347
21121
22775
9358
1881
64380
31832
56258
16982
88278
81193
33735
52500
89869
36271
11338
49396
53347
97939
43314
84796
89967
34808
88714
15581
83077
52984
39506
9991
5371
53209
22516
94465
73820
4161
57018
64783
89891
49529
96677
7078
79629
193
83134
13018
63948
52673
37787
55310
64753
36157
16286
57249
9390
21649
19235
34053
36475
53144
91919
24963
61057
28763
91358
30163
7657
2367
53628
56774
30452
95219
3366
74242
31891
72429
56641
21199
458
5257
44769
65147
20682
94462
39953
96234
39377
14067
68926
35298
57168
77361
19393
74452
53887
59754
20763
29636
97715
28327
72076
15767
55474
19547
23833
77426
85391
80278
94649
92340
29376
60387
42836
59861
23460
1064
13020
51348
72301
9296
59791
23055
48817
30201
15318
56205
45051
84866
12123
18710
21366
63933
52870
34434
4921
51603
52168
22538
4071
76780
92432
67500
7529
34335
10145
52205
16916
43638
23020
35509
20719
6618
16384
25740
74570
31659
76963
63888
58460
89465
72948
93695
67522
86288
37749
19726
85759
3442
88731
42651
74146
8779
40838
57416
23360
63762
61531
93352
26906
41209
45329
21665
51755
91573
80950
87116
86034
6432
55414
93742
75360
8510
50459
82006
44992
1856
30357
5197
47131
71599
39908
3406
65286
6249
79443
74839
59554
22280
87835
12169
88439
74614
1940
66381
24834
1441
47498
71623
40954
38502
46448
7373
13481
53525
14869
32664
16154
42829
546
16277
31114
77554
81488
64011
81633
46245
83954
18737
65649
16664
38621
55931
31670
92622
2890
64264
14570
84060
68694
14467
59829
84770
50510
46138
4158
92973
94446
77261
83521
44980
80073
1149
75562
82905
34299
91052
38053
4353
93280
98876
45061
81508
22152
57390
90541
49008
85220
73384
31079
37646
65789
9769
66418
30004
15176
35922
75186
57486
4682
37686
95681
19010
41343
60192
23247
44382
88126
9139
63700
93196
42548
10367
53938
25267
29379
53517
33219
5917
22769
84684
41474
57004
18842
17317
43391
39659
41210
835
98283
31402
45252
89854
68676
27678
54358
48805
95081
14958
71297
69425
9649
56242
58690
96013
70468
26257
53911
89264
86665
7540
95026
16060
41326
37948
69104
88846
67671
66394
45613
93176
33712
96185
72876
37316
17261
16189
15985
51751
39218
7039
79616
8776
48097
44344
72374
10337
49064
14439
15984
69779
75135
86486
69191
77439
90806
75268
97395
13801
89601
39679
14598
42127
8349
65941
44678
42638
49243
68055
13419
50959
65617
87221
28690
59947
50457
66121
28769
22786
15593
98050
50714
70282
66040
27317
24141
57037
21149
75469
30539
88132
79858
58232
35147
66741
98377
40605
31323
7946
79167
38690
70435
80551
83505
50597
63928
4767
48947
63322
8457
70628
86802
79854
99750
48150
37738
10560
78157
78688
70539
99312
1279
1037
63490
44648
54512
83276
74093
23691
93192
68198
3858
98655
89274
4758
84981
30322
65130
54798
5861
56624
46672
87316
74195
3636
58097
72855
64028
12871
7633
45432
45702
20760
4971
49173
10828
97743
8407
85872
42634
3529
2511
50499
11433
82581
87720
49919
88427
3725
17179
56113
33472
34216
59991
81485
86176
26537
43062
54682
95719
58736
6089
26181
9225
98538
73743
70395
57134
67274
51389
15070
97276
69184
5860
15381
23372
13680
79254
97066
15417
82143
93649
68566
43714
14923
27830
45789
34641
10615
53135
88811
52730
80776
46581
22621
52642
13910
81995
55223
84998
88095
13379
66505
69506
23422
89437
58904
62662
88730
49421
61114
21583
72287
66435
61292
10066
44737
97090
9434
70888
93720
2497
31856
35571
39390
59261
83801
75306
73070
22596
69492
92222
30853
36547
85469
23971
74380
42143
71983
81134
87206
52604
26848
20969
74885
97834
30000
48348
44933
41616
62544
36532
12290
31249
8865
33592
50145
34581
65953
49065
13374
98554
2244
74034
35660
55702
57788
16159
16711
34368
93167
26842
58641
36568
7823
50070
10445
61960
81437
32455
99896
72668
94592
72381
15139
83859
88029
80406
83553
22916
36559
16608
93540
88017
26041
77486
31817
30434
84499
56490
91957
55755
54005
87687
19114
5382
76863
69058
23866
60355
85990
1340
67556
8352
36444
57269
48546
2257
43417
33095
70438
42201
48638
11288
22358
54270
65340
55031
18777
97403
18824
28426
26137
2549
64111
95690
22344
52296
86544
93180
20414
7951
62984
94033
74622
25374
23969
2390
24883
29227
53661
58425
63208
53775
25424
71907
65756
70384
76637
82997
79975
23997
24521
73970
36343
32127
93790
96813
3797
10035
44141
60355
82411
60501
5717
97870
46454
70517
52188
91771
28662
90120
29075
84740
95562
33501
19698
42428
62538
27495
46305
41798
26585
94465
80075
53337
2170
55937
26980
9271
18752
63205
24726
7380
85958
28933
9330
68446
5408
49108
63576
98841
26634
73711
84761
17223
19599
69539
75745
68155
80947
14811
15354
3925
55315
93441
94793
43003
22464
42033
86397
18444
27690
31698
80755
72022
64656
53212
94732
6200
40406
48640
20064
92145
72737
47037
34259
29901
76880
75380
88885
49048
44794
76836
23586
6675
8932
68136
49078
32012
89406
94837
48152
23388
54620
61566
97494
80917
34929
40689
74206
51085
78691
33515
57317
65343
56241
18696
25239
34157
80062
17229
33596
26636
46128
69188
40128
42522
93044
67526
11148
50364
93084
45309
36401
15270
27993
72285
9827
28625
37645
63558
69991
34638
36918
91473
67312
58384
61451
20576
92083
80954
81606
59309
30408
551
94439
71807
94256
74456
14422
19571
75241
52619
66965
26317
97910
14434
36023
11148
44150
28393
12960
76165
13698
57946
56272
18298
50782
49868
18639
9511
13472
63847
58971
46441
55140
94390
30627
26346
71721
82085
43316
7049
773
31301
74631
97116
64311
9127
50707
97038
89342
32468
50745
29952
53724
36120
42554
75310
91772
94957
2082
15017
44940
55739
94962
6828
83528
35201
56435
37321
16129
63878
81251
51739
42432
52861
99254
75490
14566
12348
20206
81774
91639
32706
83669
28809
81233
77667
54617
91172
70309
96448
10667
60199
39489
76575
81281
34388
47040
85765
24823
44387
89036
86068
92753
89517
17142
46661
31443
89671
27453
61937
89547
30189
63324
10505
65936
35968
9878
16014
10237
47794
316
68390
14428
5345
42475
55042
86567
36479
61640
83884
93473
90360
26593
10699
4286
87360
76124
32280
80289
75233
3510
49930
56869
99368
11913
13414
82050
16784
70780
28527
19605
44776
64511
96824
39998
265
16228
95249
16805
20787
61820
97408
84914
75078
93264
81250
80590
25293
53163
21327
8476
33212
88002
12509
99948
86790
44902
76922
1627
34739
52570
88813
22089
85383
69504
58234
97101
53574
97956
91836
9423
65884
421
62877
39006
94058
29448
68268
75304
20700
31997
9128
17441
21929
42174
37369
68625
14606
69456
12135
21433
80660
74652
15826
49971
94563
79977
87706
85887
88836
14221
14662
11072
28851
5365
3527
63081
28253
1452
13112
21942
69923
13353
5043
97405
19408
75926
12157
69575
22057
57179
38795
74349
41080
91858
15977
31948
69423
71771
51366
18690
31300
29107
18666
47082
48145
84887
29298
69601
14011
67984
21372
38830
96978
39932
45455
29306
21967
37124
87002
13130
85732
44258
91162
13198
65644
26753
48281
53202
767
40049
87364
59937
76852
55067
2558
6159
55594
27646
7997
68846
50897
69913
85631
70770
10378
98293
43991
52193
1435
98764
23986
57860
12572
50927
88084
55969
52843
50717
33469
89107
98629
85344
69247
16122
22646
96934
47474
71056
39087
54495
67559
91453
85730
56670
94251
10432
65761
98716
60829
33186
69954
40305
84235
24041
59857
97111
33624
36456
38193
53045
57077
24823
77358
18138
99135
35408
21723
48852
66850
33233
19021
34960
28713
6803
78646
35061
7073
91471
88922
94516
21989
41782
47891
45260
3266
26427
23765
12931
98913
8799
23375
28385
72490
40010
36942
96617
4352
48229
76983
92188
28747
17382
73365
34621
91670
20110
30146
66186
67564
16845
6471
66358
192
22273
35802
88512
48324
1552
43503
5857
67445
8250
65203
8813
64606
54739
7844
1539
11160
53842
29623
9885
53843
60803
82494
89362
31027
74507
65632
28697
23255
48661
89347
79179
36269
79396
2558
79812
93726
6912
17632
59932
38716
71496
58327
21978
22033
11196
12821
7827
88058
99767
30690
47018
45436
36140
17273
68640
6597
41269
47782
67689
50914
53103
61500
28835
42029
75876
3260
15189
45275
82525
12790
23809
81762
94560
75596
12837
45026
63108
56613
81236
86630
82197
6942
11626
38350
95145
49255
62565
94685
68859
12967
9772
54548
47524
25586
24890
16803
79181
57354
38057
17691
91441
87143
86940
30442
91138
67266
50505
46333
35653
23672
58799
57516
35329
30064
66525
81698
92417
38682
77841
51047
92580
7564
59059
11957
90308
5035
42853
69414
35220
95245
82848
11075
50490
69320
11330
43611
80996
76293
45178
68611
49469
31372
5594
79312
84962
96666
64724
56255
18653
30515
10501
35207
83093
68985
58640
96743
45283
69346
2460
95816
94508
30937
90436
7100
94609
10906
85811
5774
38946
59981
65676
25595
3920
33394
77293
25715
80184
20640
33364
24441
61156
12061
89246
22927
95110
53953
99214
27249
94501
63174
60346
57582
30751
38866
51525
28155
3519
95864
66727
96115
84596
79794
4253
53654
31721
43602
68995
97912
37868
81058
87409
20423
33509
42705
57926
74695
67449
39629
37005
10614
52276
99373
2330
92909
89310
6416
24783
22444
8404
91313
24130
83519
21911
46864
49493
7975
74095
80350
44275
83330
53384
91869
4708
30605
20069
7004
53262
897
78843
99921
32141
65457
18729
82546
79717
26504
52869
53334
77615
57904
97976
17527
5839
82578
22324
33408
22901
53203
33503
97789
53337
80530
19685
32695
13689
46458
63055
34458
64751
90510
1533
67859
42834
52244
40317
15602
85934
89548
66403
85149
3235
37909
79941
50709
32596
44841
91953
70573
49097
74534
5814
90437
89777
15640
72612
38782
78311
50704
48955
48289
61902
47324
78103
64800
71610
98447
14746
9844
14352
3510
92306
43257
17769
54687
90409
31909
90010
12685
79559
54222
36006
60653
74745
96042
30277
36942
10903
97461
99361
52835
55730
37696
95575
21260
32113
52652
9546
18240
49215
11976
65576
52961
55089
71188
91003
14942
45440
8387
94752
58887
80625
58615
74683
77927
82345
41474
21821
61006
7181
43735
49567
30553
83454
96211
39466
68934
31906
7218
88589
28576
76768
25669
84804
1239
48390
35506
64317
9153
48913
89290
4842
83760
88832
48073
33173
57636
71146
29604
53216
19266
89284
29976
18617
60399
93007
21215
747
90643
61410
61148
94606
63532
47916
51968
94265
94541
83997
56184
73589
74392
43391
13579
21696
39346
19971
20309
28653
57596
1358
53758
85763
25685
10347
30776
14665
20407
85584
16498
99146
9105
42810
74578
87164
17789
20093
71128
61386
98586
33257
47199
70643
40663
85659
18082
23859
46677
11009
80348
73703
72677
45657
77159
50208
91138
36396
99577
52729
56025
757
1368
28363
29869
70460
79186
36868
54467
30607
8612
39142
52613
96744
59516
70616
16303
56984
43866
11032
77739
39424
1736
43955
3828
39732
42461
71146
1449
78309
60275
67198
17217
85975
54171
64868
93242
50295
22448
99106
86422
71526
79966
43245
44899
13646
78756
91144
49898
79543
61047
76783
29133
70654
75026
50356
52772
64869
28914
86615
68391
93754
28947
40073
1022
72175
66903
38984
97687
67560
68978
95977
51762
88823
67320
59048
78382
71093
87017
82034
67525
7693
88921
8769
13559
7404
94655
5238
5844
14498
2609
41214
25040
47925
21765
2547
75336
84181
41483
23410
10070
11567
87152
6773
75737
7259
28579
16486
67911
49443
61038
55998
16075
64922
54306
14025
71347
59975
33618
79328
43478
55876
57501
44146
18305
79795
45425
8205
16812
40446
80519
61576
27746
49127
97354
68184
78404
44703
66350
73696
53327
4707
37185
23024
77342
25975
20763
39545
78742
91061
59942
85149
8200
61187
63533
52828
1774
83897
69543
14124
80207
97478
68882
25849
76683
1411
44
81147
46863
30075
55476
31242
83671
7786
41835
53296
40167
54729
73051
71861
5374
277
49499
42792
63418
93604
78241
79972
4213
77431
9641
52432
49144
73630
11224
99554
15169
93790
25793
85492
85913
43964
22260
8849
77686
18440
67095
98041
55262
98563
76343
29457
8946
7404
13230
90300
90598
52157
67520
61033
94343
52495
18374
60987
8002
8645
82143
34581
31226
40438
33825
42542
5045
1524
60464
9237
6799
77451
60307
31080
9397
99043
61576
24650
30068
57654
17459
55213
5844
53073
2780
88006
87520
72423
3218
49383
23777
62883
72246
99390
31609
79845
50588
76465
90183
25655
20658
56966
56867
25743
60144
29512
47317
90375
24682
75616
55179
29738
47255
53823
18316
32512
81904
40389
21318
92736
50503
57050
63502
14637
12909
14201
49874
37896
52830
91518
79096
46935
6699
7604
40367
90043
46208
22210
66022
37879
35196
56276
86682
25739
99302
15024
56623
50653
26320
39445
85279
62434
31655
91447
81302
53604
78195
65388
34162
79060
81821
91672
98600
45914
66721
15839
26123
18361
60688
34820
73562
22079
66067
23019
97976
73016
14427
25236
32427
16659
31642
18098
79868
72691
56335
20142
83627
82953
94887
74870
38056
16507
40803
23635
72585
5530
51154
11415
86144
86495
47161
79337
75830
6162
26825
63930
92019
75680
92789
50722
52483
96950
41629
37359
51423
91557
60989
54610
21573
69218
97015
24449
27130
99006
34317
53518
64653
18100
39693
56390
6917
65805
8600
11745
13245
10025
65895
50297
84817
7877
63109
2400
95208
3138
621
67002
73927
90956
26469
23228
11868
67715
68754
20467
47923
25941
85941
15908
49058
88404
92171
44606
56825
88569
57038
61558
26399
2433
2969
46816
79051
16006
63292
30801
61992
34973
98638
16922
59712
19507
92096
68251
69078
40414
34551
71332
28009
14009
64803
90299
86122
2679
648
99947
89884
38029
48515
43985
54420
13846
13721
14780
85100
3122
92877
97020
77662
30663
69490
99545
90607
36855
41744
99250
8870
80912
51589
59667
77509
50079
91091
38043
44466
27503
91040
90692
36694
8130
15773
87161
39511
84833
48759
13017
72357
432
90629
38571
80873
2363
78118
27188
91623
49357
71281
3257
33806
61739
30625
3599
52112
15799
8901
37576
76641
59258
87438
25383
86363
47689
48089
61959
92510
61999
64237
99831
22876
55168
54853
50826
98803
38068
75677
41139
38546
66139
91235
95718
75050
14473
56203
98510
2138
20052
43937
20491
46336
55114
89284
85459
27353
85828
85195
31871
88333
78762
11924
27185
5551
59159
57339
92
2376
13366
92431
75237
81191
45454
47341
60374
40147
96176
70675
57052
62559
92116
81693
83507
99250
61347
72763
88981
40848
32991
29799
93435
87426
90097
64532
26326
6726
23383
65800
93608
91831
66516
32156
88773
44036
10906
84961
91837
23970
53239
68803
59293
67705
30651
56063
73564
56585
95842
49889
68364
58688
67338
54202
88439
34152
10442
96929
64033
36733
22795
61875
52292
46065
19854
68260
79193
1887
90414
81223
80481
66234
91867
15068
59475
73694
84221
16472
74262
28608
36842
92422
32741
30867
28669
4058
10158
28241
1737
6583
39714
83950
55261
53414
31426
98231
29978
65055
22252
76589
6710
13665
49436
31982
4620
46474
6166
3435
95541
38028
45909
22632
95106
97142
34739
18709
28158
75007
49013
3737
96218
56772
94131
93400
17155
8272
33903
67548
24902
49603
58794
58774
88768
59628
70986
60999
88047
25027
6196
61348
41234
35948
70397
33221
70335
56991
43349
95544
18545
76034
69989
79302
98709
55008
51104
73865
32187
2914
91844
55235
19774
82175
20720
29409
64516
81626
36407
5294
65537
31550
70446
66434
98075
356
3425
27207
21579
26255
73585
13487
65091
53003
7415
55254
31121
35803
77855
17122
23029
87523
57853
6223
11385
9012
1033
58314
97664
11403
99863
78823
57912
49288
5480
14085
12677
29519
6853
450
90477
93589
17364
12880
35248
76989
14023
5883
38552
78635
44384
73159
2814
34446
79370
61300
54161
4506
75660
77540
88047
86721
18013
9340
95577
45098
32158
43557
6734
74958
10113
44121
28899
74053
32301
85863
36799
6131
62514
32089
63006
95940
2121
64389
37992
98564
36263
27371
17243
89042
3627
57878
28866
46986
84990
60296
44241
37636
3921
43873
60063
98644
71591
83222
65878
93641
54223
57894
88318
16941
88555
48430
79938
29699
57935
2164
56252
92178
48952
27959
7404
38855
45752
52446
12867
98226
1258
93255
79450
72509
16258
41744
22482
66736
39363
63233
25410
48413
12511
42075
86199
25968
87944
42996
3839
94540
16449
44867
16279
96801
13147
20606
46633
33421
34520
85580
61124
3559
6376
93707
64697
28699
31920
92683
61904
3743
93347
26825
67851
13635
22286
31772
43860
39468
8459
93132
99392
41181
71337
9458
22663
24093
68009
97930
26197
47025
61181
13857
66545
83252
3515
74157
14291
5846
75858
65194
64224
25492
13298
68857
60986
27021
58183
27816
51412
99355
23652
1552
62999
71908
93347
21279
31724
57465
69638
75637
50162
59488
80514
48644
58525
52735
23072
63253
87430
26412
30473
10184
92904
7290
87131
77614
41015
42295
89878
77919
35276
89076
80570
10200
57590
67621
67266
6243
44837
91901
35023
20426
20095
54395
92648
75118
65086
88884
15741
87586
67339
33295
15648
89732
61857
44718
36314
20193
66715
45214
46951
5934
34873
54934
28365
85375
64982
77957
90642
27165
37268
85972
42829
43687
80515
33084
1635
45239
64991
1986
58985
96916
22218
40197
14576
64444
45040
19602
14814
55874
80111
45854
12848
32720
22072
51721
548
74139
60363
74392
15607
98804
43744
83847
55788
50753
44182
77560
57802
27289
44915
24253
52189
15935
64545
13117
93288
91408
49488
28614
48246
97625
31995
38100
36639
17251
12445
51894
14938
97661
697
28188
66740
4490
23118
95561
98788
25438
89380
48231
49280
31524
84327
30959
42947
71446
52829
89448
60668
1376
97211
1761
76514
58339
7478
97297
64484
25455
77540
67972
20608
11267
60996
65031
47764
31771
43739
17658
91385
66130
27835
71402
8167
44810
63092
55839
75733
29577
75116
11506
90933
85319
18633
93739
78561
54059
48929
72079
27487
65376
54409
72650
63269
94973
58708
49570
70163
88411
89705
38873
56958
82563
33557
54553
18601
14808
44045
80736
97848
1652
79049
37751
28709
20470
63846
58069
79267
90300
180
55714
38681
46181
4207
33169
10327
57609
2522
89129
35771
28530
7132
83359
72492
95067
56108
98474
19568
13736
54505
55613
77299
16141
1477
28080
35579
5881
27550
76584
58692
90485
19077
25058
88115
3621
49646
70507
38711
6900
19132
85275
46721
69525
80087
98654
92247
86953
15986
86698
10940
92955
19509
85859
39436
10444
84421
78806
8753
5967
48738
17315
39335
17737
80657
28169
73091
10920
18052
90868
45074
33855
85750
29318
97804
42591
4036
14023
65272
85622
72110
65725
30941
11020
75126
64244
63917
29820
6011
35841
49357
12660
72546
9232
55930
64811
34959
84065
79071
39951
14340
69040
57365
73836
71936
55374
78146
38953
79590
36701
74209
59335
11715
90511
60970
27600
40438
8128
81935
78528
34595
17503
31327
35556
15614
29381
46588
51490
52575
88743
56853
39202
30608
61263
45957
97454
55904
25531
40136
97427
78985
1176
77958
20816
46173
51485
25331
74131
84126
21248
44637
75539
48782
65610
50964
23162
46253
41082
82967
42785
34631
62993
76715
4872
51586
50267
48025
35394
90328
95861
8663
10480
26815
65514
41123
22077
81221
72661
25010
73667
99195
71261
72952
76088
98689
37706
67585
46575
14353
41730
59642
7606
48294
66638
72534
94922
2562
9499
66721
20459
18661
36468
53866
1355
95354
25734
82093
80597
17711
34883
60776
26695
57635
48974
2293
51978
52315
81607
74684
17936
90969
52052
7550
99694
2640
89990
48993
77670
72384
62309
77378
57816
18251
59005
27002
41142
14749
62661
17751
15283
30370
97749
73393
39075
47046
13300
27321
62267
1839
6053
16363
79090
36707
25396
29968
59827
95019
75872
4910
304
62054
31440
99773
14466
78048
65432
97899
83113
71574
6732
13041
76438
76195
34739
51684
46582
19105
68935
26909
62163
59119
73182
17378
36687
95300
94612
85960
68793
21811
98946
33699
27977
5003
24611
39897
70580
11752
36973
53348
52012
88154
40187
18866
48427
30721
73207
28246
9307
68669
7175
26775
51614
20173
38932
93760
74333
93284
61092
54565
32911
96689
97076
21090
36829
355
36399
76531
92924
73147
89
89059
80351
737
7621
2432
23457
261
19410
7612
34615
95130
82887
1523
93217
36503
23023
65039
78478
32780
62493
22679
60038
48869
15345
77968
34882
54153
60566
64034
38455
63844
18885
88423
71499
63895
31434
99016
51294
35173
75550
79223
62850
4905
66686
63918
2757
74956
55392
87529
99048
35586
51772
35388
87748
12816
39867
25313
43340
55657
85675
55350
10661
96421
59883
30393
12644
33780
57299
22613
81941
51138
83014
39825
51744
61174
10264
79371
82530
87064
32928
37934
35149
84644
41305
77161
93958
79624
17342
99503
24722
51206
44046
65689
3849
66791
17905
10241
78507
19438
30599
55963
47167
53147
27822
34829
55792
3702
73009
83719
72611
90779
65003
23392
58873
41431
82937
61230
85712
31734
81904
51046
28824
64088
67226
95273
95077
66362
29118
67573
29290
19658
25986
2800
97129
62791
36064
64615
71220
77531
83175
85656
47257
51614
51754
59244
28321
37373
78488
45568
27568
15355
20512
60716
61597
47624
76663
46621
32268
85504
83763
19989
97335
22441
16076
80376
37701
89291
69459
72052
13674
79747
63029
11845
68260
68579
7971
15603
61500
88940
53365
63384
10795
30063
15242
75948
58799
34418
39502
15468
29925
75566
1318
66430
91033
68047
29868
65713
65163
99747
43295
3682
88359
2229
87719
26129
30843
79497
88355
73299
84518
72508
28795
98843
29993
71525
97462
97823
54968
45916
116
96878
75671
82628
92926
91279
60262
15837
78909
72613
28337
9147
76383
22426
53668
32213
24460
56160
40708
60728
75209
6027
65896
11421
9748
64115
15407
15064
94591
27402
19812
25185
37971
18859
91103
91267
36304
12624
31213
76200
93975
37306
18802
72075
26830
88557
69648
46204
60343
69855
27358
6780
41975
45968
30070
2426
19139
67070
53889
68689
21076
56380
1660
52448
65756
22253
10328
41637
79400
35939
19275
77196
13923
39071
70639
70477
50356
75774
25912
36904
16586
56063
8976
86677
66463
74944
82147
3236
66682
52849
36708
89981
39641
67321
92692
55394
51906
44529
17623
41175
99208
93958
15594
29520
31540
89504
37695
73107
45679
87563
72316
63360
98395
15026
68063
43213
38098
91882
90093
39691
17294
69261
68857
48174
25450
51538
21586
46377
15042
30983
29668
83760
15785
58513
32262
22719
27692
59284
70992
99081
22300
60201
88771
51028
35185
38563
28514
42926
10930
66120
60371
36814
15634
1373
69093
58831
10710
16478
33514
8693
41685
37336
80854
63497
21952
15606
84791
2228
24159
89893
3555
59354
57
41194
82996
97967
83642
26938
94752
71880
36339
5633
61353
91342
1748
99103
54320
56523
36163
91862
28100
89750
61171
18053
59641
67250
50925
21986
24140
69342
95581
7408
57408
12510
52187
61227
30040
98260
30795
5300
23626
48618
74144
18657
18073
17726
87563
25071
85713
40033
87239
83846
26973
54072
18511
86590
22146
14009
67299
88961
61357
51150
44396
15514
23536
20037
13131
75163
1952
79155
82467
38250
84466
50275
53078
78529
42465
81811
56447
60711
31235
14663
18891
12388
96389
8425
34506
54247
99735
34311
96867
48915
92530
14562
55067
8194
47434
90364
18096
86254
52728
92547
52381
70073
78482
78362
73160
48046
52384
8738
44324
85774
49671
53584
15329
34273
75126
97045
91941
11198
20152
85779
59223
46354
59013
68386
47083
24292
61571
79477
26851
5763
25654
53162
7529
61809
71505
37945
15854
7633
80056
6689
55073
81171
70682
97959
84054
32572
23075
87551
82846
81489
44287
99774
19355
8129
85479
94932
37740
95606
18035
12710
17321
85846
96338
83307
99954
7693
85382
49455
42093
24934
62753
75868
93933
89996
67308
25420
74221
50746
82268
85353
78971
17211
12647
39484
14455
52826
34098
3249
89932
20274
38182
25387
25918
17579
28844
59055
60144
30663
60230
63995
2268
5232
83873
98279
72970
35324
15382
83089
95304
45700
14655
18804
85290
3190
65818
46849
82611
11513
78547
45968
34086
38490
2676
42661
45890
61913
17064
15329
74988
62293
56263
42853
83762
26539
96425
55949
5355
4228
39923
46225
9307
64607
20373
13391
94723
90892
16571
66615
74465
81185
51641
2054
23235
67115
23215
85063
89548
87572
81108
2512
43956
61105
27785
34625
47357
740
55583
95266
29298
91794
87248
37929
70358
45373
38893
52985
57689
72007
39159
224
64210
44598
99509
41622
38264
16346
92404
32947
67489
36649
71620
8237
79813
17465
65543
257
84447
99237
56464
3120
36332
89346
24062
33626
91099
58471
35481
55188
48707
19308
21213
44794
30867
46712
2108
93542
58570
4397
44294
35243
676
36731
12867
63481
93822
25926
24860
37941
22482
6200
21456
82900
34877
72891
75502
53223
44993
73441
97532
41929
59006
14001
7687
75069
4785
22317
74296
92459
71809
69125
11544
93321
77256
8251
41158
86175
75605
94495
43844
14406
1366
27743
93516
8589
89316
80102
68330
14424
66219
93498
9900
84809
99452
9888
10525
66864
74003
17705
25542
17704
62962
44559
61224
97974
49557
39909
871
49853
51189
4086
67789
83754
85299
97559
93215
41820
20153
16685
1967
25919
88371
66370
19525
86562
35949
9744
153
91069
32979
58034
54463
69766
38454
46537
3149
62462
3490
60606
72795
82687
25488
50551
75546
63840
83230
74535
43880
68213
44155
20222
7836
8508
6715
20664
28542
90478
32989
50664
65985
59993
68221
26784
9763
49148
69710
2601
7500
83886
44854
60026
2629
17590
36205
64719
6307
79099
1691
75320
27535
74668
32682
20554
5880
24438
95437
75765
66174
20422
30715
30450
39214
19171
49249
57282
24494
3508
85166
54875
46638
31269
73006
69626
99000
58038
59667
41249
86861
48969
79411
48401
2620
94233
4349
6003
40947
46962
23329
45815
43432
12402
96372
86257
99214
21688
86365
70417
92226
37446
13576
14478
25005
97825
35336
69213
91414
63864
58563
93334
66665
57481
64741
36570
8474
79072
75678
66491
18586
21873
85186
94966
99844
29124
87678
90515
80183
39091
82938
14830
36742
33530
94950
40853
80046
48119
97803
39314
58449
64575
61232
76812
48512
63890
9119
56899
29899
51471
31417
84098
8813
72762
1664
51303
69994
81091
83983
92423
26588
63194
10720
97280
78132
71891
44365
33670
52811
38456
83643
52464
60214
80194
33234
87061
16
12423
53885
82833
34460
17954
64773
57897
49391
9523
96678
97865
1287
1190
15094
50896
62830
32804
70901
80794
75582
99977
15467
54341
91602
48561
64166
66826
44502
32434
82503
34534
33801
21485
87000
90795
71782
38573
59655
85254
26144
5046
72845
53089
21741
96461
86029
29665
3254
45027
46601
87602
59318
26913
97507
15170
59388
53872
42602
85096
49270
60492
69
26383
93589
3147
12779
86005
76432
12077
88979
26339
2399
82227
64497
20124
80058
26211
57576
27195
2850
24512
39274
8048
79849
71863
30067
2754
46338
32531
3097
90629
1304
58074
30543
66237
8090
66096
90518
56691
89837
3798
9778
97699
18619
70362
58017
25476
61433
77546
37835
96137
10779
50952
8320
51593
11037
54732
86722
88128
1895
63835
73985
81572
18302
34763
40250
84154
28564
20980
29359
66603
96980
59620
45609
101
49004
54275
81967
91001
31208
12112
148
23654
11990
603
84371
37055
53189
80807
86450
52817
16539
66861
98635
32467
86177
9870
4164
13003
77066
6797
85798
10297
96261
65476
2251
86154
51423
16743
38878
34600
44698
17482
60349
56790
10176
81101
9865
20309
28805
41936
66114
57576
72523
51716
82579
29151
45761
61929
89976
68939
66643
45223
58779
22859
20020
5434
36664
62690
56696
41075
34888
31148
31531
29364
1734
29209
78640
69920
52779
32250
90180
66963
25690
83276
55748
38413
75711
38236
73822
50262
47408
49777
31625
62049
48745
54494
29065
8544
73238
24673
77602
27601
41553
32974
42762
49328
6293
98015
2583
50989
4949
23821
82646
93043
49706
45468
62740
53202
5932
40549
88232
55766
98652
51411
84746
61399
52509
91204
65414
65610
4972
56504
97479
23541
2730
16339
19965
5289
5207
19679
38272
72785
34846
63675
22227
61558
93842
35536
84398
57269
4446
43265
15238
20673
97666
79336
4394
8547
21746
93903
58008
84362
11235
91485
81781
2340
44386
91606
52760
30578
48340
36937
12645
17966
24631
75159
50785
27592
82774
55266
78822
62661
13325
64668
77802
65564
51824
70136
70620
67507
43051
30722
93441
89909
7095
32608
48214
24565
53278
53264
75040
37688
61282
78086
43168
7701
18205
37061
42910
33810
10036
96692
57489
1124
54294
3196
8985
7306
18025
36763
59820
87099
2879
33172
3167
85759
57299
64134
52439
8063
83429
97644
60318
26476
72846
39447
77682
31280
14981
2420
14776
8896
35885
91018
59066
57242
5944
23086
88892
83526
93733
6519
61070
98107
83503
57029
65228
55388
78997
77330
9357
35095
75245
56816
52828
8251
54275
23366
91055
76918
56320
71768
8091
39257
43511
3082
50853
93023
32376
971
54174
28596
38511
31497
79855
76729
58428
55967
70082
1500
45767
3271
45933
91653
1447
71953
56214
21408
41598
93474
261
77507
37379
24286
13433
27772
6163
82503
10119
93370
4462
98230
69499
56130
77825
99700
32363
7084
38612
95936
15437
16237
70308
44051
94919
83937
64802
81975
61329
73547
64817
21397
95515
16991
64592
53814
31785
38581
48607
6050
16881
66858
84539
69358
16602
27759
10765
8080
44299
40761
343
44771
94883
29059
79040
47623
29245
54402
30073
74502
34281
79669
57277
70362
40564
81646
59507
63623
4083
2539
47492
56433
45027
15866
79531
19694
94449
81754
26894
69533
64331
41811
97888
78744
4396
46192
91325
79062
24696
62939
44838
46022
1570
67093
37035
62727
64600
18492
17745
39074
34484
34229
88638
57043
22377
18668
88015
64442
40984
10348
11359
41313
75923
88762
36259
32669
22723
70086
58779
92038
92911
43944
14136
57720
25842
10064
21528
11619
34288
64505
60994
57806
50291
68279
84612
74723
6073
85360
5062
17263
27170
95016
20137
7058
60267
40264
70876
4603
53221
10456
33704
51889
51877
18359
12878
75490
40772
68394
63201
30217
1188
35912
79341
96626
42858
62557
81219
84650
1214
6334
95075
96684
76162
55877
36572
97113
73848
69971
91498
95502
62824
73853
24161
42027
55160
34298
74044
8160
2509
78396
11128
69370
24890
70434
22146
41044
45396
67702
58926
80802
77642
65544
59933
42869
50503
77160
14140
81005
55768
63041
63844
77599
73825
44019
4338
37172
47089
97917
85604
96780
91888
70282
31905
54731
18836
55382
3333
62777
60329
55589
41091
24991
21245
95678
70360
21618
27897
81561
40669
42407
71034
24762
52804
87245
32082
22140
43160
21096
51592
46567
29112
28606
56243
55975
29868
76053
57011
80350
32121
52912
38782
21981
92852
18023
95146
94474
2379
56131
50229
91042
85089
2655
46678
44995
88451
16790
44079
97264
43748
27897
73809
5374
16957
24836
68767
37431
313
64630
87278
93711
66860
32566
98318
66980
34947
12896
26260
75524
48908
55501
20351
98732
44401
8851
26201
11524
16652
61877
65499
95347
96063
41025
7130
24826
11084
12961
40601
82994
9859
79046
86604
60950
27717
45301
22681
76213
96514
14450
94494
50370
56785
55068
26480
84053
13580
96702
14240
63304
69631
71944
9799
51651
78096
31043
50879
53440
26066
27006
70261
16546
38333
615
34267
53806
43555
61128
38253
94876
27024
38437
66148
92468
9000
74471
23041
7651
36471
21489
79982
5621
81082
98361
96140
57391
49085
95066
47941
37723
21111
41700
71175
49982
80487
82143
7374
47873
77970
54359
23415
60346
41140
50778
81300
50527
90411
69468
30163
52535
38789
27824
55609
98095
65720
95684
26065
37910
70296
35261
468
33821
68359
3517
41636
84572
65574
55293
14661
59494
65013
92913
2254
46751
75576
28137
21454
94215
67973
99159
82577
22279
23891
41323
21313
69053
59911
36041
28994
75802
37302
1144
22629
55942
67773
55992
95815
60977
54922
90699
4878
61326
32751
65000
15469
88285
69121
1483
29521
98579
27172
48175
75142
34837
11289
48509
32195
10393
25817
1995
74130
41375
41238
75472
4446
23145
19318
60381
2803
50929
77648
95273
85230
7121
74084
73318
77165
37482
55050
89515
49348
39055
87999
51769
5216
50573
84265
82533
84761
27143
75929
6264
58098
71658
8118
62839
39131
31117
26987
78086
17317
38972
77204
27895
92672
87156
60068
27773
47660
28649
9583
86853
2840
54310
51368
14404
6685
57839
30984
17895
32975
24855
79008
76638
8874
98133
8818
13595
52700
28146
35267
32126
29313
91624
21300
69533
2499
49647
8846
75538
35211
91843
98215
84656
43670
84160
43792
46930
71515
68663
45437
70185
89640
33637
52869
71819
7434
20558
81366
98036
84073
10917
71111
95866
94505
45881
67429
10765
46568
57534
44089
18412
82620
78963
70724
30371
88233
73091
90039
97879
46355
23337
39799
31778
50463
97643
7261
81965
99286
90734
96196
63806
88562
91779
95404
17755
68300
62441
89304
55270
52171
44358
30068
82497
11939
10646
74835
37235
30783
24072
10962
33951
13115
73394
55124
20826
32685
43094
63903
49517
32799
82628
7660
32762
64313
44710
64775
6814
68439
10736
96981
50537
23645
6716
92505
68333
32646
43272
50105
2842
20023
22856
72668
24327
85289
58734
52749
86782
98812
6571
50764
24884
32836
61044
1785
54405
72453
9496
12672
32505
89660
26194
54259
92473
5693
85798
17949
80363
74682
47224
96503
19846
98583
42279
1668
9379
77698
68158
69801
56292
97822
63447
61073
70976
32538
57672
79851
30702
81298
45272
42753
89622
72830
89230
82500
62982
63183
46847
35821
84502
54622
73307
27749
30943
52459
73410
88817
38461
11351
90725
73360
21362
11812
58916
62171
6945
78447
59745
42378
41512
26041
95118
55723
53839
92002
99434
70647
54882
93536
29545
48228
45973
57527
69979
8904
35313
68971
55458
98290
54652
23051
22520
97533
37199
99175
60637
75637
65131
48202
21816
72987
57907
52546
37305
60264
34255
62662
7788
78176
13578
33171
61017
29371
86630
61707
86634
26952
26868
56174
22448
21696
81167
17988
34347
63944
8017
79758
48256
92044
50159
67549
99377
29268
58919
41861
64447
79999
95056
40612
26642
19466
17692
65779
17697
27681
75563
27841
85480
25106
29764
4501
76670
317
30459
50763
85927
86160
10858
35621
45915
6416
61101
34123
25760
21432
29340
9009
27264
97049
93624
42574
60128
23709
21276
77078
35576
89988
90655
55260
69704
87404
61370
31541
37166
35727
26867
92689
82790
2990
27585
7178
4675
81702
59494
10771
9059
11886
11127
26392
49385
80409
81150
52933
42613
74818
46541
97568
7915
64831
83768
29303
21848
85631
32857
61775
81189
7114
95943
86459
49044
53406
56079
51730
13572
85492
41629
50047
43669
84852
1289
17361
88244
55083
61215
46551
3564
28131
90894
36404
36168
59160
98494
92360
97941
33230
16712
4211
22745
59511
98073
20228
83235
36626
25351
6333
21872
49132
28857
65900
37688
39662
29110
50938
81023
66259
79704
5235
26724
40208
69225
7253
77403
22119
88348
76815
75613
93820
40331
10857
94816
33340
81203
55041
89234
93253
35678
15959
99578
44872
59094
21428
3251
66894
31906
60861
7489
1289
45719
2077
75215
40821
84804
82481
9110
53583
5983
91316
46195
42800
88080
61409
77970
20350
34648
29076
28580
77403
64813
88269
41955
5689
90206
69524
13621
80086
20021
47072
10124
16448
39473
83607
32270
36628
26165
57577
2619
20119
46747
62053
4870
80507
7800
25845
90286
5099
59001
1853
91303
25908
542
70731
87868
20853
31158
25086
10408
79549
79135
26103
34239
7735
56465
22052
93733
29276
39431
75757
28373
82144
29201
39187
43747
33966
22651
26811
51284
82484
33888
6950
70164
24642
97057
4910
79560
98320
41044
20548
31564
58021
46291
56898
62925
34591
72023
95607
99738
98392
24212
73492
641
92114
53719
16384
34352
23935
58088
97184
57011
3671
12403
41946
44110
57359
18284
92455
20636
95250
69580
87880
3750
81618
37477
49792
79763
74992
78212
34524
41227
81658
77137
81072
61378
44000
34999
87621
48842
26043
84500
57646
62698
83023
69710
84899
25254
40313
18431
21171
44166
11596
22395
27657
31472
99538
28224
28112
80442
49563
38402
78882
93660
54141
4381
68961
76668
34873
91040
16814
28117
95899
5745
28794
80303
25580
79303
56656
60732
71116
54009
31933
17544
73633
26402
68395
87225
25588
38090
27838
79370
45195
70481
71538
21531
56571
31085
67696
30302
2122
77166
19145
61518
75159
88042
71829
74758
2117
46856
2621
86604
80874
63554
9246
31659
13122
37816
91958
71462
49088
928
17766
26298
28909
60198
63785
53936
90378
81854
65740
86257
67285
54532
23969
444
60318
61350
61271
60659
33499
10127
60865
48174
16438
99442
29428
67225
43724
97238
56012
20807
91900
23542
2747
35139
33108
65361
19432
27520
99449
81203
22349
32077
69899
86604
16229
73856
25272
15942
90131
73510
5806
54309
91951
52462
92634
81802
11306
45066
87581
6387
95511
18050
37329
58441
15899
32052
81979
34837
5708
53242
50764
61523
90468
22300
89487
57568
28472
55296
84623
56977
78002
68676
60889
6074
85906
46690
14427
6735
78125
47486
19346
11356
84219
37973
92494
13371
48154
43701
58440
41018
62800
11752
2767
74385
98161
74868
64489
19483
10886
90192
17081
75230
28630
63993
67515
71106
31524
69506
21622
5162
71336
62132
89043
27904
23755
8896
44140
83648
59392
74797
40763
46479
42990
82587
38156
45434
95858
84452
77968
40834
89628
1026
66789
12436
50701
90069
14915
33914
68222
16082
37645
10154
14115
52125
60071
41861
80297
59404
80805
17942
77705
57599
46198
86433
66399
13922
33384
87274
30323
79969
36489
40742
97441
56800
84937
2272
28198
29877
1965
22289
80331
74697
16202
85586
91872
55574
89701
18387
55520
55091
39843
27197
99294
30649
61719
35310
52437
54618
80382
44382
11833
98485
58490
65067
698
39803
87067
15445
88577
9742
93252
32022
49383
16687
29921
42655
55162
21778
53880
13350
31050
91003
69584
19741
44723
33516
48583
20381
30214
76641
51606
36104
24882
56846
78259
14135
60154
94418
93185
64215
57492
21032
76517
52394
8775
75956
67784
52270
10558
71998
90245
39916
14909
3768
50240
45501
10053
14346
43750
2475
49669
9431
75786
65726
37471
48083
38193
51203
98902
12824
15396
97813
57303
78412
85054
73182
27076
9041
81454
53347
49991
17812
458
58987
13391
41052
89861
72084
57247
67241
9382
47778
31888
11742
73381
75821
75620
23587
45459
96027
57021
49603
77590
50565
80316
46824
20655
49963
97012
27123
61014
16971
46981
74604
82995
24409
65160
11908
45333
46976
3333
83042
34922
35686
95778
23410
97210
97719
94245
49145
78973
49195
81699
27112
37315
57821
33323
80424
6657
57108
5384
3914
78292
87545
97953
45416
16253
51817
54344
79136
73156
94417
11664
5341
67575
11560
94821
23678
67379
54828
36348
31394
21544
40723
55975
3903
98322
51966
48234
50456
92743
91530
71686
63387
6829
51528
86115
68042
71691
66945
30917
23272
83964
49616
6987
19372
62748
40826
80795
40900
65462
52163
80034
59503
73846
35684
21648
11559
39401
66347
50234
69761
54198
77726
82067
79815
82071
41524
50532
74479
33156
5821
23762
86435
25168
90446
5189
56851
16544
16578
29504
80922
20223
24724
54410
19686
22533
15748
41224
38120
44589
55184
21336
90327
26875
86574
29140
57208
55637
79951
6846
90526
80009
20684
38672
99567
6255
81314
21695
37299
21087
6107
25826
5383
79200
12424
90253
36815
20417
24775
27547
79748
3601
93495
86637
63927
56493
37509
83306
29293
96805
55486
58133
24305
85173
90714
45408
74916
17758
49368
81740
72742
95690
56301
84610
75573
9220
98869
74514
63442
55140
18557
23238
52594
6655
36905
37790
11598
12377
30708
76389
40819
16701
91670
25176
23464
53125
72957
17352
71266
30160
67379
38191
25634
64208
25931
52029
20820
18463
2865
12081
21162
98872
88140
70714
72386
20486
17842
55774
12013
87560
52521
79640
58657
14281
43417
82797
9208
17408
90328
67134
92955
2485
36140
47126
18336
59155
20462
39749
33122
78909
61947
3676
96547
27109
60239
34954
40844
67737
11879
90330
54764
52252
92302
58069
628
27344
74869
41327
3439
96495
865
73590
77258
15896
58474
52559
12062
29304
62991
19141
48022
224
89352
74637
48427
60615
29698
16701
39404
27898
36819
72860
32430
40594
2451
60216
98855
9867
9252
121
73073
24983
29078
17250
66117
27035
28654
43492
12959
17276
85673
39086
49177
97495
15017
33320
30
70694
44696
39012
98758
30254
46989
51729
35175
26108
48798
66382
87168
10632
31458
25105
57595
31522
92438
64683
18384
31683
13973
75003
73971
55374
24628
13042
88312
19321
57054
60514
77961
14640
60887
92774
41803
30311
68946
36157
85047
74108
62461
48067
21812
61483
17253
55691
66608
17728
32307
31380
13146
78707
64184
61091
6763
59881
65736
78671
34355
68787
95125
85453
90052
11144
89580
88099
91110
21093
78812
13929
98654
12295
69512
42759
72400
37702
69510
26311
28283
187
24984
73423
73773
51275
57646
52862
46656
78874
10045
39553
90228
5312
5525
26165
56020
51375
84366
56500
71521
80013
96061
21919
95827
72012
82216
96867
95638
59738
27065
12183
842
39000
85082
71227
86788
2579
19816
10060
42
40388
50577
94819
9746
60007
22011
88089
40951
6470
53684
61436
92782
93641
25614
24313
90959
49690
27825
27416
51579
77957
97108
11415
59428
68869
33764
53663
22016
4536
87926
99260
42623
27630
18318
38926
58385
81362
34810
22314
27668
53735
25421
73026
38230
70198
16729
28741
20925
43291
7678
79192
132
31230
69611
58304
35851
3881
43652
3544
4583
93442
52845
81087
95780
48734
83152
64925
76574
71964
6869
7889
53037
48214
39740
38378
1589
46632
6688
99811
67899
71069
60974
62740
16468
6779
16579
82572
45884
87645
98134
56987
10366
38866
56310
88054
27389
72974
62790
78875
19994
18657
96169
95162
9549
43435
93013
67926
77645
34185
36195
53574
52813
56767
69906
39419
71852
82035
15740
5836
18534
69607
17750
30935
48201
92473
18047
25600
52946
67973
48934
71900
43005
36075
24470
44952
1594
13190
50785
67489
35139
14369
36524
53639
50518
53287
89642
77217
41173
83683
90566
86529
40712
98952
90975
43863
88209
20473
30673
52057
17860
81882
