api2_id
34129
21700
98956
99
4095
15086
840
58384
65087
88309
94734
29571
15912
31649
14706
5937
95711
33885
43590
36008
19760
92544
44700
40559
67065
15535
10400
87847
88036
65324
70897
85424
68709
21205
45871
32939
89087
23277
14845
46148
92350
44889
86376
12101
62713
38357
16543
74910
59402
40826
89022
76945
66115
70297
88696
91656
28436
900
52702
40827
32079
55297
69466
56178
78599
7029
1825
88040
44886
36101
75086
17767
85306
65804
72459
74210
62578
23205
32181
58912
21586
54167
2553
79600
20971
10605
40439
44318
20201
49913
17412
35934
59753
35119
23586
59065
39313
5392
42401
24741
60501
82807
61629
4044
97638
30224
58675
33967
26962
57257
33162
35427
46214
4109
69984
87996
2101
13522
227
80852
77975
44492
69569
85733
55423
68351
96257
70368
98054
38697
97002
60649
67165
47197
4813
96507
72447
97427
26934
11185
28737
53775
95861
90055
43277
74519
3685
28444
83433
80293
16587
46664
52590
61981
28718
74820
39056
11722
23584
66370
47245
8962
15152
84525
36541
20503
64845
74276
52253
23899
72574
78689
22772
75405
56784
35269
86999
32335
62520
51633
5856
81777
22346
86582
7091
4259
63925
20275
68876
52429
529
78317
49201
7953
34207
35003
23190
28679
11332
42768
40158
33745
35986
84899
22568
4107
5227
48362
98280
65337
78390
72039
84854
66571
24702
92454
98011
55075
91911
52128
45868
28771
51927
71766
85570
72092
65048
59428
79335
89924
25482
7197
95715
86439
6232
54744
67794
40472
92620
3017
80721
25875
50561
79195
3064
45008
2534
21812
77508
52092
11001
35530
97120
76617
65237
53573
13356
83387
92580
10550
72449
82016
81242
62392
18992
52189
1540
79793
4709
52427
53589
48716
87087
47399
68165
69721
53548
67895
74785
68782
48145
88978
56650
64748
69087
35029
55566
54381
90635
3565
67924
55416
88880
27163
57807
81911
85292
71977
68575
41341
10534
42026
50982
15604
64946
36729
58760
52323
35070
90557
81486
55831
70905
36388
68054
59503
70091
38301
49875
48889
53247
38482
82754
43061
8354
96494
86565
68521
48118
17133
27256
38062
92438
29802
82831
73321
14302
27740
54929
12513
37180
69350
24023
63299
59835
59329
3062
43745
32250
12835
88302
35547
66937
20834
86224
97733
76589
82563
59696
30549
53074
93444
71882
88541
30895
52005
56065
77697
88043
61997
58847
42202
69803
96657
86532
91980
65494
25321
25200
84026
29299
7314
95452
44890
48413
87259
44120
46852
89083
74144
19322
27469
22018
57922
26137
94996
32618
67351
70714
36650
15907
98304
55029
92177
19787
16987
40651
34031
36672
51589
60275
22996
77478
47724
38608
52130
50464
79882
87443
45538
60056
25719
29594
86620
77429
19258
91719
17974
82949
68588
43282
3543
21182
57109
97913
90883
68156
39740
72458
53764
41186
20531
34961
75274
79789
22040
15333
32401
66138
268
48846
99312
85558
77548
15562
40882
78170
7106
42151
22900
73560
58821
28248
98722
93130
39969
70492
20821
13052
87446
26033
55063
53272
99731
5016
34722
77054
51955
96849
69566
86302
6321
76290
12914
83372
24747
20033
8234
71001
60463
62106
21332
79272
66100
61063
44190
12425
7227
27520
82176
80321
32476
51483
13541
47926
41710
45455
69837
48596
63758
81790
37479
53702
37901
24832
13224
29244
99244
66025
5954
78144
86890
26275
67150
25127
67903
99396
58593
17943
31067
45044
22851
32685
51033
24266
64891
70575
27900
99720
83405
91876
3564
19029
5074
91092
33595
34629
33979
20115
21203
80405
95440
54811
80183
59532
70815
91071
27198
65751
15789
60257
66535
11726
29433
6544
25894
39511
99405
77820
13879
77454
27589
69639
34610
63443
90390
9743
27398
76875
36273
96604
25156
70682
30152
49872
49768
98874
56120
24726
38125
7189
82013
77073
68408
53666
97981
13737
81569
78914
63407
68052
42011
1139
26253
62795
67860
34837
26842
64390
58013
93112
96753
98409
36515
70658
14473
11771
72
83543
75978
44093
13043
11196
349
40219
4528
80017
89457
5203
11498
38047
3162
91993
8280
59993
77881
83634
63984
52178
69065
92244
64684
84928
79727
7766
36984
3868
7538
72765
96187
94838
36670
36076
97122
89037
78681
27282
71309
71359
57475
93154
61729
92723
13180
66735
25732
31930
93119
72089
76505
98597
79192
14844
40440
75491
80930
43602
60382
36237
17095
33449
53673
6992
80737
97749
50803
77600
87261
93370
4590
50082
56504
54735
53707
53909
9237
87865
90775
17560
27528
19793
71915
62455
23902
76601
84175
72979
35978
37019
2220
67854
22095
43032
55085
52302
27595
61341
77619
7510
65920
55549
50717
50077
34906
79034
17440
34503
12436
15393
39046
71060
57456
17373
30414
70186
96022
8915
13130
97246
33611
36930
52302
70243
49838
35799
22842
63903
69170
9015
26124
32851
96524
75147
88261
29828
7750
53504
2426
30204
32621
57153
46144
46696
40384
29879
55043
47299
79920
19396
65511
22221
92157
50970
39802
53801
55624
76787
93604
94264
56557
32229
48344
76804
8880
19682
15252
54575
44890
81077
14670
98641
76472
20738
61506
73748
65772
96310
91556
49708
7565
50463
26131
12620
8390
92068
52365
60791
16628
54003
74107
33887
9253
2573
75228
20836
42685
13622
89031
3761
71117
74373
91187
54628
599
88008
54564
95558
61851
58717
91609
22526
5035
82644
14411
45078
51364
64657
82628
57562
83024
1612
55627
38388
16063
42450
70518
9818
88350
62915
3215
97959
3712
6580
81677
47452
38353
85909
9767
21371
82927
5510
43332
82494
76408
9822
54302
38293
35140
88193
93581
30999
82220
52612
20338
45473
41201
43419
92401
73099
90052
26962
78071
44836
34938
45659
82059
41721
94174
35100
7071
91497
69369
93351
99516
1646
8287
73338
33364
86224
12471
23749
48639
79406
61171
69538
48005
26432
15477
58141
38352
15119
76042
81385
82141
32970
53198
62228
39238
46965
18150
15618
2018
80807
82363
91373
29902
95215
23561
75984
65850
61636
85811
41818
46514
6589
50164
38907
41154
81728
60526
16357
31964
19758
7173
21201
70269
37118
52133
31036
5741
6474
46104
77041
19889
73035
78540
11269
32242
43729
91462
90587
12534
88055
5732
18867
78668
97968
17777
49180
49710
596
55251
30619
64057
11648
14086
54903
50295
59628
78205
21651
77406
34078
33155
25184
91348
72124
64648
13898
32115
68140
78651
40263
71542
79778
76581
40530
20303
15391
19386
96854
88724
16686
91147
48128
39069
46409
48733
42519
95888
15127
10524
25005
86717
32059
16752
88025
44005
70707
46203
70697
47811
76946
44387
30425
58300
90757
66372
24444
84868
59461
72681
61528
76256
70808
64822
22264
34435
22696
76484
89538
39487
40097
25919
19834
97543
13474
62742
75510
2822
31324
85194
86745
1990
89692
46865
62630
72201
68107
91613
8327
87551
83632
52790
82769
31278
40761
25013
28000
96538
81286
7551
14306
6089
80126
21577
11676
69236
40513
98692
40583
88930
16308
42740
39557
87715
41559
99302
86665
96822
13007
49454
75118
41569
70487
10417
73990
76272
86620
73135
47309
31607
87516
9817
27128
55537
43594
88561
57128
77895
99658
981
97912
51408
55887
51633
31635
68784
32844
94113
26386
18845
97222
27948
91973
87694
21098
58949
56361
59639
31245
95276
82362
34906
10824
45053
15686
74136
60205
36092
58951
27261
65630
89785
61337
45116
75275
15899
13565
6005
63436
25315
92274
46124
5055
57099
2558
7468
74129
62519
46851
62888
57422
22727
72986
96374
1161
19980
16961
78922
25459
54167
11590
51384
76926
30429
90875
6975
49695
42124
88846
45312
95573
3073
89261
42288
72799
73034
83429
12218
20385
60205
95446
357
6181
52606
8304
36533
78385
46682
46534
61409
35208
67466
59502
86076
34312
20054
98254
82884
31437
31211
12175
97304
19041
48031
31707
83410
13294
60919
92508
86290
2342
62027
81635
92874
23962
86061
79693
47071
29208
16358
30653
33854
30571
30075
35931
59190
39156
43999
98129
61265
19706
11108
77366
91921
16957
52356
46049
90449
15466
29105
31757
15185
92917
91872
64658
32655
54674
12990
29845
35512
38587
65552
62042
12264
77975
44716
75287
4232
91126
89436
31776
7413
39219
20099
86210
14931
3069
88809
64870
34532
98132
54502
61307
67920
56026
67739
58609
56515
15869
63090
29268
5823
46051
56423
93948
57961
90366
70555
80582
31082
10397
71089
88604
17163
50089
87897
4506
4598
70934
23730
47088
34789
1046
4371
92010
98165
29003
13490
93058
54015
14849
49733
91144
76593
2721
89461
21324
43298
39434
33215
24942
15431
45147
28886
96796
72546
14082
10834
41260
62133
14991
29548
70791
63259
23670
22042
22500
23521
9275
78828
19332
46338
51899
14823
58009
94980
22356
14300
18707
29313
616
78646
82218
14812
55742
77026
51555
92067
26476
10038
23889
93693
20665
21783
75423
9644
62910
79596
55210
41455
53814
56379
45308
25692
9272
93784
49047
62141
36655
22484
3890
87770
87150
9682
5593
33995
62938
64725
91626
67521
30300
36544
58243
16588
76087
97892
98216
13283
98265
96390
48637
32866
15124
60875
46591
80828
9473
36415
1404
92329
90603
57019
22405
57622
5413
20966
23977
71163
85974
21468
65824
66011
90449
16201
66816
97151
41642
77559
54901
76072
72066
70916
79493
38650
1654
36782
24406
39116
19369
77632
84103
94803
69221
76176
61184
80990
7898
21306
24697
33062
44179
5595
59303
31300
64643
41513
21313
34020
82351
98475
96644
31818
50530
52820
30119
11804
71872
20491
96408
41303
64040
22889
56032
65163
97048
51785
42154
96305
10509
61780
20059
70031
34900
3336
1916
55948
49173
60502
55897
28900
42375
77472
31756
9922
46611
81717
50564
40649
37348
99474
95169
23128
74603
79274
32055
63210
45998
74504
41265
43505
21149
62463
55488
66996
80208
56399
30054
8283
16811
40512
91963
66978
85752
25315
45974
25460
6882
87597
43356
1869
2575
23572
99242
4249
91945
80028
47536
66001
37865
27200
11384
8468
48955
4032
48742
9876
11897
54669
41803
40167
83635
64012
15269
18622
25053
21071
10886
66655
64782
89501
64343
6318
55083
39828
72774
12679
51431
92520
72324
90737
5038
70422
60248
69234
95774
69722
48595
67930
72811
4060
60349
3114
39873
81507
18101
25851
24592
70781
59221
30987
42980
40009
41035
94355
79285
2680
36038
34547
77584
23472
43264
95203
32223
92079
68438
26524
19653
81172
84568
20289
25946
39424
25715
58600
7159
57468
93616
11139
96094
92686
48480
52621
47806
82986
32663
63524
45546
10080
57180
77656
98281
3831
38602
88486
40169
2921
99528
54136
59820
49768
25058
58078
69205
10182
152
89266
83625
91220
44719
89787
24155
34571
22373
89744
33147
81551
99987
1281
68857
85231
56574
23387
25465
21604
41777
75951
8365
7647
52406
18465
2636
33829
49452
6097
19521
92914
58685
91707
89897
78009
2539
22157
74453
48366
15906
3325
3802
96172
84098
37837
79757
78356
44622
66464
40233
84051
34490
85456
75090
62463
56179
18759
59951
5988
28726
73526
15123
48576
59290
6747
4034
48195
53044
97690
16312
51987
13537
23393
95624
93472
95585
52040
32990
88918
62443
62169
31866
17417
75374
36561
4163
58738
18233
83056
52306
74083
21502
87682
44725
50843
74553
96987
99100
65157
78309
67079
89056
98641
30126
73995
66851
97587
22911
84127
43411
62480
25747
20351
24819
3156
39832
25904
95765
64586
11957
1617
48126
58153
59948
20126
97829
97307
82164
58801
93984
97734
78332
80192
620
28147
28411
65345
94391
25403
28731
21758
25302
61673
98247
21826
20181
13193
21153
1771
17762
98554
66219
94402
45084
96199
35870
79040
32718
70949
88575
57406
97496
28368
11370
27564
64291
2868
76915
97638
93649
92073
49069
29023
50551
24129
26145
31996
99987
19532
97075
72479
36616
616
80037
44488
46011
22228
74310
27542
16670
57841
3954
84822
19284
32527
97927
23847
91337
80892
61514
56215
25137
10422
45382
93750
33482
19272
22084
46113
36510
80174
99877
64990
152
19814
19377
2098
7452
12974
85131
96267
95756
62247
79005
19042
13995
22127
83855
69087
33601
13057
83220
14500
45027
23096
85288
60171
94816
60350
79891
67538
36411
89003
75780
90572
34700
80642
25436
32509
38087
54981
49761
72030
87974
73717
43790
62383
66858
702
75443
40531
83238
6352
9204
85150
77615
64851
32469
20402
59893
94317
37067
96241
38105
14237
29942
42474
34482
37168
67116
15685
37222
25753
28187
71103
50400
58769
86615
50630
52292
68308
46463
75375
28338
83192
64321
9103
12684
53751
18486
46120
57161
78022
25791
81151
92045
60338
1180
67208
8922
5175
13673
66311
97961
12679
96977
94573
46055
43345
75376
63676
19408
21598
23153
65328
82664
43620
45319
82099
18131
22831
7131
17893
92663
62821
27520
10519
20701
38064
27513
9829
86280
97210
31013
3629
7536
12561
64996
18316
2936
85850
52907
97126
41378
9437
61387
53440
45552
17625
67343
98566
21329
56686
13091
95981
53105
76870
77478
92011
80197
6580
70636
7237
89904
99504
92218
60340
58091
84252
57866
54286
17308
28796
55050
35227
25231
74495
8363
49432
44403
26042
38880
94251
88131
20251
13291
25471
96280
33602
10065
78622
68867
44522
56341
15793
35349
89611
72380
40417
16743
18341
70606
81025
78875
21238
62377
60056
83904
9386
16199
56680
47529
45250
94994
92820
38093
5423
51344
95914
66366
48355
17219
17121
57482
19360
99381
80901
9925
70520
1995
10778
80095
8808
11162
1776
3404
77979
48743
35480
73816
75849
87733
59956
22442
21915
25446
22441
74658
44673
63257
10625
92831
68135
19330
91759
48020
51252
27521
61087
13146
67916
30192
62681
70416
44036
6943
71517
68732
45621
15620
8888
55619
4153
47269
63371
12794
14558
58477
92847
83679
36572
5059
53840
67538
25128
98574
58291
39748
83509
6780
71008
58509
73338
99005
62686
70695
98773
70371
92473
2501
60320
21732
52589
29965
53571
41602
5579
66582
45949
49358
87731
62029
69458
76356
58960
43976
70214
12413
93457
46940
34489
92975
83893
76183
5851
87644
98491
86107
25552
47853
60424
27870
74232
17246
70474
88629
54669
23875
79838
46472
89510
85560
11863
85492
98626
15849
74855
20839
97800
84790
45714
58178
69785
6640
71677
24453
95034
56956
19952
21507
93797
95292
93097
22347
891
52861
13547
11294
37340
9598
79747
26378
79816
70334
33866
90650
39069
36354
54057
28032
81900
52689
16792
31568
30257
27632
19394
37910
24860
62739
14766
30321
65519
59926
24833
63897
28754
14081
883
41037
59009
59683
81641
66708
68108
85654
57853
21389
28483
369
34950
14428
59802
33755
83685
87480
27822
96785
58494
40258
59686
71650
75861
74699
24711
69333
52270
33265
69680
56465
26569
13375
59920
10194
27357
66784
95998
89398
7614
79703
69372
18297
48908
18902
77139
86952
10672
77210
53069
48188
58349
66457
74601
93976
4372
63516
80627
5031
22312
58857
53968
89228
68280
82071
55033
27645
1409
88631
22164
71544
93146
31126
61044
67195
25769
35071
95011
70251
78207
56102
49497
417
64127
97147
84091
90505
95310
71297
5025
7165
32912
87491
39636
31151
52230
55325
99480
2695
58969
77576
24456
7125
24562
81040
55329
39806
76981
32316
81558
99506
11321
4003
49280
71718
17624
27364
88597
31498
48291
45426
87173
64942
9009
42027
46612
55697
7410
28540
3049
56279
3516
41365
13205
39854
62608
38349
50168
40692
90523
53675
44941
72524
25236
94304
93255
33044
97758
33125
76542
8747
71862
61280
32582
84563
31970
74655
23311
45253
9056
31329
99626
78823
4301
81829
34844
33236
26961
53305
42856
70865
77925
46751
87498
19923
27879
53956
32919
63681
79370
71512
87883
88050
17965
10538
6962
66356
9260
8651
10970
71673
5866
1044
49105
59343
63431
49188
12513
17921
7959
23492
76545
67840
8456
94451
1699
32977
59361
90230
77825
15767
69337
85603
27085
20550
1987
20394
89494
34644
66667
51224
49020
79627
94197
60400
13153
71243
74299
14112
88846
14098
59017
89060
99693
33207
50265
85308
81258
49961
92987
54703
79501
28042
32338
91320
95414
21749
8053
10192
78555
46587
37438
33439
49325
45516
81149
11514
87509
60061
32065
6132
58484
84679
55468
59139
93401
31423
95399
10220
20844
53831
92011
80131
7381
58261
57364
38756
84706
32666
99883
97577
346
82417
94356
35842
94882
19753
71859
49926
16160
18289
69850
27023
58768
54548
54305
22275
37392
28663
7060
92689
557
34029
78007
73055
94195
61165
54230
19967
55406
46797
38969
89223
95925
14816
25894
37652
83012
53387
72141
7063
32754
97934
58082
18920
10534
6516
24545
64673
17125
9140
22469
56068
16033
76500
65331
54733
39246
278
50273
70390
71237
89554
14947
65666
10266
4525
282
45058
26134
12739
86536
25723
55409
38136
9671
15273
91194
11763
92699
91730
29889
18900
4600
45290
80290
66252
55885
78533
87721
16305
68128
24812
64882
91861
26258
75172
85
81622
63883
88841
87996
32880
99158
99733
79412
16540
1693
66707
23818
32902
42871
64737
23971
83845
62274
29076
55699
82627
40193
97447
96188
34290
25909
22935
790
24806
98040
74003
76292
10749
35134
20291
19079
96476
61912
28786
38265
25010
22436
80895
6144
19583
61629
58940
87750
66957
20814
95490
91052
48888
20029
3651
34786
21559
89014
54019
6103
46265
82256
25419
58060
58069
82805
65908
21847
32490
29931
46895
60850
81564
54806
19825
99270
19904
63204
53986
70563
20058
60772
6444
87855
61062
65402
57186
86051
84122
36327
53761
31578
64923
56435
36108
33704
20788
89025
34674
55959
2558
59106
21783
83863
75872
29589
903
87560
99415
94373
72220
87288
11691
35820
76403
23774
65994
53626
22976
78891
88940
75615
68144
64567
24134
91895
61154
42012
96988
88765
47161
5989
78196
59917
17642
24789
66506
41173
31177
5767
71665
48734
84379
8261
11083
70892
830
68361
69775
34241
31249
96763
79905
62503
46739
50998
88821
1203
41089
81662
97828
21120
47439
15753
69498
69615
81762
68352
95962
73452
64305
38164
20023
58007
70476
86247
95220
90880
31043
70872
70263
41624
63361
19898
91653
31422
9558
15332
13952
44486
84569
54817
90928
31701
29125
51584
60258
63744
8503
84072
62622
8483
5039
64435
81725
53856
5115
10952
2062
27377
10517
9734
109
87284
18989
11511
93731
70208
86234
44321
96895
69784
66867
99379
25974
92178
10889
16294
38832
15761
39032
91089
20427
13782
59795
50969
40440
44771
24273
87286
9812
56517
10162
32575
2816
4697
2227
57202
15402
73477
18365
85486
52291
50803
17461
44834
10980
47277
57456
31781
1680
48832
35354
49114
29388
28989
97564
33962
24055
27929
38618
91060
79436
9043
73247
85938
41926
8776
95653
98271
9072
47782
3282
99435
32212
28241
31994
67992
35765
55426
42971
15092
46334
91514
21858
31050
92367
52374
73619
80359
71663
51330
66702
9592
62206
22527
3889
98518
69772
12377
47915
21727
78070
23779
77922
36957
49969
18212
17545
94872
30251
66622
24738
82910
56255
76873
64127
74123
39270
36810
6293
86651
6671
32614
59615
40759
99086
51125
74099
76126
73982
23932
87256
15434
70544
16049
60031
40723
8317
30257
9263
16041
86436
16491
22697
66170
37536
91110
70858
59392
19683
88333
91502
55259
69572
46275
73386
99462
3774
6959
95491
63838
83471
6806
47102
38397
76225
41260
68054
94639
5891
15306
30229
71415
8983
12427
87572
97983
92283
18937
70303
82172
30194
72401
61328
24639
35229
51369
54078
55810
9862
7407
30883
80964
7260
26949
22315
50567
84078
33678
8093
86484
6771
62736
57804
84833
72471
34745
27405
17022
77313
29996
55732
69050
42199
98168
79477
76107
23346
75654
63736
16446
91062
71912
70049
96606
85399
29298
2368
57216
63314
83519
42890
31
76106
55271
57957
21418
4761
55427
98205
83125
19477
84504
23334
70041
1391
89069
88343
84945
38309
76195
81335
56644
48650
14591
99546
39420
77277
30796
53639
3003
79568
90508
28854
2036
28156
29349
98958
55606
61084
25438
77906
91337
65875
70160
25896
84674
16497
99932
22884
98441
21035
84955
90100
80456
74975
2912
73473
12885
13068
93931
52282
92542
10756
62990
69088
92511
65666
58468
46626
10520
34592
96044
46553
41256
64935
98443
51776
34666
6153
145
44999
41814
39605
79221
59620
4297
8582
92733
81800
96409
18343
48778
1871
17142
44443
64291
93264
79408
59414
87809
51512
54368
76253
80486
29837
24160
41378
89342
44355
94617
75977
19335
25106
91197
45004
44736
7519
95482
24683
76957
17688
57881
34604
24768
42957
62780
35647
6184
32728
59463
23270
99924
66872
94870
75208
23726
6866
36191
93654
69605
29207
81330
32086
9246
56046
59425
55159
12071
29041
27070
48268
60400
58241
53562
56079
20029
33645
97285
25363
4503
39641
66419
45138
73846
87855
39671
87136
71528
75775
61080
99023
36678
91027
11834
18303
60865
82950
8253
8274
21378
27658
46263
92034
27418
30217
86126
6168
36593
34273
30106
6496
96349
68618
56272
48369
73236
328
47887
84467
84410
52351
14989
64874
33203
71660
58466
33746
96629
25295
71593
22010
30200
93031
18498
7276
92793
8585
98854
68846
71671
41578
92393
30552
96749
32657
45625
18118
10919
39782
23357
20488
16651
56324
1197
85536
4609
58040
62210
85754
70785
26043
53910
99333
77150
35663
56444
53701
1383
90343
62292
56879
29910
44359
58152
49773
78909
1996
71063
32008
96182
63269
81912
22641
6982
81923
6601
7907
53639
54468
25106
7061
30596
76446
30156
44457
68300
61941
32043
11346
55577
621
19617
49241
31265
10576
94597
96733
2356
37617
6952
88588
70017
4993
16094
44365
26925
66817
31159
74121
11041
86672
4695
47836
10824
91456
90599
71581
18926
29941
92702
18670
69138
90682
2989
91022
99141
81213
15896
64931
45872
15117
20863
35188
37977
37798
41539
66833
37045
42667
9962
15908
32156
21867
17826
77171
45335
43733
17902
58504
45949
87455
40026
86429
31508
96885
45932
48652
45102
49178
47019
84117
65668
25743
9252
48335
82049
87653
43158
65269
83988
43349
93041
66550
70
11221
89225
40441
24142
49985
35772
17197
25787
34204
31313
685
34548
97750
26595
74860
33314
24667
43147
33240
63984
75492
8404
47708
32308
51746
23103
21795
97552
88524
51085
63942
43982
15246
95773
72879
5018
3884
56902
63937
23361
30350
86863
11758
28631
62512
53438
92009
11393
15281
89279
42706
15175
39744
47898
49578
21464
20220
6178
88293
17278
14524
62935
42171
63941
43267
77947
48709
37340
10475
77155
45299
82018
37233
93788
5491
55051
31722
19626
87829
16835
32847
61499
936
21385
11965
60696
41990
54791
99605
88394
30502
85988
10662
45377
34255
50285
79887
93945
8844
1459
57874
89639
68219
19061
92460
69042
68762
62747
55166
41856
99734
48084
84596
18027
6355
98111
92164
83610
81168
98435
4737
84592
97150
57338
94650
26225
73323
50119
27828
28136
44046
65893
82634
29068
8014
96462
84297
85019
41998
79014
11523
45609
53142
35213
10201
70780
22625
64219
50501
30219
92655
81055
3240
53385
21992
26198
70929
79315
31636
88928
21460
32911
49904
12936
35246
69444
22209
72481
16641
93850
79903
92590
65110
92920
52586
25356
87454
22039
54306
10219
39869
10473
86396
97718
84335
78304
51486
57378
61793
30912
57269
893
90969
92910
96387
42212
53712
59994
87921
25473
96346
10173
90981
12282
53733
88739
69983
68085
96847
76375
19238
83210
96320
48109
62539
40441
11679
80827
89836
53390
65517
51835
55800
97680
95934
4577
41784
58394
25521
44269
23037
73714
62862
19006
60893
16959
35931
94578
76169
91077
59213
94566
46362
34675
92557
78034
1671
78386
91530
20299
93507
53125
59235
74787
52811
83627
40026
48756
72125
95518
97954
32939
42009
66420
79517
15141
44719
27859
26342
46899
90897
56377
93385
19417
9941
67850
44372
97241
34934
45163
91721
52338
96173
15173
46121
57322
79066
73600
98782
36709
76397
98696
64198
12289
94567
12704
29462
75388
53112
55717
21645
2130
19383
1525
86215
74402
18722
85561
7981
30524
82754
62935
37689
48186
52026
21180
33314
44484
87373
95422
49158
82079
66330
44890
54586
31332
6000
33924
38915
21558
57541
26059
31221
48512
48528
88399
39690
46509
56573
44528
78519
12608
86534
4551
67698
81612
79027
67515
84384
24062
97512
56588
21028
64649
15726
72981
64730
84663
24826
90010
7271
1705
68062
52691
84612
78430
58483
29570
38994
81748
7847
16830
11901
30270
57978
52133
89092
18931
49160
93234
52600
68103
16111
44909
89422
47650
8052
98548
69733
49537
90448
40121
31858
74170
82773
55293
78559
8667
5042
63446
16497
67560
34561
86513
28305
30283
82464
39054
96919
43147
48401
87516
54670
49791
57720
75350
29776
14105
77528
80313
17587
31836
70343
58532
21422
42582
51994
63502
24518
33223
61585
34714
28054
47764
34473
69017
95881
77914
38078
46371
17422
17978
94589
36143
94184
86144
89633
40306
95495
53805
34221
75478
84595
9707
55625
95374
41857
79893
34707
24450
32463
13356
17078
10921
8786
86816
38908
12638
77274
71234
68021
64410
35847
73991
99808
72992
61537
47508
2622
93486
69380
70981
80826
60033
6887
63223
329
33977
59965
12126
67069
96507
89015
85780
26349
34529
59901
82235
30586
27545
41835
51436
51867
30723
98608
71427
75015
65229
4274
51747
74402
24993
3770
38446
86926
14197
66144
60846
75439
32776
75343
888
31244
55010
72260
85135
58611
53870
98330
16672
78734
82015
28467
38260
52183
40831
94136
90348
20744
11694
95118
45701
30260
13900
10060
60367
98399
53111
69386
49825
24279
47661
34976
91493
16916
9134
17254
50624
74478
72542
91547
6392
47976
58707
58774
52235
16991
31391
56632
85203
42204
32943
45956
93626
71262
10413
86585
89840
67990
14067
35397
63357
20786
51929
6350
87912
9047
35947
52779
27015
62383
5296
60438
49503
44102
31658
63929
3956
25149
14536
15034
69335
8563
29018
13488
34993
30550
19624
95505
95952
87830
94959
19532
62847
60324
2961
93457
63498
49752
24588
42871
63048
23177
42582
38411
1284
65490
82299
11746
56320
17708
65396
40701
85457
77551
71055
51849
17139
84692
67068
79577
28555
12621
23887
70866
28937
91584
78616
36330
98173
85082
29461
46066
45085
54115
68778
31945
64871
72751
77477
90115
84334
58895
48656
32194
7351
97442
68082
10027
3813
26866
29785
42252
22256
69874
68906
99364
6633
1658
79702
53986
8313
50849
60548
87419
8689
53207
85957
37877
87274
81479
33320
88059
16797
99403
33104
74616
51063
11254
32168
54175
51423
83340
2231
88501
16435
56316
68537
59635
8866
46249
30609
28659
24143
74362
62344
49573
5238
72547
92514
31924
68930
68258
66322
7987
48721
17565
81564
30369
62649
14411
97692
21539
30541
25144
54573
37639
61868
91445
88872
25796
18809
37760
35212
93340
56722
89028
9177
83180
78624
74303
46892
89627
80381
63613
73688
52366
14802
32429
53433
46224
32547
74870
80583
72427
76793
97350
20767
17317
98517
64250
53509
84628
96289
480
61642
33858
50877
63731
52408
90281
35272
54755
53942
22855
73520
45221
36475
35905
63350
18527
65907
21981
39636
66333
27818
44638
35550
67478
35932
9318
76690
67916
29622
58143
83170
38986
89823
44206
54086
8340
66680
76915
29777
51876
75276
96783
92496
42734
60793
99995
74970
48313
78643
39944
8085
95267
81088
49450
17821
14325
76103
99097
49442
66515
29388
82829
74532
36229
11036
89292
24098
33388
53896
33914
92507
47234
28434
5809
88868
26563
93974
27526
22167
82754
38941
32736
20926
56176
41908
40691
40914
76149
41575
30416
55725
71450
90734
76723
24914
46607
69138
85371
88975
30121
1616
23698
41571
52037
35904
1594
3236
90761
85150
78150
26431
43108
48575
29328
6557
49499
84894
57966
67573
3568
2838
75291
61919
14266
86216
72592
86685
59733
51435
17889
33398
54983
18587
71617
99738
33135
65521
30293
70852
81193
98239
24602
94026
4100
44000
62178
72750
34886
33959
33733
4971
90617
47783
71816
65677
63338
5301
33888
70351
83384
66746
72212
95348
159
55372
65389
62274
79338
42265
39493
77538
56919
29530
62925
53200
58587
94582
79905
42688
6179
42061
55135
71886
56113
45409
22720
49135
63591
409
25491
61162
68027
71952
1281
26512
20422
63184
43815
42381
46891
87960
69966
46052
6191
77379
48392
23795
95532
32015
80413
20701
84793
91168
5875
43111
14983
17241
70456
40402
2872
94938
37100
6463
31465
94918
80337
72529
49412
41425
10247
75981
90822
75960
96018
35113
97476
61581
3814
11489
78875
85610
2547
90419
50657
80292
7196
5555
62518
39218
84141
51170
8351
10070
12577
18145
18103
52424
83513
76827
41645
37059
43314
31115
96729
89198
53580
80912
28021
4597
74492
35409
99944
29496
84261
94093
92431
75656
70843
7557
22998
80550
10194
6917
91550
74470
75528
49519
67247
34976
17939
74227
553
44900
39561
78427
55499
27202
45615
7999
46137
57553
48638
56717
5868
69743
9631
19029
65826
58228
31750
15203
95216
64849
4583
86390
5917
15570
1981
3238
67217
86627
3300
6674
65807
76428
99515
32440
75585
86601
85425
61695
36069
36047
85961
51078
84152
36159
23640
20450
1684
79667
25822
31414
50710
56265
41479
47566
96185
78345
48860
47277
78689
29920
97850
99157
83689
3220
29
23537
72212
34814
69384
36414
24106
40207
52541
38812
15976
37992
80843
1869
77119
66181
69494
38754
44452
32398
16361
11674
76823
64686
64636
91094
14079
77482
97243
16613
31553
59117
25851
99834
60495
48121
81722
30494
39044
52801
43234
44313
84765
83335
83139
52886
20501
19702
64377
52576
46166
62208
3984
27774
51873
33934
15530
56375
30791
5312
53212
47928
63150
18471
80198
48353
56565
84414
37906
16526
11715
83254
92587
86191
58727
27832
82113
4581
47600
8017
25315
75770
2691
28127
93958
90611
85875
19728
90876
68170
86822
94036
93745
61704
77188
11368
23868
39887
60163
90058
83982
26443
80320
65293
52262
93431
29241
38928
63215
76247
29146
54346
89076
59164
20123
57589
27605
86746
2914
17954
83459
83231
74943
88918
32600
44833
91258
97342
63561
57628
6195
9987
47224
26093
12512
48715
85366
34864
14381
69538
51715
2985
19712
42376
52853
15597
44802
76708
25586
48914
50369
44615
93853
22701
72256
49034
3307
14794
6915
43016
55213
70018
76207
69670
97665
96449
47503
93158
59059
4178
76451
49812
91774
43013
43789
49357
85477
51192
69250
83919
67824
98874
75620
70939
74986
89418
21646
98888
25120
40093
87096
22028
37765
52501
43488
70046
42748
76615
82639
9092
60879
18549
51778
3734
62505
63816
45480
57175
85361
48373
97010
55749
786
18727
57667
54909
30158
40442
55068
40145
51445
38697
53517
9865
88780
10988
88294
75381
87725
29568
3423
8964
64309
2181
35581
89358
721
62866
1734
62956
400
49825
95910
55203
91804
25232
5007
11260
91161
92815
60363
80558
27170
84332
81879
12922
76243
89340
32461
22138
860
15504
55734
33521
94576
84472
83129
1864
6094
33695
89882
94356
43170
25918
67285
68668
48285
22236
70896
9730
61867
79860
34715
92058
61930
27519
70214
67027
48105
48194
24897
10697
83958
35429
15237
45906
15983
85852
58534
43821
62631
97658
3345
35298
83404
69721
93860
73587
9198
7158
76106
70340
59289
50854
70892
37290
94825
25411
28658
14009
87549
29346
2232
43360
81755
75507
79756
62565
72079
16189
4626
75597
52100
51098
83582
38438
9050
7994
94082
72585
9504
53261
86158
39307
59614
8622
58513
81350
60049
52758
2081
86322
62840
67658
61857
84295
5378
19255
84763
97522
89435
8351
89910
70750
41063
94605
31303
53624
26290
41424
97760
42204
26755
2344
68420
6659
64390
83154
48703
62560
19493
11084
82975
44600
70357
35651
27333
27239
83187
22731
13940
46685
2466
98519
12695
89218
70260
35013
29025
56803
77629
24432
97637
99969
81540
77247
87347
47553
7417
60178
42019
35990
11416
26448
97522
87939
73325
59242
3533
55774
65246
55306
22831
2459
16614
51534
99306
5765
92193
71779
15611
9694
83569
8877
78220
5786
12192
88378
98788
75837
29483
37842
11622
35969
25970
61657
2502
10071
3167
65922
61405
9633
67534
26420
5482
52685
85331
82495
14337
79950
47344
39059
65991
52210
31731
34092
69688
6060
32096
78984
86817
95559
50553
20514
57596
48896
648
28163
63475
85239
72059
15366
99948
73813
3258
87691
4375
99546
46958
65065
39628
88124
66546
43670
33826
26971
80404
36045
88082
15554
40960
33755
69709
92799
34350
80154
7692
84302
74602
90682
66902
64237
45110
90137
79370
25437
86905
61395
7941
85505
12311
55760
41629
14724
5980
33925
39420
67097
14632
16911
76937
93291
75672
17002
90662
41204
44310
32484
17151
86936
42185
89180
80388
9933
81949
17802
92175
70197
80641
47247
91187
88127
85165
22642
64351
95242
28058
61094
16068
29700
29233
2059
86105
43466
14730
39719
16663
32579
28565
97877
74444
89197
7918
7449
38473
14333
95083
51697
99026
77271
59579
42098
85564
2692
62620
99459
24030
90100
27697
76702
71802
8945
11955
7051
47759
67602
24431
59684
13674
64102
81469
49293
19501
91751
75031
85790
92685
38813
80891
96074
94152
7354
92019
34130
10527
51957
64705
93066
73002
6200
28428
94605
57506
64081
39231
17227
68339
97785
87981
38136
85095
7689
96104
12857
36990
2965
49892
18501
75274
92416
91165
17646
5726
36174
15348
60997
20019
71114
3566
62579
28253
92508
14080
85723
30632
29384
21754
89731
78694
51289
11939
3194
29217
1368
55072
67358
54090
63964
38931
25684
74513
40207
84707
18777
60502
13235
88575
18787
36241
11377
67061
66853
34966
66947
18617
3167
87097
31982
8493
95812
92733
83615
83326
73193
11709
76800
61132
27932
46849
43219
37351
76634
63161
44926
83775
55673
77658
23114
77589
49684
62162
2683
28758
16150
44391
73995
7593
37864
15872
19286
66381
38896
30837
2528
68604
65987
4468
68916
64525
62582
99475
8676
4866
86157
42044
80922
17955
33883
36663
94416
91154
58855
99846
97004
91133
50404
56186
83
95471
60604
91456
16177
11172
98757
52482
82026
59232
25986
81134
73403
69738
75120
56598
98206
43404
77318
97189
58860
96585
84881
72564
26448
87829
75695
55691
46944
79099
3656
79989
90725
34649
81372
65713
79683
87691
23889
72451
2341
31670
71028
86602
15270
50915
70043
93374
82044
80436
86824
27531
69689
88045
4712
68057
78628
40356
61987
591
73328
69859
41913
90297
46607
13114
22733
61604
23571
77356
34184
96301
99438
150
93303
49578
55713
88946
3504
73975
12618
17555
63917
35950
53484
96256
23040
85734
70901
5731
84868
27756
77049
72869
99680
95114
32735
313
72014
57205
36636
39979
99374
1412
42875
26371
14241
8008
10318
36097
45530
38799
74021
60607
12238
41791
54882
30481
75854
34787
74076
95219
10612
24684
21311
23562
55842
41181
15449
55439
95996
53417
57171
23352
82757
70020
23276
55726
43383
58085
88567
30415
47599
61362
54214
94935
36945
42195
7796
71158
32043
37783
17965
64462
21082
17341
1863
18840
94353
92526
65195
39382
61709
45214
71928
87174
72909
81185
43058
76899
13144
12267
89459
85967
89747
31804
36391
57698
36850
60127
87786
90024
44305
65176
77348
75520
90400
6733
38997
40224
16729
64497
58292
89124
74213
97419
17843
78521
99077
84591
536
34372
11917
799
63607
85553
94679
30670
58433
20369
5944
60249
32727
22817
51109
92412
62384
59252
25669
80989
36998
51382
26141
98066
93784
8838
88490
86658
46428
71371
21829
35251
15291
52564
29216
46731
50225
88858
13166
42942
35154
34757
99980
42873
52764
1380
63615
4310
10868
75584
75310
92935
25839
93310
48534
65342
15369
17084
78554
95087
32920
33729
13247
65284
79168
61034
76267
68621
11729
11390
15300
94143
99980
17682
302
63491
86933
51540
94671
21993
43595
50678
34626
48521
79324
53401
77121
92031
26653
49130
55931
56565
99764
23169
34139
3346
55423
19689
89669
76428
57480
66068
17409
65096
66251
50147
81182
81729
52486
11455
4983
59155
60959
795
88483
52371
52068
99379
20892
21983
76360
86425
28683
74004
22071
25955
66789
48408
836
55732
39166
60039
87518
53027
82048
20284
22372
97189
25249
3291
95419
65515
27787
74632
82222
3951
42340
76894
98349
79424
1357
8064
81480
603
85456
95742
42835
13023
78739
24020
49549
70629
89502
91425
31198
32639
94163
22497
18523
7718
52295
49059
21994
74608
85306
28037
64196
94367
71137
70542
91452
22771
62199
81424
31710
26481
46178
3032
22284
34236
35521
24427
79884
84502
99602
95965
38130
74909
67275
74136
72246
39334
19995
62621
71375
90633
88734
71275
64788
41824
76267
68362
66343
80505
10038
74823
83112
89165
61240
63920
18637
57908
1818
57942
72066
74073
99752
50844
25018
22292
23346
94083
62610
17942
82164
29247
18733
89219
22978
44741
18591
32367
99065
74162
27289
93047
35974
48586
53779
20567
73077
28897
76960
69751
87902
474
28306
84022
81269
91745
94080
37021
93509
20535
99020
59595
61561
97255
91843
79803
25813
64277
46387
11905
8580
79057
83411
74896
8677
44845
53939
9891
33314
97553
79064
99840
76843
50202
86258
43895
876
77104
38394
48156
53965
4644
17195
4744
72159
45527
11317
59643
56343
38553
96707
76163
77050
70567
76417
96698
6948
93578
55373
39580
89147
67437
31965
45131
88714
56806
7949
33087
47087
93428
53701
99342
31687
13916
20801
7771
88663
3493
75171
95662
26767
31206
178
20693
61984
85384
99564
23674
58770
57380
55404
76448
76488
95280
61239
16046
67987
16463
38075
29529
23551
21089
15945
89107
64959
23763
80768
23624
48488
8730
31474
6457
21134
29589
68383
22628
29619
3059
72324
56364
59278
76053
1009
1663
68192
84819
43642
66900
84808
22662
97710
96748
71744
14573
84732
49682
82705
29892
71564
22493
66655
6988
22991
97518
2522
61330
13134
44411
12699
36509
70065
3924
67625
21218
92670
54391
48434
94080
96284
15961
23195
60373
75588
2242
1277
57633
97480
10350
73397
94365
48452
43575
45390
3552
19330
16066
55379
62288
21375
36735
39412
87725
27500
2521
70666
9339
85306
99865
90319
38846
87547
91776
48557
56283
57683
52086
62340
24650
35777
37001
77106
77931
81918
76824
67930
5538
25521
42905
43199
67059
25335
54658
24912
69733
70764
52618
36385
58616
56886
58631
869
85118
6828
29743
83502
32326
81216
28922
28237
81837
39370
94718
68147
91771
67613
34328
47376
85566
82632
49875
13479
55495
92645
99890
31023
66711
41652
84996
91662
17024
57482
795
90574
68246
54787
3614
87647
91501
5184
82068
88327
19642
88245
14101
90694
78456
92938
46531
46039
22657
87954
83736
22504
84349
26202
98079
39686
85188
36420
13773
91063
1693
19122
87303
93616
53217
57986
77780
13843
90536
10660
85281
98195
84097
85733
15514
91529
28100
64221
98026
35302
25570
39565
30009
61532
44869
31573
65879
60828
58418
98392
96602
28688
15050
17205
72050
9759
62277
23361
4040
3292
91427
42240
67322
34743
25872
81774
55379
49686
53438
50702
96861
20639
97874
27692
73546
43485
62698
28461
90734
79834
15222
84522
3566
90644
45682
10169
91119
50558
7178
47778
71850
78540
48531
56902
74304
34206
85498
76301
49789
82471
97565
27224
37038
13472
3213
24312
64486
73374
30035
2889
52997
76732
88668
40465
25144
59810
41991
56013
23449
35242
43112
15698
10527
45268
4778
96149
17642
31915
5166
67637
5379
66844
12215
25673
68781
43746
59391
2944
79059
38159
73500
27070
79084
52021
12498
37660
88578
36314
13170
60051
57599
89326
88696
79515
25828
85757
9884
98587
88600
92894
54168
70130
96544
49457
82911
44650
19680
23835
40625
76587
36306
64095
80801
4221
29615
40408
99605
89988
73420
30649
1961
92202
61269
12636
47646
46941
51022
89417
36203
54381
66277
90354
60017
48856
61708
73300
59220
66167
68531
29992
27704
32746
86563
10821
78597
65321
78620
77734
34479
93808
57503
2588
60076
91382
23617
44054
18095
82193
20895
40863
92554
61340
52826
26051
22777
59127
63879
80899
96550
57537
42331
67892
86335
9908
76044
36541
65787
25567
73807
75095
99201
91071
39623
95639
39905
87825
99264
57767
9169
95891
63898
89704
94219
16823
63460
21113
38073
34433
189
15610
64182
95743
77259
53816
62914
72967
36360
99902
83844
6243
16913
24996
53201
60859
24749
99474
66533
26535
24217
60600
91670
89874
56439
14464
75675
90388
20750
14690
89378
66294
6031
58682
74020
94098
31084
71608
58505
52439
29012
90873
47696
90662
81887
24037
40953
46805
59751
36921
3312
60413
79958
52140
85624
33711
30502
60632
26181
39464
50605
16024
50620
21661
64846
54644
84868
26461
73193
41997
38087
96235
12444
17767
47240
43735
77357
81477
34443
77353
82252
60926
59857
63118
32820
14313
28073
87091
84779
14137
30335
67537
15785
91776
21907
83527
36137
43381
46949
98786
34382
80639
23605
33606
85697
83022
13356
23909
52097
74503
21702
21469
87351
97544
96194
80152
45144
76654
48683
97281
11340
92468
97696
91338
57935
5502
56789
3654
70348
82034
45181
9594
33521
48052
72440
86955
25624
65373
18059
47424
8499
48690
33291
95791
79990
82475
21253
84742
23989
34829
47030
17325
44295
14745
29194
35445
54809
82192
18281
7478
4753
88803
84691
49142
24428
43775
12945
38321
81599
34404
78726
45993
56861
1374
86250
64192
93188
21458
547
25481
39013
99051
87600
68148
60590
66716
64190
42223
4119
48176
86229
49176
15220
74492
79763
91448
24181
79483
13676
54204
66355
93769
35696
57680
4274
94872
21236
6780
42368
49333
2376
31710
28003
35191
65791
21161
80328
94336
71075
8653
48544
57586
66493
47556
85709
33722
23129
28600
47076
90888
98327
36427
27292
83739
43948
86376
89181
40988
68670
48771
92446
64144
43723
86974
8219
73207
60107
81298
83917
48697
72084
33220
29495
58086
78207
37627
2493
3094
56888
98612
49091
85939
95030
13435
72473
27125
82740
77849
64270
51478
27629
28809
9398
95185
90756
78824
81761
97059
97394
35842
76547
11708
21477
27645
27950
17504
43557
84570
85362
34600
17154
31065
74021
33359
33213
58501
34560
44637
31320
48211
16428
95504
87605
98129
23267
23424
28965
2952
39386
51836
48871
24448
17945
85212
54794
85172
39126
93170
62734
34016
43539
4880
46577
7994
19487
83376
27742
64759
21351
44981
77552
51061
39368
46149
60440
76345
88566
17774
85304
25337
74011
40994
5226
43651
57351
16549
15263
37133
95456
52535
14346
48445
12418
54444
86996
54309
86400
99501
24611
20777
13347
25113
1999
70379
60
81886
59521
54079
63133
89017
37631
98523
20195
33981
60292
1140
68638
6817
19020
88983
16720
39379
94197
49787
18382
92384
4941
85395
6960
40047
63140
797
38526
28441
77123
49318
96844
66195
44930
38898
79793
61045
84849
41211
81207
12526
35747
89235
76444
76445
11920
92841
7738
67710
22369
42247
82574
67017
82831
96807
97394
50692
52773
72086
95308
47242
54039
16276
30051
41723
64936
76369
84831
18160
90037
42809
94356
49207
41489
2895
18050
95427
61226
73143
5675
81900
7418
93924
49851
28511
15464
82118
46428
71466
38268
58163
84510
8910
48708
86246
68657
52848
74797
97315
98092
83141
80569
62706
75111
54558
75672
54051
47088
50097
14415
28446
6588
68600
57779
74779
29043
88114
60757
34374
87167
69047
78660
81174
80005
16094
26837
10405
90496
4485
10658
2979
37730
43009
29369
36777
71481
95768
24415
66131
90129
79956
98780
12450
18624
80614
6678
27946
19648
3053
80325
84662
18583
90242
83562
65282
31263
75611
75382
97104
86546
81667
8449
21841
83536
55848
39612
53395
19496
42888
18041
49115
44854
64063
50128
49605
1203
25929
83149
3838
45442
82662
41982
45804
4514
34501
25264
28102
20741
19595
53647
29329
37250
8909
68020
11695
72346
13921
14504
3354
90720
82712
4250
50138
65440
25039
60607
97312
88316
1259
2103
16611
16987
91942
35589
94415
51512
79779
26811
36935
72558
50699
1627
97220
27267
64091
23948
57949
98377
83453
78868
61681
92442
41393
17206
39162
67688
953
32625
94444
7786
69620
64770
80215
88382
72989
15654
88866
41841
80952
24805
21713
28301
94585
30396
7189
76774
76260
10645
66914
34262
56780
94067
50635
39031
8908
42031
61344
77535
39372
90614
28043
81433
74051
77729
44467
26978
83925
18559
63112
48371
31372
15324
51392
60308
47862
46638
96250
56482
48404
72833
75480
47368
8548
39829
50362
76600
79099
16258
4539
75946
65167
66913
16627
71857
92256
26701
62104
59937
83701
12015
76968
36623
45628
56019
16958
89058
23549
62866
59434
32926
51985
49195
97853
51181
16600
1230
86747
98901
85622
88185
40309
27565
71794
20445
93760
64542
4005
7814
33780
72660
17843
79880
31571
1756
62852
42
7866
56444
2659
70956
51194
75856
60784
15131
16523
25386
55080
35701
91572
99359
24780
97741
92771
62207
90538
63748
17727
99551
98524
14955
19143
96326
38885
49519
91389
30623
66452
92042
60973
38792
61284
89385
28940
76444
3322
14232
65127
24292
15630
97918
71957
89900
86616
71334
61162
6291
35890
14995
94091
28857
2951
71825
73805
19754
75832
85366
41408
31571
79897
88677
45527
72155
45333
44205
90957
91279
44242
70177
42895
46299
55258
80133
38456
38648
81243
77394
65493
34517
21640
24773
26537
16436
11530
63397
32316
7731
26110
14425
46882
12899
62199
96658
28012
23078
4196
38691
52521
61855
24344
33283
67027
50987
75947
79462
39073
94341
61339
99587
75400
53004
58681
36976
29194
44461
32845
19733
97010
90802
55737
78766
43649
51720
24889
98717
93732
58559
65111
14401
35934
39808
96471
48930
33588
49500
45406
1435
59743
48585
75689
36413
84844
58698
98195
23631
88062
75221
90336
48915
70384
16098
71252
74398
29967
20856
33299
34844
8645
2330
30336
64523
61443
48220
67597
62863
70421
17565
29164
65937
83575
45304
78252
85739
94484
69325
85855
43231
86497
42559
35355
64976
52880
29539
38953
33784
39383
59696
15040
96489
83487
57993
14393
42804
38914
81843
94655
76775
1152
20813
13585
15578
10850
21895
16172
85393
94281
74455
42139
13096
56252
71235
53433
24203
12248
97446
84571
91828
86288
51884
19338
65880
94808
83760
25895
19736
82023
432
28530
87328
88222
8198
54805
9368
75580
3043
71852
49188
65897
12643
70724
94254
57919
41506
51163
12209
42753
15078
70096
79325
98461
19763
67946
41803
16249
57778
64071
47647
70357
89980
96703
8739
15171
98119
69811
54303
76316
41937
17860
81564
62049
55179
42457
63602
74538
18830
36831
90369
38161
13100
41833
93657
13286
81828
13875
12315
17225
63192
20957
69551
2626
59051
96770
21405
56216
60290
7011
92724
35847
95545
68470
2465
70784
70131
17552
4563
95651
31546
70064
58279
91114
56625
76065
72352
19082
71133
10948
30407
13486
39585
75133
63018
57060
47084
44983
28197
38164
69162
60743
9856
97763
28067
31049
14499
49929
5650
41467
63844
6076
92375
3977
91086
36676
95894
66079
22518
35538
3240
36888
90297
17156
21922
94648
24169
25341
30471
98379
78880
54532
9547
71972
61566
85007
71002
40362
48159
39906
30844
55794
15377
60689
68446
24861
45105
56830
64868
983
176
36200
65660
29829
23705
92844
4148
87125
58415
94813
31978
7765
32315
23087
30987
33621
45692
36375
75169
4296
26990
58234
20084
30870
42433
56399
2578
35699
65175
39002
80092
29792
750
61405
60764
30350
36482
42311
42084
17108
78327
87729
76490
25862
18360
62377
71939
45726
49615
4086
86949
85684
56443
34933
98423
56955
58825
66814
97849
91724
90008
57495
47413
26894
11326
28695
99544
505
38554
16118
86385
28594
48405
13958
51961
60116
24804
55837
18219
88561
18416
77845
68070
91204
65472
92992
60870
57190
77978
31369
80372
22369
82788
49878
34098
45838
30823
37289
34357
61659
69227
97559
86091
93994
62846
24022
36336
13161
50454
12345
66224
14340
56278
25767
91779
74619
47351
16566
3270
61432
73538
54313
89647
57890
37628
77943
25664
10701
32629
19084
91525
2719
1827
81563
95278
52978
92332
30286
13168
62860
47918
52941
42978
68529
49417
54819
33888
41772
64011
20911
75628
99128
24053
78619
44571
70701
52458
54645
31091
93829
55610
56291
47725
41635
19433
11199
59371
52798
88035
27390
89452
93735
71664
48761
85947
6588
1703
25485
27812
19263
77158
81305
3925
70283
32738
4494
99010
65325
62070
94932
19012
12657
84358
95088
34676
6510
15088
27807
73604
30143
8231
30188
11506
14880
17891
42928
36228
24464
29069
67326
95370
87947
83844
97838
93558
11254
53406
95122
1409
95370
15411
84292
65152
22208
76315
24993
94344
98970
98968
41865
5373
67729
60107
24530
29423
70578
13743
72730
84176
16893
28539
17635
80154
73167
12366
34513
64598
4517
97277
34441
72504
15049
65851
3959
57905
60532
5268
27917
6492
60950
37882
88323
98684
97336
62110
57139
76878
6197
7136
84634
3145
9585
40562
1833
64781
78715
57574
58067
73126
88864
63711
85075
62252
49675
73661
80604
71789
30153
38329
58768
71315
76399
52018
42858
58654
38750
86611
92323
80249
78170
53150
98763
31260
96363
8906
97221
71856
65039
66814
58874
31451
95252
97429
29233
10910
46382
23178
1155
38179
24217
10235
72780
5721
89388
57319
36880
18097
97752
85592
36046
49394
10500
93594
11945
96633
55963
14832
21968
88576
81210
90080
94567
48108
11842
93383
5203
89790
98861
20940
78065
4737
58351
27270
1390
95183
90593
58760
95357
40145
81411
83186
96898
41715
17603
99611
36877
91737
15185
68434
61701
16311
27240
68726
41375
63022
15730
92625
97790
28211
40198
82348
83443
86126
81424
48755
8683
54509
45805
35666
18937
77482
78495
93150
20129
91808
49865
66632
31862
81619
56421
3984
54636
40305
43889
20611
28698
46271
58110
64272
29332
41546
7926
23859
34891
27768
84048
11441
26461
13688
89485
77497
46849
33602
72098
48246
22438
50407
95797
56239
65223
12305
35151
26175
34549
43493
81051
10597
77438
89969
91501
95318
26007
88917
51973
93246
55706
4039
57716
86246
5510
22889
42496
88349
98972
64307
24831
70068
7055
77972
27368
12169
63989
43574
88532
54740
72669
6056
47719
77667
49866
27848
63633
19755
27650
25636
91098
88774
79603
81331
6314
43699
2067
20666
21169
70695
2448
56302
58786
11554
20682
45513
67552
24254
47118
89317
63083
67258
88191
73067
33013
71810
94917
31526
64504
19930
56539
46061
84518
24040
63947
81754
82671
49758
53445
33951
31444
4373
42432
3093
83685
64391
34497
81941
39005
88029
10893
58491
57667
84492
57969
3345
2903
68267
45833
49286
12531
71124
79357
93143
22747
88606
58608
61780
33585
88332
4445
57686
3392
25938
30614
53526
98691
44417
88949
58436
1973
42682
55490
36109
33036
57359
82694
77000
13414
38975
81959
96498
61279
24066
164
35325
77656
78475
5326
23204
70469
82605
38141
74071
50096
31843
80624
46889
97392
657
84032
72060
32105
31994
9075
92223
35625
73643
41808
86757
39890
34547
60149
36802
70368
6645
82010
99204
47851
71331
77961
29653
41169
65978
56580
81926
849
75975
74582
13054
25362
57853
75958
14156
70332
30370
17064
88881
5158
76953
5023
61387
99821
51348
79996
83731
78017
74823
83147
83238
6188
45014
22869
59547
54134
50647
81803
78214
62866
8130
26852
926
57770
91272
47395
99829
1988
99098
52503
97845
64521
73188
64024
59974
39146
65566
93324
40094
38330
75488
40075
27991
7851
40439
97284
94680
44280
97131
45181
64105
8290
20112
39812
8544
38202
52621
58414
34817
9784
30236
23799
31772
2121
89725
48340
82037
81269
14243
65824
49128
10557
10836
76798
66337
64438
10692
80573
87647
41230
94478
46094
91284
48849
19560
84260
92707
52947
2524
21608
48767
36834
11606
28334
68342
85573
20463
4201
98614
5669
93005
53119
18258
80276
81053
74203
5427
41296
41917
33408
28547
86390
77209
45583
13502
49336
52586
99505
42570
35993
59020
31469
6906
26549
4659
29931
226
19172
89716
9082
57181
25822
79967
72792
21951
88349
14053
95742
73663
67103
7374
13921
80043
46677
99041
83511
83694
73909
56416
6628
49810
20171
94002
22351
8299
77061
25733
56379
10063
36319
98632
47128
61978
7806
16183
92296
56437
2041
62697
87429
88103
35835
25053
62550
59232
57009
53900
9650
64390
14198
68301
95522
2343
52763
93252
28732
67218
86255
659
76271
76469
44076
20903
98376
19394
11678
40419
32289
72240
48456
43567
55513
5906
43668
11132
87139
43759
17323
27399
28566
53527
14501
65484
88930
46590
72473
480
15196
20650
70003
25835
54645
66103
22794
36479
70539
59171
44366
35603
57703
68832
9878
35029
11035
11239
29744
53595
6803
16103
55286
70353
65560
3306
91056
56219
18675
54680
8819
81253
47057
7894
42876
70141
73874
48183
67380
82685
571
65371
6942
88497
32096
98045
49198
60348
78564
94087
8377
15233
36821
57269
79407
48327
75929
42590
77585
89237
61841
99234
22342
55100
5362
42879
10469
50311
86202
57716
94382
1138
92802
83477
51080
85164
29806
93762
4217
31798
30620
15061
91487
52910
77975
89999
45907
47630
15774
8493
22782
56440
89700
83141
7614
67355
35257
91702
64066
81141
87577
86120
18178
24066
38209
86777
10222
17026
39511
93613
83462
90742
60964
94807
1123
97522
61436
24873
1983
5291
16439
22830
9623
14749
24723
77952
80443
30132
55913
54935
88501
51332
72211
15093
1461
29991
85302
40482
55956
19839
56837
90817
18433
18640
17624
75677
44722
47611
97551
9168
33547
31203
87698
55614
78696
81223
67219
93472
34589
20841
4272
88424
1600
33959
21850
92669
80548
14788
43694
11281
94013
20697
75520
32406
38400
80371
4677
9747
88826
43771
53502
66692
11402
44187
71818
42474
17863
17075
1052
1017
96466
97774
86480
39449
56234
96000
84323
88566
10108
55721
79878
64988
26182
87839
86702
62665
19567
66490
93490
96338
89791
68770
56220
71619
82448
23840
26901
28850
52789
11423
71489
87929
68006
10517
99433
43518
64621
49347
51695
14711
12001
21692
54033
79528
58757
12448
66076
91708
92206
66544
53554
60607
97760
1179
30505
35688
50286
2749
33749
14924
76543
54249
37523
40012
17525
58442
22067
92035
63187
44735
52954
29025
54763
88706
8818
20801
14487
20933
45358
81874
89802
28353
35268
36870
78686
80056
67847
82291
62981
67903
65538
29250
86240
90534
5243
34415
63826
35525
52138
24463
53564
33536
18033
20598
42012
10633
90804
17522
5340
19751
5778
16460
19111
11995
86300
85435
35373
8356
19221
85316
8056
3896
95646
95558
63570
4742
8376
39361
95305
5272
39406
1209
28937
62657
15386
46919
352
1132
48928
79200
93098
41381
43482
64517
86553
6414
93775
74509
18339
20033
80909
86900
64527
76794
59361
63440
27279
84696
84005
6002
75028
63756
55941
49739
56132
23680
44277
72815
39737
52863
70622
86641
44442
22031
5735
53786
10906
72105
45403
58066
33754
12801
99298
54474
75696
10284
42650
30582
31333
79530
73037
19291
53614
90057
12056
48618
14140
58277
55328
56158
22402
61650
34485
76362
37173
64449
66542
28391
25732
70633
88168
20513
52079
94390
93288
50947
52500
68653
82247
59678
11708
39005
70626
54287
90141
93935
18593
61201
90863
27203
95504
90818
13660
66643
76004
61686
54146
97005
97329
67309
82576
71922
56159
70219
78689
47806
68580
61184
28317
65633
46093
52378
6645
86747
36065
47665
77590
73998
69502
83791
11219
96516
70017
75145
31506
4208
64554
48768
26646
64230
25630
21281
73345
14739
32020
84139
97717
95089
32530
60893
25091
80306
39885
45953
388
69407
37772
12285
10488
27093
17436
83850
87000
67985
21977
90336
32400
58738
64503
1566
69561
48936
40638
46042
33111
24062
49599
96041
98364
53682
81207
43003
57179
75799
79368
52870
94038
72714
20568
62020
41188
11594
91509
9190
96509
30789
85824
39977
82401
90100
13814
39406
30164
15027
92038
31891
85523
36790
31241
24575
80958
33285
77728
56361
32094
85285
63715
42096
77872
85182
36803
59295
14982
97695
24297
32926
59401
26328
94128
65901
19690
90168
69168
77217
73550
30688
69293
89521
42539
12421
17128
82528
13795
44955
35576
72356
4064
65226
95967
34675
34524
53281
40482
62234
39134
65286
34202
34430
2318
95852
74401
21054
48087
42716
14701
41029
2140
21475
4898
32031
43830
49136
55402
1303
563
25305
29303
50303
75645
89043
10196
46564
58542
15446
77074
87617
1247
2211
23031
65494
15752
91609
72732
86447
90519
13930
6385
30765
44035
59862
56312
15259
53248
85463
46052
70
12758
73970
29876
897
96018
37444
59072
46320
92211
51866
69768
80832
24511
45143
28097
41195
91836
4130
55903
91458
95321
67592
53280
12113
34539
31374
73932
97529
57352
95618
31274
52023
76691
39441
7176
15028
26431
22872
79347
93624
26230
98973
90981
35898
56078
28607
53556
47439
83427
47143
72679
3970
30366
56291
79037
57057
25083
1031
32109
34067
56511
17091
90957
71214
21791
66098
60260
37988
4169
36323
19359
70574
96517
62944
96535
34796
81237
2982
46831
84801
65161
73834
64519
19467
80176
68529
41715
82615
14377
72366
46589
91043
53050
64037
89897
14186
1660
82091
2222
47351
5729
53168
29143
94492
65250
56098
33103
88240
23161
22994
65748
65217
59810
23196
52184
49256
26948
33238
51458
82243
43350
72378
25748
69387
17923
9373
73029
1628
106
64787
76672
84804
72030
43126
43760
46542
30744
99603
3236
41799
69497
50007
51147
51222
75239
41715
77235
43953
64557
7218
14822
74392
841
25718
48884
54763
5692
54230
44364
18708
53549
83752
45182
59179
75449
15516
55912
25279
13830
38175
13897
60305
28045
9383
39510
28615
26784
65897
97263
10981
60824
60453
91797
68363
61777
52821
9926
38146
83947
65476
16407
21046
90022
41118
9584
45445
39118
58030
48235
2175
84380
63609
29600
26872
86744
47455
35215
54538
29503
16529
80349
31190
20726
79805
61002
38621
99003
55534
38706
53837
96523
11836
40393
11997
70096
74874
41381
72207
16106
67755
83834
20187
26907
83616
36788
43393
76758
455
54032
56079
72670
82896
24330
17850
42926
8388
66260
94047
5450
18743
32643
64388
89432
29232
62299
98342
67253
55130
18750
39678
6495
50595
93831
94665
15678
92957
63827
41942
96062
46962
50216
47804
62169
18090
98167
10533
83049
27817
35377
91345
41161
16634
80921
57420
23877
52665
52811
11298
53351
19923
10875
90968
70457
34419
2160
57972
7902
31926
67272
389
96877
51289
20670
97806
95495
85717
29522
87098
21167
25535
63840
84121
48807
11408
30990
82900
8185
4977
94178
810
58244
49333
46007
4838
80921
96406
79127
88327
29758
8266
90459
65264
11356
82042
83592
77677
95302
64639
43260
61986
76158
56720
69569
48429
28678
31513
91631
19770
81572
68292
38891
6325
28877
71307
38487
96665
89092
27062
56004
13774
85465
33418
97185
80245
53276
59205
5503
93554
50005
34597
27032
29042
19254
94750
14894
17631
53183
36776
69197
97356
79829
32975
9296
90855
78703
47622
73733
53609
20351
15980
93107
13816
99282
49644
98076
25096
87761
41151
75855
67314
23145
65020
10196
97233
88082
29843
21562
11323
83001
61320
9828
43745
43899
62810
20757
13336
41727
97757
19180
9889
89381
8855
88934
84042
28334
21715
43896
51321
74175
99185
44648
58911
88584
71621
53969
90728
99776
95419
31369
6741
99674
43425
60271
30324
48204
31813
64812
60836
63844
8300
94293
58943
90954
77190
79206
70435
82901
48330
78595
41026
94547
56182
95220
36707
94032
84649
29603
6338
32954
63612
57014
42830
34520
63158
3986
47822
35224
56638
29181
22686
94405
13251
79951
98196
57806
7869
88681
97027
54612
15014
27664
51630
92305
58440
84278
77807
50229
86481
33575
92598
32352
81766
22792
25046
52906
53741
24194
86964
39542
37724
85807
93674
95246
19795
88529
2297
8393
21036
79776
74803
64266
47477
73675
77095
34230
15002
26019
86139
74719
5204
1830
47369
61269
11180
59933
52043
59388
25831
68959
80534
97357
90660
49133
28069
52479
96282
26221
26441
17319
67698
16571
73837
53207
653
36453
41056
74123
32774
36268
83025
53477
27401
77766
3504
7069
17673
6028
52051
77291
65667
4999
12198
99873
69597
86289
18607
76888
90943
27999
17557
90630
58339
63526
51110
33893
33842
81756
38351
76033
99577
6726
65365
64156
12985
34804
81104
88888
10123
90692
42322
20243
61313
56288
20866
9344
84868
16086
25853
91984
95909
59421
74410
46494
50825
56378
96166
80734
98592
69396
83238
36722
76791
35574
25535
13207
99112
95957
49218
38536
21946
19234
10003
4311
63696
3457
21800
34867
34039
21744
641
54030
20233
53704
47904
49835
78786
77933
17369
64426
22482
83347
62907
44514
93074
14142
15264
62785
8799
83024
4713
58008
60258
27189
50776
64300
48820
6078
51975
55312
91861
15460
92568
20743
5434
20438
32759
57719
79037
17592
51101
10789
41063
30059
39164
84572
53098
37068
39391
79226
17918
76373
59107
18845
17218
96193
69957
93899
36458
58570
10383
39489
98242
91911
77536
22198
53383
41565
72943
85573
49135
74194
48710
65275
38451
40514
35103
60998
86550
1758
87414
66685
32431
99741
39762
6195
7167
3235
548
46109
6503
15514
63186
24953
4268
69379
74223
93322
16220
76497
88519
6255
81324
25382
86597
90163
67174
99400
49259
21831
53935
51637
93967
6362
96417
67563
5579
87680
99473
72113
93493
95270
44721
78740
41176
5780
53376
55322
65275
17117
16392
41184
51341
90897
16854
97542
94664
65197
28446
20728
51740
66461
15911
2397
44019
75236
48566
45382
10249
48360
51269
11420
98377
66091
31332
42756
83126
23589
70160
17412
27679
52047
52572
76026
8547
68462
90770
69002
23915
88981
31225
68245
52782
30101
53856
51604
61106
1223
63362
44497
44720
98511
35825
32026
75795
9988
18971
93841
73932
63989
68838
38717
77360
18049
72807
22210
21412
93305
54728
92472
95756
6234
50417
85435
27809
50331
4098
4789
42327
21235
41314
3954
56719
46542
65978
57859
42812
36695
78896
86042
8454
97184
12212
77446
77385
39829
59695
58348
57190
47876
69287
47674
20250
3988
30705
56364
80272
28811
7416
8211
6849
74564
87910
20401
86853
32842
47137
23161
49784
27555
16213
25355
85607
66403
58975
80045
19520
81717
2209
66978
56552
16920
61792
32267
44813
39995
17306
60755
87586
21984
71229
23868
71485
98078
9039
5090
53967
47948
38476
61693
61790
66388
50661
82592
80444
80470
61797
39171
99666
10334
8300
89004
33945
11914
67347
65164
80430
53189
9337
96067
18964
91320
24733
69062
24378
83207
85224
28553
74647
54538
53478
49683
81040
38966
85669
49522
17520
17895
21864
52506
46698
19805
1066
93354
20292
69044
41341
59740
27765
93446
93846
31449
2012
53217
87104
195
29006
61305
72675
16659
77366
50198
17138
26277
90025
70316
16149
60217
99242
69017
16485
80465
54221
60911
31383
30744
53524
42024
56351
83422
6588
34891
26408
80502
34978
27250
73732
22414
18709
27381
74479
86361
40253
59005
84299
9325
29671
58821
60945
18600
13125
13607
79637
57772
45512
34705
70692
76065
57112
11728
79924
23106
54238
39784
22852
69774
74334
33959
8408
60259
68754
20405
68397
6898
54531
85994
89131
57739
80058
33347
55064
68740
41294
86289
53978
9481
7322
6804
33750
72788
64478
70960
5516
99828
86698
22744
6427
64743
79429
875
27566
6562
9974
3193
935
68602
25231
53952
3417
47660
42613
12397
10016
5532
73919
28058
10293
42697
89860
53626
67634
43615
34767
18473
64739
82874
90902
75138
63853
1469
70426
61990
72512
56652
33702
70507
11396
77323
27815
89320
32661
32983
17213
99395
46775
35405
98909
35712
91410
85812
89975
75555
92773
88581
29935
85896
62761
17149
11881
10881
37786
75983
71623
43409
67275
82939
25083
13556
42522
9540
42238
70405
